0.0029485225677490234 -0.01745327777777778
0.008844375610351562 -0.05235983333333333
0.01385188102722168 -0.08726638888888888
0.02044200897216797 -0.13962622222222223
0.02636265754699707 -0.17453277777777776
0.031106233596801758 -0.19198605555555553
0.03688478469848633 -0.2268926111111111
0.04177665710449219 -0.2443458888888889
0.04795360565185547 -0.26179916666666664
0.0527186393737793 -0.2967057222222222
0.058583736419677734 -0.314159
0.0635519027709961 -0.314159
0.06995630264282227 -0.33161227777777774
0.07569098472595215 -0.3490655555555555
0.080413818359375 -0.36651883333333335
0.08632063865661621 -0.36651883333333335
0.0910329818725586 -0.36651883333333335
0.09685564041137695 -0.36651883333333335
0.10180807113647461 -0.36651883333333335
0.10788130760192871 -0.36651883333333335
0.11360359191894531 -0.36651883333333335
0.12006068229675293 -0.36651883333333335
0.12578082084655762 -0.36651883333333335
0.13051056861877441 -0.3490655555555555
0.1364593505859375 -0.3490655555555555
0.14139604568481445 -0.33161227777777774
0.14701318740844727 -0.33161227777777774
0.1520552635192871 -0.314159
0.1578986644744873 -0.2967057222222222
0.16273713111877441 -0.2967057222222222
0.16956543922424316 -0.27925244444444447
0.17436528205871582 -0.26179916666666664
0.18009138107299805 -0.2443458888888889
0.18581461906433105 -0.2268926111111111
0.19086909294128418 -0.2268926111111111
0.19673514366149902 -0.19198605555555553
0.20166897773742676 -0.19198605555555553
0.20749282836914062 -0.1570795
0.21234726905822754 -0.13962622222222223
0.2181713581085205 -0.12217294444444445
0.2290647029876709 -0.08726638888888888
0.23608016967773438 -0.05235983333333333
0.24114274978637695 -0.03490655555555556
0.2471153736114502 0.0
0.25209975242614746 0.01745327777777778
0.25805234909057617 0.05235983333333333
0.26282501220703125 0.08726638888888888
0.26856350898742676 0.10471966666666666
0.2742619514465332 0.13962622222222223
0.2799646854400635 0.1570795
0.28568005561828613 0.19198605555555553
0.29059624671936035 0.2268926111111111
0.29654884338378906 0.26179916666666664
0.301499605178833 0.2967057222222222
0.30712080001831055 0.33161227777777774
0.3122291564941406 0.36651883333333335
0.31816864013671875 0.38397211111111107
0.32411766052246094 0.43633194444444445
0.32983875274658203 0.47123849999999995
0.3356194496154785 0.5061450555555556
0.3404252529144287 0.5410516111111111
0.346508264541626 0.5934114444444444
0.35143494606018066 0.6108647222222222
0.35701489448547363 0.6632245555555555
0.3620760440826416 0.6806778333333333
0.367887020111084 0.7330376666666667
0.37375736236572266 0.7853975
0.37948107719421387 0.8203040555555555
0.38425135612487793 0.8726638888888889
0.39002418518066406 0.9075704444444443
0.39577651023864746 0.9599302777777778
0.400526762008667 0.9948368333333333
0.40660595893859863 1.0471966666666666
0.4115605354309082 1.0821032222222222
0.41739702224731445 1.1344630555555555
0.4231393337249756 1.1868228888888888
0.4288449287414551 1.239182722222222
0.4338524341583252 1.2740892777777777
0.439577579498291 1.326449111111111
0.44476771354675293 1.3788089444444445
0.4502601623535156 1.4311687777777777
0.45601797103881836 1.483528611111111
0.460752010345459 1.5358884444444443
0.46686458587646484 1.5882482777777776
0.47177767753601074 1.6231548333333334
0.4784727096557617 1.6929679444444443
0.48348236083984375 1.7453277777777778
0.48909997940063477 1.7976876111111109
0.4941067695617676 1.8675007222222222
0.4998488426208496 1.9024072777777776
0.5055849552154541 1.9722203888888887
0.5103194713592529 2.0245802222222222
0.516038179397583 2.059486777777778
0.5207479000091553 2.1292998888888888
0.5280153751373291 2.1991129999999997
0.5328409671783447 2.251472833333333
0.5385258197784424 2.3212859444444445
0.5435214042663574 2.3561924999999997
0.5490069389343262 2.426005611111111
0.5540602207183838 2.495818722222222
0.5597846508026123 2.5307252777777776
0.5654575824737549 2.6005383888888884
0.570253849029541 2.6703514999999998
0.5770890712738037 2.740164611111111
0.582190990447998 2.8099777222222224
0.5881288051605225 2.8623375555555555
0.5929028987884521 2.932150666666667
0.5986297130584717 3.0019637777777777
0.6036288738250732 3.0368703333333333
0.6090855598449707 3.124136722222222
0.6140892505645752 3.193949833333333
0.619797945022583 3.2288563888888886
0.6306812763214111 3.368482611111111
0.6379153728485107 3.455749
0.6427147388458252 3.525562111111111
0.6486766338348389 3.5953752222222217
0.6536672115325928 3.6477350555555557
0.6595039367675781 3.7175481666666665
0.6642658710479736 3.7873612777777774
0.6699826717376709 3.8397211111111114
0.6766483783721924 3.9269875
0.6816370487213135 3.9968006111111105
0.6874690055847168 4.066613722222222
0.6923296451568604 4.1538801111111106
0.6980705261230469 4.206239944444444
0.7028334140777588 4.276053055555556
0.7086682319641113 4.345866166666666
0.7136623859405518 4.415679277777778
0.7191152572631836 4.485492388888889
0.7241470813751221 4.555305499999999
0.7306172847747803 4.642571888888889
0.7365531921386719 4.729838277777778
0.7414555549621582 4.764744833333333
0.7470095157623291 4.852011222222222
0.7520325183868408 4.904371055555555
0.7577939033508301 4.974184166666666
0.7626152038574219 5.061450555555555
0.7685351371765137 5.148716944444444
0.7734973430633545 5.201076777777777
0.7799806594848633 5.2883431666666665
0.7856650352478027 5.358156277777778
0.7904138565063477 5.4454226666666665
0.7963488101959229 5.515235777777778
0.8010835647583008 5.567595611111111
0.8068125247955322 5.654862
0.8117280006408691 5.707221833333333
0.8175311088562012 5.794488222222222
0.8223786354064941 5.881754611111111
0.829026460647583 5.951567722222221
0.8341042995452881 6.038834111111111
0.8399896621704102 6.091193944444444
0.8457553386688232 6.178460333333333
0.8504698276519775 6.248273444444444
0.8563785552978516 6.335539833333333
0.8611044883728027 6.387899666666666
0.866863489151001 6.475166055555555
0.8717348575592041 6.527525888888889
0.8775556087493896 6.614792277777778
0.8834874629974365 6.6846053888888886
0.8894553184509277 6.771871777777777
0.894237756729126 6.859138166666666
0.8999161720275879 6.911498
0.9056313037872314 6.998764388888889
0.9103946685791016 7.0685775
0.9163641929626465 7.155843888888889
0.9210736751556396 7.208203722222222
0.9268100261688232 7.295470111111111
0.932612419128418 7.3827365
0.9383437633514404 7.4525496111111105
0.9431047439575195 7.504909444444444
0.9490513801574707 7.592175833333332
0.9540586471557617 7.679442222222223
0.9597668647766113 7.731802055555556
0.9654591083526611 7.801615166666666
0.9704082012176514 7.888881555555555
0.9762747287750244 7.976147944444444
0.982191801071167 8.045961055555555
0.9879646301269531 8.098320888888889
0.9927651882171631 8.185587277777778
0.998471736907959 8.255400388888889
1.0034587383270264 8.3252135
1.009092092514038 8.39502661111111
1.0141165256500244 8.464839722222223
1.0197978019714355 8.534652833333334
1.029611587524414 8.604465944444444
1.0382897853851318 8.778998722222221
1.0431170463562012 8.831358555555555
1.0489907264709473 8.918624944444444
1.0540292263031006 8.970984777777778
1.0598645210266113 9.04079788888889
1.0655550956726074 9.128064277777778
1.0704655647277832 9.197877388888887
1.0764014720916748 9.2676905
1.0811259746551514 9.320050333333333
1.0880627632141113 9.407316722222221
1.0928442478179932 9.477129833333333
1.0986988544464111 9.546942944444444
1.1037068367004395 9.599302777777776
1.1093881130218506 9.66911588888889
1.1158676147460938 9.738929
1.120596170425415 9.80874211111111
1.1266810894012451 9.896008499999999
1.1316533088684082 9.930915055555555
1.1383988857269287 10.035634722222223
1.1431539058685303 10.070541277777778
1.148864507675171 10.14035438888889
1.153867483139038 10.192714222222222
1.1595842838287354 10.262527333333333
1.1647493839263916 10.332340444444444
1.1700992584228516 10.402153555555554
1.1758320331573486 10.437060111111112
1.1805706024169922 10.506873222222222
1.187913179397583 10.576686333333333
1.192685604095459 10.646499444444444
1.1983997821807861 10.698859277777776
1.203399896621704 10.75121911111111
1.208848237991333 10.803578944444444
1.2138454914093018 10.855938777777778
1.2316830158233643 11.013018277777777
1.2614569664001465 11.327177277777778
1.2738544940948486 11.431896944444444
1.2836918830871582 11.53661661111111
1.2955825328826904 11.641336277777778
1.3007392883300781 11.711149388888888
1.306920051574707 11.763509222222222
1.3119299411773682 11.798415777777777
1.3176319599151611 11.85077561111111
1.3225717544555664 11.885682166666665
1.3283886909484863 11.938042
1.333404779434204 11.972948555555554
1.3467621803283691 12.060214944444445
1.3564651012420654 12.16493461111111
1.3660597801208496 12.217294444444445
1.371805191040039 12.252201
1.3775842189788818 12.304560833333332
1.3825745582580566 12.339467388888888
1.3883922100067139 12.374373944444445
1.3934211730957031 12.4092805
1.4000296592712402 12.444187055555556
1.405792474746704 12.47909361111111
1.4105517864227295 12.514000166666666
1.4165313243865967 12.548906722222222
1.4214551448822021 12.56636
1.432610034942627 12.63617311111111
1.4397485256195068 12.671079666666666
1.4454615116119385 12.688532944444443
1.451507329940796 12.7234395
1.4574863910675049 12.758346055555554
1.4623589515686035 12.775799333333332
1.4681706428527832 12.79325261111111
1.4730618000030518 12.828159166666666
1.4787700176239014 12.845612444444443
1.4864706993103027 12.880518999999998
1.4914724826812744 12.897972277777777
1.4971227645874023 12.915425555555554
1.5030181407928467 12.932878833333332
1.5087430477142334 12.95033211111111
1.5137555599212646 12.96778538888889
1.5194792747497559 12.985238666666667
1.524310827255249 13.002691944444445
1.5300641059875488 13.002691944444445
1.5357842445373535 13.020145222222222
1.540510892868042 13.037598500000001
1.546562910079956 13.037598500000001
1.5524373054504395 13.055051777777779
1.5582420825958252 13.055051777777779
1.5630686283111572 13.072505055555556
1.5687379837036133 13.072505055555556
1.5737500190734863 13.072505055555556
1.5794987678527832 13.089958333333334
1.5842714309692383 13.089958333333334
1.5899722576141357 13.089958333333334
1.595698356628418 13.107411611111111
1.6016426086425781 13.107411611111111
1.607635498046875 13.107411611111111
1.6125683784484863 13.107411611111111
1.618525743484497 13.107411611111111
1.6235063076019287 13.107411611111111
1.6289856433868408 13.107411611111111
1.6340341567993164 13.107411611111111
1.6397836208343506 13.107411611111111
1.645493984222412 13.089958333333334
1.6514289379119873 13.089958333333334
1.657123327255249 13.089958333333334
1.6621959209442139 13.072505055555556
1.6682016849517822 13.072505055555556
1.6729786396026611 13.072505055555556
1.6787147521972656 13.072505055555556
1.68375563621521 13.055051777777779
1.6894936561584473 13.055051777777779
1.6943295001983643 13.037598500000001
1.7009069919586182 13.037598500000001
1.706916332244873 13.020145222222222
1.7119200229644775 13.002691944444445
1.717622995376587 13.002691944444445
1.7226009368896484 12.985238666666667
1.728550672531128 12.96778538888889
1.7335360050201416 12.96778538888889
1.7390086650848389 12.95033211111111
1.744049310684204 12.932878833333332
1.7498836517333984 12.915425555555554
1.7566423416137695 12.897972277777777
1.7615587711334229 12.880518999999998
1.7671563625335693 12.86306572222222
1.772270917892456 12.845612444444443
1.7780661582946777 12.828159166666666
1.7829222679138184 12.810705888888888
1.7887728214263916 12.79325261111111
1.79384446144104 12.758346055555554
1.799607753753662 12.740892777777777
1.80637788772583 12.70598622222222
1.8111443519592285 12.688532944444443
1.8169670104980469 12.653626388888888
1.8221094608306885 12.653626388888888
1.8325347900390625 12.583813277777777
1.8398678302764893 12.548906722222222
1.8455770015716553 12.514000166666666
1.8505959510803223 12.496546888888888
1.8578805923461914 12.461640333333333
1.862727403640747 12.426733777777779
1.8684663772583008 12.391827222222222
1.8734815120697021 12.374373944444445
1.879394292831421 12.339467388888888
1.8842170238494873 12.287107555555554
1.8899729251861572 12.269654277777777
1.8958539962768555 12.234747722222222
1.9010851383209229 12.182387888888888
1.9081802368164062 12.147481333333333
1.9129726886749268 12.112574777777777
1.9186859130859375 12.060214944444445
1.9236817359924316 12.042761666666667
1.9294183254241943 11.990401833333333
1.9342432022094727 11.955495277777777
1.9399614334106445 11.920588722222222
1.945728063583374 11.885682166666665
1.9504976272583008 11.833322333333333
1.957425594329834 11.7809625
1.962310552597046 11.746055944444445
1.9682865142822266 11.69369611111111
1.973088264465332 11.658789555555556
1.9788427352905273 11.606429722222222
1.9838647842407227 11.571523166666665
1.9895625114440918 11.519163333333333
1.9947559833526611 11.4668035
2.0000674724578857 11.414443666666665
2.0068814754486084 11.37953711111111
2.0118207931518555 11.327177277777778
2.0176193714141846 11.274817444444444
2.0225541591644287 11.22245761111111
2.028472423553467 11.170097777777777
2.0334808826446533 11.135191222222222
2.038987398147583 11.082831388888888
2.044055700302124 11.013018277777777
2.049739122390747 10.978111722222222
2.0548453330993652 10.92575188888889
2.061363935470581 10.873392055555556
2.066984176635742 10.803578944444444
2.0721065998077393 10.768672388888888
2.077946424484253 10.698859277777776
2.082711696624756 10.646499444444444
2.088576316833496 10.59413961111111
2.093601703643799 10.541779777777778
2.0991098880767822 10.489419944444444
2.104179620742798 10.419606833333333
2.111729383468628 10.349793722222222
2.11755108833313 10.297433888888888
2.122429847717285 10.227620777777778
2.1282379627227783 10.157807666666667
2.1330509185791016 10.12290111111111
2.1389946937561035 10.053088
2.1440374851226807 10.018181444444444
2.149878978729248 9.948368333333333
2.155609130859375 9.878555222222221
2.161580801010132 9.80874211111111
2.167130708694458 9.738929
2.1721856594085693 9.686569166666667
2.177964687347412 9.634209333333333
2.1826870441436768 9.564396222222221
2.188429117202759 9.49458311111111
2.1933770179748535 9.442223277777778
2.1988604068756104 9.372410166666667
2.2038800716400146 9.337503611111112
2.2105207443237305 9.232783944444444
2.2164788246154785 9.162970833333333
2.223853588104248 9.093157722222221
2.2349085807800293 8.9535315
2.242033004760742 8.883718388888889
2.2480075359344482 8.813905277777776
2.25276517868042 8.744092166666666
2.258634567260742 8.674279055555555
2.264833927154541 8.587012666666666
2.2704315185546875 8.517199555555555
2.2763590812683105 8.447386444444446
2.2811105251312256 8.39502661111111
2.2875211238861084 8.3252135
2.292402505874634 8.255400388888889
2.2982068061828613 8.168134
2.302968740463257 8.115774166666666
2.3086822032928467 8.045961055555555
2.3154070377349854 7.976147944444444
2.320230484008789 7.906334833333333
2.3259682655334473 7.853975
2.331042766571045 7.766708611111111
2.336792230606079 7.6968955
2.3416614532470703 7.644535666666666
2.347522735595703 7.574722555555555
2.352353811264038 7.487456166666666
2.3580918312072754 7.435096333333333
2.3638858795166016 7.365283222222223
2.369626522064209 7.295470111111111
2.374781608581543 7.208203722222222
2.380110025405884 7.13839061111111
2.385807514190674 7.086030777777777
2.390672206878662 6.998764388888889
2.396738052368164 6.928951277777778
2.401634693145752 6.876591444444445
2.4074881076812744 6.789325055555555
2.41306734085083 6.719511944444444
2.418761968612671 6.649698833333333
2.4237701892852783 6.597339
2.429462432861328 6.510072611111111
2.43428897857666 6.440259499999999
2.4400575160980225 6.35299311111111
2.4457619190216064 6.300633277777777
2.450629949569702 6.230820166666667
2.4565436840057373 6.143553777777777
2.4614710807800293 6.091193944444444
2.4681460857391357 6.021380833333334
2.4729201793670654 5.951567722222221
2.4785988330841064 5.864301333333334
2.483583450317383 5.8119415
2.489081382751465 5.742128388888888
2.49413800239563 5.654862
2.4997928142547607 5.602502166666667
2.505513906478882 5.532689055555555
2.5104150772094727 5.4454226666666665
2.517124891281128 5.375609555555555
2.522251844406128 5.2883431666666665
2.528201103210449 5.218530055555556
2.5329644680023193 5.166170222222222
2.5386996269226074 5.096357111111111
2.5436737537384033 5.043997277777778
2.549415111541748 4.956730888888888
2.5542588233947754 4.886917777777778
2.5627589225769043 4.782198111111111
2.569624423980713 4.712384999999999
2.574777603149414 4.6251186111111116
2.580136775970459 4.555305499999999
2.585920810699463 4.502945666666666
2.5908970832824707 4.433132555555556
2.596714973449707 4.345866166666666
2.6016364097595215 4.310959611111111
2.6074717044830322 4.223693222222223
2.6124017238616943 4.1538801111111106
2.618941307067871 4.084067
2.6239755153656006 4.031707166666667
2.6349663734436035 3.9618940555555553
2.642221212387085 3.7873612777777774
2.648190498352051 3.7350014444444444
2.6529600620269775 3.6651883333333335
2.659012794494629 3.5953752222222217
2.6640894412994385 3.525562111111111
2.6705713272094727 3.455749
2.676553249359131 3.3859358888888886
2.6814563274383545 3.3335760555555556
2.687502384185791 3.2637629444444447
2.692406415939331 3.193949833333333
2.6982192993164062 3.124136722222222
2.7029969692230225 3.0892301666666664
2.7087087631225586 3.0194170555555555
2.713710069656372 2.967057222222222
2.720245361328125 2.8797908333333333
2.7260165214538574 2.8448842777777776
2.7307517528533936 2.7750711666666663
2.736732244491577 2.7052580555555554
2.741650342941284 2.6703514999999998
2.7476553916931152 2.6005383888888884
2.752601385116577 2.5307252777777776
2.7583539485931396 2.478365444444444
2.76338529586792 2.426005611111111
2.7698915004730225 2.3736457777777775
2.7755937576293945 2.3038326666666666
2.7804160118103027 2.251472833333333
2.7864770889282227 2.1816597222222223
2.791447162628174 2.1467531666666666
2.7970361709594727 2.0769400555555553
2.8020880222320557 2.0420335
2.808140754699707 1.9896736666666666
2.8129377365112305 1.9198605555555557
2.8196821212768555 1.8675007222222222
2.8248372077941895 1.8151408888888887
2.830206871032715 1.7627810555555554
2.835993528366089 1.7278745
2.8407278060913086 1.6580613888888889
2.8466548919677734 1.6057015555555554
2.8515822887420654 1.570795
2.8574106693267822 1.5184351666666667
2.8622748851776123 1.4660753333333334
2.8690237998962402 1.4137155
2.874117136001587 1.3613556666666666
2.879798650741577 1.326449111111111
2.885478973388672 1.2740892777777777
2.8902487754821777 1.239182722222222
2.896075487136841 1.2042761666666666
2.901010036468506 1.1519163333333333
2.906799793243408 1.1170097777777779
2.911716938018799 1.0821032222222222
2.9178218841552734 1.029743388888889
2.923703908920288 0.9948368333333333
2.9296069145202637 0.9424769999999999
2.9348092079162598 0.9075704444444443
2.940169095993042 0.8726638888888889
2.9459550380706787 0.8377573333333332
2.950752019882202 0.8028507777777777
2.9567599296569824 0.7504909444444444
2.961681365966797 0.7330376666666667
2.9675073623657227 0.698131111111111
2.973513126373291 0.6632245555555555
2.9790432453155518 0.628318
2.984113931655884 0.5934114444444444
2.9900522232055664 0.5585048888888889
2.99580717086792 0.5410516111111111
3.0005528926849365 0.5061450555555556
