0.0037000179290771484 0.0
0.008599519729614258 0.05235983333333333
0.014296293258666992 0.06981311111111112
0.019309282302856445 0.10471966666666666
0.02500009536743164 0.13962622222222223
0.02988910675048828 0.1570795
0.035785675048828125 0.19198605555555553
0.04061627388000488 0.2094393333333333
0.04640913009643555 0.2268926111111111
0.052134037017822266 0.2443458888888889
0.05797004699707031 0.26179916666666664
0.06305980682373047 0.27925244444444447
0.06836867332458496 0.2967057222222222
0.07406020164489746 0.2967057222222222
0.0788881778717041 0.314159
0.08478450775146484 0.314159
0.08964705467224121 0.33161227777777774
0.09522581100463867 0.33161227777777774
0.10117697715759277 0.3490655555555555
0.10683917999267578 0.3490655555555555
0.11177492141723633 0.3490655555555555
0.11735177040100098 0.3490655555555555
0.1223149299621582 0.36651883333333335
0.12797236442565918 0.36651883333333335
0.1330721378326416 0.36651883333333335
0.1383512020111084 0.36651883333333335
0.14404678344726562 0.38397211111111107
0.1499476432800293 0.38397211111111107
0.15571188926696777 0.38397211111111107
0.16057705879211426 0.38397211111111107
0.16629242897033691 0.38397211111111107
0.1709902286529541 0.38397211111111107
0.17680716514587402 0.40142538888888885
0.181748628616333 0.40142538888888885
0.18713617324829102 0.40142538888888885
0.19211912155151367 0.40142538888888885
0.19780325889587402 0.40142538888888885
0.2042696475982666 0.4188786666666666
0.20931577682495117 0.4188786666666666
0.21502184867858887 0.4188786666666666
0.2198929786682129 0.4188786666666666
0.2256937026977539 0.4188786666666666
0.2305164337158203 0.43633194444444445
0.23641395568847656 0.43633194444444445
0.24204754829406738 0.43633194444444445
0.24772119522094727 0.4537852222222222
0.254058837890625 0.4537852222222222
0.25876355171203613 0.4537852222222222
0.2646491527557373 0.4537852222222222
0.2693612575531006 0.47123849999999995
0.27513575553894043 0.47123849999999995
0.28001904487609863 0.47123849999999995
0.28577089309692383 0.4886917777777778
0.2906217575073242 0.4886917777777778
0.2965219020843506 0.5061450555555556
0.30223536491394043 0.5061450555555556
0.30794405937194824 0.5061450555555556
0.3130497932434082 0.5235983333333333
0.3257932662963867 0.5410516111111111
0.330660343170166 0.5410516111111111
0.3366870880126953 0.5585048888888889
0.34162425994873047 0.5585048888888889
0.34725069999694824 0.5585048888888889
0.3567047119140625 0.5759581666666667
0.3616364002227783 0.5934114444444444
0.36710357666015625 0.5934114444444444
0.37212586402893066 0.6108647222222222
0.37778663635253906 0.6108647222222222
0.3825228214263916 0.628318
0.38820743560791016 0.628318
0.39386487007141113 0.6457712777777778
0.39856553077697754 0.6632245555555555
0.4051363468170166 0.6632245555555555
0.41007137298583984 0.6806778333333333
0.4161376953125 0.6806778333333333
0.42085814476013184 0.698131111111111
0.42655420303344727 0.7155843888888889
0.4313194751739502 0.7155843888888889
0.4369678497314453 0.7330376666666667
0.44190144538879395 0.7504909444444444
0.44737911224365234 0.7504909444444444
0.45496129989624023 0.7679442222222221
0.4607868194580078 0.7853975
0.4666759967803955 0.8028507777777777
0.4716827869415283 0.8028507777777777
0.47725582122802734 0.8203040555555555
0.4823036193847656 0.8377573333333332
0.48809123039245605 0.855210611111111
0.49372243881225586 0.8726638888888889
0.4984924793243408 0.8726638888888889
0.5050766468048096 0.8901171666666666
0.5099480152130127 0.9075704444444443
0.5157058238983154 0.9250237222222222
0.5205104351043701 0.9424769999999999
0.5262088775634766 0.9599302777777778
0.5309758186340332 0.9773835555555556
0.5368103981018066 0.9773835555555556
0.5417535305023193 0.9948368333333333
0.5472440719604492 1.0122901111111111
0.5522878170013428 1.029743388888889
0.5587389469146729 1.0471966666666666
0.5646133422851562 1.0646499444444444
0.5692813396453857 1.0821032222222222
0.5750036239624023 1.0995564999999998
0.5798735618591309 1.1170097777777779
0.5856361389160156 1.1344630555555555
0.5904903411865234 1.1519163333333333
0.5964353084564209 1.1693696111111112
0.6011834144592285 1.1868228888888888
0.6079251766204834 1.2042761666666666
0.6130108833312988 1.2217294444444444
0.6183569431304932 1.256636
0.6240503787994385 1.256636
0.6287236213684082 1.2740892777777777
0.6345844268798828 1.3089958333333334
0.6393003463745117 1.326449111111111
0.6450178623199463 1.3439023888888888
0.6498677730560303 1.3613556666666666
0.6565859317779541 1.3788089444444445
0.6621286869049072 1.396262222222222
0.6679575443267822 1.4137155
0.6730718612670898 1.4486220555555556
0.678570032119751 1.4660753333333334
0.6842691898345947 1.483528611111111
0.6893043518066406 1.5009818888888888
0.6950185298919678 1.5358884444444443
0.6998903751373291 1.5358884444444443
0.7057173252105713 1.570795
0.7113778591156006 1.5882482777777776
0.7236580848693848 1.640608111111111
0.7286934852600098 1.6755146666666665
0.7347385883331299 1.6929679444444443
0.7396318912506104 1.710421222222222
0.745380163192749 1.7453277777777778
0.7504274845123291 1.7627810555555554
0.7561764717102051 1.7802343333333333
0.761894941329956 1.8151408888888887
0.7673430442810059 1.8325941666666667
0.7723240852355957 1.8500474444444444
0.7781186103820801 1.8849539999999998
0.7837309837341309 1.9024072777777776
0.7884700298309326 1.9373138333333333
0.794170618057251 1.9547671111111111
0.7988526821136475 1.9722203888888887
0.8047695159912109 2.0071269444444444
0.8106279373168945 2.0420335
0.8163905143737793 2.059486777777778
0.8211214542388916 2.0769400555555553
0.8268041610717773 2.1118466111111114
0.8317892551422119 2.1292998888888888
0.8373863697052002 2.1642064444444444
0.8423845767974854 2.1991129999999997
0.8480195999145508 2.216566277777778
0.8536629676818848 2.2340195555555558
0.8597104549407959 2.268926111111111
0.8652582168579102 2.3038326666666666
0.8702046871185303 2.3212859444444445
0.8758769035339355 2.3561924999999997
0.8806838989257812 2.3910990555555554
0.8864307403564453 2.408552333333333
0.8911619186401367 2.443458888888889
0.8970398902893066 2.478365444444444
0.9019956588745117 2.495818722222222
0.9076254367828369 2.513272
0.9140801429748535 2.5481785555555554
0.9188032150268555 2.583085111111111
0.9246730804443359 2.6179916666666667
0.929391622543335 2.6354449444444445
0.9351036548614502 2.6703514999999998
0.9399700164794922 2.7052580555555554
0.9457464218139648 2.7227113333333333
0.9505372047424316 2.757617888888889
0.9564487934112549 2.792524444444444
0.962224006652832 2.827431
0.9679086208343506 2.8623375555555555
0.9730195999145508 2.897244111111111
0.9783270359039307 2.932150666666667
0.9840185642242432 2.949603944444444
0.9888839721679688 2.9845105
0.9947679042816162 3.0194170555555555
0.9996592998504639 3.0368703333333333
1.0051915645599365 3.0717768888888886
1.0100607872009277 3.1066834444444447
1.0168559551239014 3.1590432777777777
1.0218024253845215 3.176496555555555
1.02728271484375 3.2114031111111108
1.0322747230529785 3.246309666666667
1.0379397869110107 3.281216222222222
1.043027400970459 3.3161227777777778
1.0483055114746094 3.351029333333333
1.0540122985839844 3.3859358888888886
1.05869460105896 3.420842444444444
1.0653584003448486 3.455749
1.070324182510376 3.473202277777778
1.0762608051300049 3.525562111111111
1.0809807777404785 3.5604686666666665
1.0866343975067139 3.5953752222222217
1.0913450717926025 3.6302817777777774
1.0969743728637695 3.6651883333333335
1.1019299030303955 3.6826416111111113
1.1073884963989258 3.7350014444444444
1.114060640335083 3.7699079999999996
1.12614107131958 3.857174388888889
1.130885362625122 3.8920809444444444
1.136836051940918 3.9269875
1.141754388809204 3.9618940555555553
1.1476809978485107 3.9968006111111105
1.1524360179901123 4.0491604444444445
1.1580917835235596 4.066613722222222
1.164586067199707 4.118973555555556
1.1692893505096436 4.1538801111111106
1.1750268936157227 4.188786666666666
1.1798665523529053 4.223693222222223
1.185379981994629 4.2585997777777775
1.1904661655426025 4.293506333333333
1.1963715553283691 4.345866166666666
1.2010834217071533 4.380772722222222
1.2067086696624756 4.433132555555556
1.2116432189941406 4.450585833333333
1.218106746673584 4.502945666666666
1.2266819477081299 4.572758777777778
1.2316555976867676 4.607665333333333
1.2370634078979492 4.642571888888889
1.2436580657958984 4.694931722222222
1.2485716342926025 4.729838277777778
1.2543251514434814 4.764744833333333
1.2593755722045898 4.817104666666666
1.2662222385406494 4.852011222222222
1.27103853225708 4.904371055555555
1.2767088413238525 4.956730888888888
1.2816386222839355 4.974184166666666
1.2870967388153076 5.026544
1.2920928001403809 5.061450555555555
1.297734260559082 5.096357111111111
1.302476406097412 5.148716944444444
1.3081014156341553 5.1836234999999995
1.313758373260498 5.235983333333333
1.3198270797729492 5.270889888888889
1.3253674507141113 5.323249722222222
1.330432653427124 5.375609555555555
1.3361666202545166 5.410516111111111
1.3408823013305664 5.4454226666666665
1.3465595245361328 5.4977825
1.3513259887695312 5.532689055555555
1.357032060623169 5.585048888888888
1.361999750137329 5.619955444444445
1.368497371673584 5.689768555555555
1.3741905689239502 5.724675111111111
1.3792414665222168 5.759581666666667
1.3857109546661377 5.8119415
1.390512466430664 5.864301333333334
1.396223783493042 5.899207888888888
1.4009263515472412 5.951567722222221
1.4066271781921387 6.003927555555555
1.4113445281982422 6.038834111111111
1.4170446395874023 6.073740666666667
1.423844337463379 6.1261005
1.4303526878356934 6.178460333333333
1.438295602798462 6.248273444444444
1.4450321197509766 6.318086555555555
1.4499180316925049 6.35299311111111
1.4556803703308105 6.405352944444444
1.4604532718658447 6.457712777777777
1.4661619663238525 6.492619333333334
1.4719417095184326 6.544979166666667
1.4776334762573242 6.597339
1.4823853969573975 6.649698833333333
1.4880666732788086 6.6846053888888886
1.493701457977295 6.736965222222222
1.4985904693603516 6.806778333333333
1.504319429397583 6.841684888888888
1.5093708038330078 6.8940447222222225
1.5151307582855225 6.946404555555556
1.526735782623291 7.051124222222222
1.5340783596038818 7.103484055555555
1.5389208793640137 7.155843888888889
1.5449514389038086 7.208203722222222
1.549797773361206 7.260563555555555
1.5558910369873047 7.312923388888889
1.56085205078125 7.365283222222223
1.5665524005889893 7.417643055555556
1.5722641944885254 7.4525496111111105
1.5779433250427246 7.504909444444444
1.5830636024475098 7.574722555555555
1.5883302688598633 7.627082388888888
1.594012975692749 7.6619889444444444
1.598691701889038 7.714348777777778
1.6045713424682617 7.766708611111111
1.6092615127563477 7.8190684444444445
1.615187406539917 7.8714282777777775
1.6200213432312012 7.906334833333333
1.6266367435455322 7.993601222222221
1.6313607692718506 8.028507777777778
1.637239694595337 8.080867611111112
1.6423060894012451 8.133227444444444
1.647981882095337 8.168134
1.653090000152588 8.237947111111112
1.6583704948425293 8.290306944444444
1.6640374660491943 8.342666777777778
1.668699026107788 8.39502661111111
1.675776720046997 8.447386444444446
1.6806128025054932 8.517199555555555
1.68635892868042 8.552106111111112
1.6910865306854248 8.604465944444444
1.696718454360962 8.674279055555555
1.7017319202423096 8.70918561111111
1.7071542739868164 8.761545444444444
1.712113857269287 8.813905277777776
1.7177619934082031 8.866265111111112
1.7242536544799805 8.936078222222223
1.7289988994598389 8.988438055555555
1.7350668907165527 9.04079788888889
1.7399165630340576 9.093157722222221
1.7457001209259033 9.145517555555555
1.750497817993164 9.215330666666667
1.7562170028686523 9.250237222222223
1.7609126567840576 9.320050333333333
1.7667975425720215 9.372410166666667
1.7717652320861816 9.424769999999999
1.7780516147613525 9.477129833333333
1.7837486267089844 9.546942944444444
1.7885022163391113 9.599302777777776
1.7942094802856445 9.651662611111112
1.7992753982543945 9.704022444444444
1.8049933910369873 9.773835555555555
1.8098366260528564 9.80874211111111
1.8153958320617676 9.878555222222221
1.820460557937622 9.930915055555555
1.826981544494629 10.000728166666665
1.8319940567016602 10.035634722222223
1.8376965522766113 10.105447833333333
1.8424696922302246 10.175260944444444
1.8482270240783691 10.210167499999999
1.8539040088653564 10.27998061111111
1.8587710857391357 10.332340444444444
1.8646957874298096 10.402153555555554
1.8693852424621582 10.45451338888889
1.8762991428375244 10.506873222222222
1.881091833114624 10.576686333333333
1.8867270946502686 10.646499444444444
1.8916592597961426 10.681405999999999
1.8972969055175781 10.75121911111111
1.9023058414459229 10.821032222222222
1.9079926013946533 10.855938777777778
1.9130785465240479 10.92575188888889
1.9184973239898682 10.995565
1.9309089183807373 11.117737944444444
1.9367995262145996 11.187551055555554
1.9417340755462646 11.23991088888889
1.9476783275604248 11.292270722222222
1.95245361328125 11.362083833333333
1.9582901000976562 11.431896944444444
1.9640018939971924 11.484256777777777
1.9687013626098633 11.53661661111111
1.9747302532196045 11.606429722222222
1.9806106090545654 11.676242833333333
1.9863982200622559 11.728602666666667
1.9911246299743652 11.798415777777777
1.9967854022979736 11.85077561111111
2.001763105392456 11.903135444444443
2.0071792602539062 11.972948555555554
2.012151002883911 12.00785511111111
2.017784357070923 12.077668222222222
2.022534132003784 12.147481333333333
2.029322385787964 12.217294444444445
2.0352017879486084 12.287107555555554
2.0401835441589355 12.339467388888888
2.045846700668335 12.391827222222222
2.0506348609924316 12.461640333333333
2.05637526512146 12.514000166666666
2.061087131500244 12.583813277777777
2.0667436122894287 12.653626388888888
2.0717241764068604 12.70598622222222
2.07717227935791 12.775799333333332
2.083858013153076 12.845612444444443
2.0885629653930664 12.915425555555554
2.094268560409546 12.95033211111111
2.0993008613586426 13.020145222222222
2.10500168800354 13.089958333333334
2.109846353530884 13.142318166666668
2.115375518798828 13.212131277777777
2.120436906814575 13.281944388888888
2.126192569732666 13.334304222222222
2.131974220275879 13.404117333333332
2.137631416320801 13.473930444444443
2.1424009799957275 13.543743555555555
2.148038387298584 13.596103388888887
2.1536965370178223 13.665916499999998
2.1586647033691406 13.73572961111111
2.1645138263702393 13.805542722222222
2.1691203117370605 13.857902555555556
2.1749117374420166 13.927715666666668
2.1806702613830566 13.962622222222222
2.1864936351776123 14.067341888888889
2.1912622451782227 14.119701722222223
2.196920394897461 14.189514833333332
2.201897144317627 14.241874666666666
2.207329750061035 14.311687777777777
2.2123072147369385 14.381500888888887
2.218235492706299 14.43386072222222
2.224735736846924 14.503673833333332
2.2341361045837402 14.625846777777777
2.240934371948242 14.713113166666666
2.2466492652893066 14.800379555555555
2.2513961791992188 14.835286111111111
2.257084369659424 14.905099222222221
2.262033462524414 14.957459055555555
2.2677371501922607 15.044725444444444
2.2724876403808594 15.114538555555555
2.2783379554748535 15.184351666666664
2.285106897354126 15.254164777777776
2.2899532318115234 15.30652461111111
2.295736312866211 15.376337722222223
2.300588369369507 15.463604111111112
2.306330919265747 15.498510666666666
2.311049461364746 15.585777055555555
2.3167121410369873 15.655590166666666
2.327054262161255 15.77776311111111
2.334911823272705 15.882482777777776
2.339794397354126 15.93484261111111
2.3458058834075928 16.00465572222222
2.3551578521728516 16.12682866666667
2.3600714206695557 16.179188500000002
2.36613130569458 16.24900161111111
2.3708693981170654 16.336268
2.3767452239990234 16.40608111111111
2.381727695465088 16.458440944444444
2.388131856918335 16.528254055555553
2.3938279151916504 16.615520444444442
2.398716926574707 16.685333555555555
2.404611825942993 16.755146666666665
2.4092912673950195 16.8075065
2.415210008621216 16.89477288888889
2.4201712608337402 16.94713272222222
2.4264793395996094 17.03439911111111
2.431216239929199 17.086758944444444
2.437769651412964 17.174025333333333
2.4425432682037354 17.243838444444442
2.4481940269470215 17.296198277777776
2.4539101123809814 17.383464666666665
2.4588072299957275 17.453277777777778
2.4647130966186523 17.523090888888888
2.4696178436279297 17.57545072222222
2.4751744270324707 17.66271711111111
2.4830596446990967 17.767436777777778
2.4893605709075928 17.837249888888888
2.4950578212738037 17.907063
2.499966621398926 17.97687611111111
2.5057404041290283 18.04668922222222
2.51059627532959 18.116502333333333
2.516493320465088 18.20376872222222
2.5212113857269287 18.256128555555556
2.526890516281128 18.325941666666665
2.5318844318389893 18.3783015
2.538313150405884 18.483021166666667
2.544024705886841 18.535381
2.54886531829834 18.62264738888889
2.554800510406494 18.6924605
2.5596773624420166 18.744820333333333
2.565253734588623 18.832086722222222
2.5702035427093506 18.884446555555556
2.5761947631835938 18.954259666666665
2.580949544906616 19.041526055555554
2.587634325027466 19.111339166666664
2.592456102371216 19.198605555555552
2.5980968475341797 19.25096538888889
2.6037940979003906 19.33823177777778
2.608532190322876 19.408044888888888
2.6143016815185547 19.460404722222222
2.6189956665039062 19.54767111111111
2.62492036819458 19.61748422222222
2.6298346519470215 19.669844055555554
2.635775566101074 19.757110444444443
2.641719341278076 19.826923555555553
2.6471340656280518 19.91418994444444
2.6521224975585938 19.966549777777775
2.6578209400177 20.03636288888889
2.662553071975708 20.123629277777777
2.668224811553955 20.17598911111111
2.673938274383545 20.2632555
2.678816318511963 20.33306861111111
2.684699296951294 20.420334999999998
2.6905136108398438 20.507601388888887
2.696437120437622 20.5774145
2.7012202739715576 20.62977433333333
2.7068963050842285 20.71704072222222
2.711827039718628 20.769400555555553
2.7172389030456543 20.856666944444445
2.727018356323242 20.90902677777778
2.7339727878570557 21.066106277777777
2.739969253540039 21.153372666666666
2.746065139770508 21.223185777777775
2.7508842945098877 21.310452166666664
2.7568562030792236 21.397718555555553
2.761777400970459 21.43262511111111
2.7671878337860107 21.519891499999996
2.7721502780914307 21.57225133333333
2.777829885482788 21.659517722222223
2.7829835414886475 21.74678411111111
2.7883191108703613 21.81659722222222
2.7949886322021484 21.90386361111111
2.7998669147491455 21.956223444444444
2.805845022201538 22.043489833333332
2.8106892108917236 22.13075622222222
2.8166375160217285 22.20056933333333
2.8213915824890137 22.252929166666664
2.827052593231201 22.340195555555553
2.8320040702819824 22.39255538888889
2.8376832008361816 22.47982177777778
2.8441812992095947 22.54963488888889
2.848875045776367 22.636901277777778
2.8547723293304443 22.724167666666666
2.8596363067626953 22.7765275
2.8651912212371826 22.86379388888889
2.8701720237731934 22.91615372222222
2.876126289367676 23.003420111111108
2.880878448486328 23.07323322222222
2.8866264820098877 23.16049961111111
2.8923377990722656 23.247766
2.8980255126953125 23.300125833333333
2.903662919998169 23.38739222222222
2.908560037612915 23.457205333333334
2.914287567138672 23.527018444444444
2.918980836868286 23.596831555555553
2.924839973449707 23.684097944444442
2.929741621017456 23.736457777777776
2.9357056617736816 23.823724166666665
2.9405457973480225 23.910990555555554
2.946998357772827 23.980803666666667
2.9519314765930176 24.050616777777776
2.9573776721954346 24.12042988888889
2.962348222732544 24.207696277777778
2.968007802963257 24.260056111111112
2.9731080532073975 24.3473225
2.978398561477661 24.43458888888889
2.9840891361236572 24.48694872222222
2.98877215385437 24.57421511111111
2.9958298206329346 24.64402822222222
3.000654458999634 24.73129461111111
