0.004795551300048828 -0.01745327777777778
0.009753942489624023 -0.03490655555555556
0.015589475631713867 -0.06981311111111112
0.020323753356933594 -0.10471966666666666
0.026033401489257812 -0.12217294444444445
0.03186798095703125 -0.13962622222222223
0.036550045013427734 -0.1570795
0.04246354103088379 -0.19198605555555553
0.047141313552856445 -0.19198605555555553
0.053156375885009766 -0.2094393333333333
0.05909252166748047 -0.2268926111111111
0.06478023529052734 -0.2268926111111111
0.06975507736206055 -0.2268926111111111
0.07544517517089844 -0.2268926111111111
0.08022952079772949 -0.2268926111111111
0.08599066734313965 -0.2268926111111111
0.09173417091369629 -0.2268926111111111
0.09648799896240234 -0.2268926111111111
0.10255169868469238 -0.2094393333333333
0.10839343070983887 -0.19198605555555553
0.11434316635131836 -0.19198605555555553
0.11909794807434082 -0.17453277777777776
0.12476277351379395 -0.1570795
0.12970280647277832 -0.13962622222222223
0.1353898048400879 -0.12217294444444445
0.14018559455871582 -0.10471966666666666
0.14587759971618652 -0.08726638888888888
0.15155625343322754 -0.05235983333333333
0.1574709415435791 -0.03490655555555556
0.16301369667053223 0.0
0.16801810264587402 0.01745327777777778
0.17395544052124023 0.05235983333333333
0.17869782447814941 0.08726638888888888
0.18437957763671875 0.13962622222222223
0.18914270401000977 0.1570795
0.19482183456420898 0.19198605555555553
0.19983410835266113 0.2268926111111111
0.2061769962310791 0.26179916666666664
0.21199560165405273 0.314159
0.21672987937927246 0.36651883333333335
0.22264599800109863 0.40142538888888885
0.22751307487487793 0.43633194444444445
0.23355817794799805 0.4886917777777778
0.2383897304534912 0.5410516111111111
0.2441425323486328 0.5759581666666667
0.24889373779296875 0.6457712777777778
0.25455570220947266 0.698131111111111
0.26074647903442383 0.7504909444444444
0.266099214553833 0.8028507777777777
0.27181220054626465 0.855210611111111
0.2765226364135742 0.9075704444444443
0.28246068954467773 0.9773835555555556
0.28736424446105957 1.0122901111111111
0.2931029796600342 1.0821032222222222
0.3055093288421631 1.2042761666666666
0.3120298385620117 1.2740892777777777
0.317119836807251 1.3439023888888888
0.32309460639953613 1.4137155
0.3280932903289795 1.483528611111111
0.3340189456939697 1.5358884444444443
0.33874082565307617 1.6057015555555554
0.3445141315460205 1.6755146666666665
0.3494865894317627 1.7278745
0.35507845878601074 1.7976876111111109
0.3618130683898926 1.8675007222222222
0.36664366722106934 1.9373138333333333
0.3725409507751465 2.0071269444444444
0.37741994857788086 2.059486777777778
0.3829681873321533 2.1467531666666666
0.3879575729370117 2.1991129999999997
0.39359498023986816 2.268926111111111
0.3984231948852539 2.3387392222222223
0.4042046070098877 2.426005611111111
0.41008520126342773 2.495818722222222
0.4158933162689209 2.5481785555555554
0.4215738773345947 2.6354449444444445
0.4263169765472412 2.7052580555555554
0.4320833683013916 2.757617888888889
0.43693089485168457 2.8448842777777776
0.44272851943969727 2.914697388888889
0.4476191997528076 2.967057222222222
0.4531576633453369 3.0368703333333333
0.45821475982666016 3.124136722222222
0.4647693634033203 3.193949833333333
0.4697434902191162 3.246309666666667
0.4756505489349365 3.3335760555555556
0.48076748847961426 3.4033891666666665
0.4861011505126953 3.473202277777778
0.49181151390075684 3.525562111111111
0.4968905448913574 3.5953752222222217
0.502692699432373 3.6826416111111113
0.5075714588165283 3.7175481666666665
0.5142726898193359 3.822267833333333
0.519052267074585 3.8746276666666666
0.5247170925140381 3.9444407777777775
0.5296957492828369 3.979347333333333
0.5355172157287598 4.0491604444444445
0.5402591228485107 4.118973555555556
0.5459156036376953 4.171333388888889
0.5516347885131836 4.2411465
0.5564017295837402 4.310959611111111
0.5630545616149902 4.3633194444444445
0.5680556297302246 4.415679277777778
0.5737941265106201 4.4680391111111115
0.5786542892456055 4.537852222222222
0.5843942165374756 4.590212055555555
0.589141845703125 4.6251186111111116
0.595024824142456 4.694931722222222
0.6000428199768066 4.747291555555555
0.6057665348052979 4.782198111111111
0.6114425659179688 4.834557944444445
0.6171445846557617 4.886917777777778
0.623070240020752 4.939277611111111
0.6281037330627441 4.956730888888888
0.6339297294616699 5.009090722222222
0.6386747360229492 5.043997277777778
0.6443517208099365 5.096357111111111
0.6491119861602783 5.113810388888889
0.6549861431121826 5.166170222222222
0.6600451469421387 5.201076777777777
0.6665318012237549 5.235983333333333
0.6724560260772705 5.253436611111111
0.6771273612976074 5.2883431666666665
0.6828906536102295 5.305796444444444
0.6877315044403076 5.323249722222222
0.6935396194458008 5.358156277777778
0.7048759460449219 5.393062833333333
0.7115905284881592 5.410516111111111
0.717648983001709 5.427969388888889
0.7236135005950928 5.427969388888889
0.7285425662994385 5.4454226666666665
0.7344017028808594 5.462875944444445
0.7393820285797119 5.462875944444445
0.7448761463165283 5.462875944444445
0.749887228012085 5.462875944444445
0.7557260990142822 5.462875944444445
0.7608392238616943 5.462875944444445
0.767092227935791 5.462875944444445
0.7729995250701904 5.462875944444445
0.7780368328094482 5.4454226666666665
0.7839703559875488 5.4454226666666665
0.7887117862701416 5.427969388888889
0.7944104671478271 5.427969388888889
0.7993979454040527 5.410516111111111
0.8048810958862305 5.393062833333333
0.8098692893981934 5.393062833333333
0.8162879943847656 5.358156277777778
0.8220438957214355 5.3407029999999995
0.8269059658050537 5.323249722222222
0.8329381942749023 5.305796444444444
0.8378286361694336 5.2883431666666665
0.8435940742492676 5.253436611111111
0.8484435081481934 5.218530055555556
0.8542065620422363 5.201076777777777
0.858959436416626 5.1836234999999995
0.864689826965332 5.148716944444444
0.8703641891479492 5.096357111111111
0.8760480880737305 5.061450555555555
0.8817746639251709 5.043997277777778
0.8866209983825684 5.009090722222222
0.8927147388458252 4.956730888888888
0.8975884914398193 4.939277611111111
0.9031312465667725 4.886917777777778
0.908106803894043 4.834557944444445
0.9139137268066406 4.817104666666666
0.9197206497192383 4.764744833333333
0.9254212379455566 4.712384999999999
0.9302232265472412 4.660025166666666
0.9365155696868896 4.6251186111111116
0.9425032138824463 4.555305499999999
0.9474167823791504 4.520398944444445
0.9531397819519043 4.4680391111111115
0.9582347869873047 4.398225999999999
0.9639732837677002 4.3633194444444445
0.9698169231414795 4.310959611111111
0.9755275249481201 4.2411465
0.9803285598754883 4.188786666666666
0.9860525131225586 4.118973555555556
0.991767168045044 4.084067
0.9964694976806641 4.014253888888889
1.0023956298828125 3.9618940555555553
1.0071194171905518 3.9095342222222222
1.013073205947876 3.8397211111111114
1.0189650058746338 3.8048145555555553
1.0246753692626953 3.7000948888888887
1.0296308994293213 3.6651883333333335
1.0350778102874756 3.5953752222222217
1.040067195892334 3.525562111111111
1.0526387691497803 3.3859358888888886
1.0575296878814697 3.3335760555555556
1.0631275177001953 3.2637629444444447
1.0681838989257812 3.193949833333333
1.08207106590271 3.0717768888888886
1.0942678451538086 2.932150666666667
1.1126389503479004 2.6703514999999998
1.123628854751587 2.5307252777777776
1.1344513893127441 2.408552333333333
1.1394870281219482 2.3387392222222223
1.145481824874878 2.251472833333333
1.150244951248169 2.1816597222222223
1.1558811664581299 2.1292998888888888
1.1615333557128906 2.059486777777778
1.1663103103637695 1.9896736666666666
1.1720805168151855 1.9373138333333333
1.186572790145874 1.7453277777777778
1.1983222961425781 1.6231548333333334
1.2083334922790527 1.483528611111111
1.2182965278625488 1.3613556666666666
1.2241644859313965 1.326449111111111
1.2289211750030518 1.256636
1.235614538192749 1.1868228888888888
1.2407832145690918 1.1170097777777779
1.2461004257202148 1.0646499444444444
1.2518386840820312 1.0122901111111111
1.2567274570465088 0.9424769999999999
1.2626855373382568 0.8901171666666666
1.2675535678863525 0.8377573333333332
1.2735319137573242 0.7853975
1.2784197330474854 0.7155843888888889
1.2880549430847168 0.6457712777777778
1.2938899993896484 0.5934114444444444
1.2986302375793457 0.5410516111111111
1.3043572902679443 0.4886917777777778
1.3091375827789307 0.4537852222222222
1.3150458335876465 0.40142538888888885
1.3200609683990479 0.3490655555555555
1.3257474899291992 0.33161227777777774
1.3314259052276611 0.27925244444444447
1.337421178817749 0.2268926111111111
1.3430283069610596 0.19198605555555553
1.348050832748413 0.17453277777777776
1.3537936210632324 0.13962622222222223
1.3586289882659912 0.08726638888888888
1.3643877506256104 0.05235983333333333
1.3693959712982178 0.03490655555555556
1.3750278949737549 0.01745327777777778
1.3800666332244873 -0.01745327777777778
1.386460304260254 -0.03490655555555556
1.392416000366211 -0.06981311111111112
1.3971154689788818 -0.08726638888888888
1.4029645919799805 -0.08726638888888888
1.4079396724700928 -0.10471966666666666
1.4135935306549072 -0.12217294444444445
1.4184174537658691 -0.13962622222222223
1.4242212772369385 -0.1570795
1.4290084838867188 -0.1570795
1.4348645210266113 -0.1570795
1.4416160583496094 -0.1570795
1.4464035034179688 -0.17453277777777776
1.4523301124572754 -0.17453277777777776
1.4570510387420654 -0.17453277777777776
1.4628074169158936 -0.17453277777777776
1.4677236080169678 -0.1570795
1.4735267162322998 -0.1570795
1.4783515930175781 -0.1570795
1.4841859340667725 -0.13962622222222223
1.4900486469268799 -0.12217294444444445
1.4959969520568848 -0.12217294444444445
1.5076253414154053 -0.08726638888888888
1.5136044025421143 -0.06981311111111112
1.5185341835021973 -0.05235983333333333
1.5244181156158447 -0.03490655555555556
1.5294303894042969 -0.01745327777777778
1.5353915691375732 0.01745327777777778
1.5418365001678467 0.03490655555555556
1.5465691089630127 0.06981311111111112
1.5526788234710693 0.08726638888888888
1.5575721263885498 0.12217294444444445
1.5634117126464844 0.1570795
1.5682592391967773 0.19198605555555553
1.574026346206665 0.2094393333333333
1.5787899494171143 0.2443458888888889
1.5844943523406982 0.2967057222222222
1.5901670455932617 0.33161227777777774
1.5958619117736816 0.36651883333333335
1.6015682220458984 0.40142538888888885
1.6063380241394043 0.4537852222222222
1.6120696067810059 0.4886917777777778
1.6174004077911377 0.5410516111111111
1.6229987144470215 0.5759581666666667
1.6280689239501953 0.6108647222222222
1.6338746547698975 0.6632245555555555
1.6386373043060303 0.7155843888888889
1.6450700759887695 0.7853975
1.6501195430755615 0.8377573333333332
1.6558098793029785 0.8726638888888889
1.6615071296691895 0.9250237222222222
1.666440725326538 0.9948368333333333
1.6725168228149414 1.0471966666666666
1.6774227619171143 1.0995564999999998
1.6830191612243652 1.1519163333333333
1.6880323886871338 1.2042761666666666
1.6947071552276611 1.2915425555555555
1.6996686458587646 1.326449111111111
1.7051005363464355 1.396262222222222
1.7101643085479736 1.4660753333333334
1.7158052921295166 1.5184351666666667
1.7214910984039307 1.5882482777777776
1.7262251377105713 1.6580613888888889
1.7319440841674805 1.6929679444444443
1.7370202541351318 1.7627810555555554
1.7436211109161377 1.8325941666666667
1.7484374046325684 1.9024072777777776
1.7541978359222412 1.9896736666666666
1.7589962482452393 2.0420335
1.7646780014038086 2.1118466111111114
1.7696356773376465 2.1642064444444444
1.7750861644744873 2.2340195555555558
1.7801263332366943 2.3038326666666666
1.7857916355133057 2.3561924999999997
1.7914166450500488 2.443458888888889
1.7974746227264404 2.513272
1.8030166625976562 2.6005383888888884
1.8080170154571533 2.6354449444444445
1.8136696815490723 2.7227113333333333
1.8186016082763672 2.792524444444444
1.824373483657837 2.8797908333333333
1.8291475772857666 2.932150666666667
1.8348336219787598 3.0019637777777777
1.839827299118042 3.054323611111111
1.8465862274169922 3.1590432777777777
1.852719783782959 3.2288563888888886
1.8576126098632812 3.2986695
1.8631510734558105 3.368482611111111
1.8682119846343994 3.4382957222222226
1.873913288116455 3.4906555555555556
1.8786907196044922 3.5779219444444443
1.88443922996521 3.6477350555555557
1.8894305229187012 3.7000948888888887
1.8958723545074463 3.7699079999999996
1.9065392017364502 3.9269875
1.914207935333252 4.014253888888889
1.9189720153808594 4.066613722222222
1.9249320030212402 4.136426833333333
1.9299108982086182 4.171333388888889
1.936436414718628 4.2411465
1.9423632621765137 4.345866166666666
1.9482295513153076 4.398225999999999
1.953937292098999 4.450585833333333
1.9586751461029053 4.520398944444445
1.9644098281860352 4.572758777777778
1.969407320022583 4.6251186111111116
1.9750096797943115 4.677478444444445
1.9800851345062256 4.712384999999999
1.9857432842254639 4.782198111111111
1.9908452033996582 4.834557944444445
1.997128963470459 4.886917777777778
2.002912998199463 4.939277611111111
2.0077896118164062 4.974184166666666
2.0135338306427 5.026544
2.018369674682617 5.078903833333333
2.024179220199585 5.113810388888889
2.029066801071167 5.148716944444444
2.0348916053771973 5.201076777777777
2.0398783683776855 5.235983333333333
2.045534610748291 5.270889888888889
2.052065134048462 5.305796444444444
2.057129144668579 5.3407029999999995
2.0628879070281982 5.375609555555555
2.0677878856658936 5.393062833333333
2.0735530853271484 5.427969388888889
2.0783896446228027 5.462875944444445
2.084577798843384 5.480329222222222
2.089505672454834 5.4977825
2.0954484939575195 5.515235777777778
2.101966619491577 5.532689055555555
2.1066880226135254 5.567595611111111
2.112569570541382 5.567595611111111
2.1174604892730713 5.585048888888888
2.123011827468872 5.602502166666667
2.128013849258423 5.602502166666667
2.133922576904297 5.602502166666667
2.138676881790161 5.619955444444445
2.1444051265716553 5.619955444444445
2.1500627994537354 5.619955444444445
2.1558837890625 5.619955444444445
2.161581516265869 5.619955444444445
2.1663336753845215 5.619955444444445
2.1720387935638428 5.602502166666667
2.1767330169677734 5.602502166666667
2.1827940940856934 5.602502166666667
2.1876795291900635 5.585048888888888
2.1935057640075684 5.567595611111111
2.199108362197876 5.567595611111111
2.204805374145508 5.550142333333333
2.209775447845459 5.532689055555555
2.215635299682617 5.515235777777778
2.2207603454589844 5.4977825
2.2260994911193848 5.462875944444445
2.231792688369751 5.462875944444445
2.2364869117736816 5.427969388888889
2.2424044609069824 5.393062833333333
2.2471225261688232 5.375609555555555
2.2540180683135986 5.358156277777778
2.2587764263153076 5.323249722222222
2.2644639015197754 5.2883431666666665
2.2694380283355713 5.253436611111111
2.2750444412231445 5.218530055555556
2.2800447940826416 5.1836234999999995
2.2857632637023926 5.148716944444444
2.2914342880249023 5.113810388888889
2.2962191104888916 5.061450555555555
2.3081066608428955 5.009090722222222
2.3149425983428955 4.939277611111111
2.3199141025543213 4.904371055555555
2.3257896900177 4.852011222222222
2.3314592838287354 4.799651388888888
2.3364837169647217 4.747291555555555
2.3423571586608887 4.694931722222222
2.3470680713653564 4.660025166666666
2.3538143634796143 4.590212055555555
2.3586466312408447 4.537852222222222
2.364389419555664 4.485492388888889
2.3691251277923584 4.433132555555556
2.374814510345459 4.380772722222222
2.379775047302246 4.345866166666666
2.385450839996338 4.276053055555556
2.390211343765259 4.206239944444444
2.396083354949951 4.1538801111111106
2.4026126861572266 4.1015202777777775
2.407513380050659 4.031707166666667
2.4131264686584473 3.979347333333333
2.418205738067627 3.9095342222222222
2.4239492416381836 3.857174388888889
2.4286627769470215 3.7873612777777774
2.43432354927063 3.7175481666666665
2.439068078994751 3.6826416111111113
2.4448843002319336 3.6128284999999996
2.449861764907837 3.5604686666666665
2.456418037414551 3.473202277777778
2.462299108505249 3.3859358888888886
2.4669158458709717 3.3335760555555556
2.472698926925659 3.2637629444444447
2.477552890777588 3.2288563888888886
2.48313307762146 3.1590432777777777
2.4881012439727783 3.0717768888888886
2.4938862323760986 3.0194170555555555
2.4986069202423096 2.949603944444444
2.50506854057312 2.8797908333333333
2.5100955963134766 2.8099777222222224
2.51591420173645 2.757617888888889
2.521596908569336 2.6878047777777776
2.5295019149780273 2.583085111111111
2.5351078510284424 2.513272
2.5401644706726074 2.426005611111111
2.545830488204956 2.3910990555555554
2.5514769554138184 2.3212859444444445
2.557443141937256 2.2340195555555558
2.5629971027374268 2.1642064444444444
2.5680575370788574 2.1118466111111114
2.5740256309509277 2.0420335
2.5787878036499023 1.9722203888888887
2.584460496902466 1.9024072777777776
2.5894081592559814 1.8500474444444444
2.59487247467041 1.7802343333333333
2.5998787879943848 1.7278745
2.606369733810425 1.640608111111111
2.6120803356170654 1.570795
2.616910219192505 1.5184351666666667
2.6228103637695312 1.4486220555555556
2.627716064453125 1.4137155
2.633673906326294 1.3439023888888888
2.638601541519165 1.2740892777777777
2.644322395324707 1.2217294444444444
2.6490933895111084 1.1693696111111112
2.6548187732696533 1.1170097777777779
2.6615538597106934 1.0471966666666666
2.6662862300872803 0.9948368333333333
2.672268867492676 0.9250237222222222
2.6769938468933105 0.8901171666666666
2.682778835296631 0.8377573333333332
2.687654972076416 0.7853975
2.6936190128326416 0.7330376666666667
2.6985552310943604 0.6806778333333333
2.7120070457458496 0.6108647222222222
2.7170889377593994 0.5410516111111111
2.7230122089385986 0.4886917777777778
2.728046417236328 0.47123849999999995
2.7340645790100098 0.4188786666666666
2.7388038635253906 0.38397211111111107
2.7445101737976074 0.33161227777777774
2.749500274658203 0.314159
2.755490303039551 0.27925244444444447
2.762058734893799 0.2443458888888889
2.7670257091522217 0.2094393333333333
2.772763967514038 0.19198605555555553
2.7776660919189453 0.1570795
2.783487558364868 0.13962622222222223
2.788309097290039 0.12217294444444445
2.7941229343414307 0.10471966666666666
2.7988626956939697 0.08726638888888888
2.804561138153076 0.06981311111111112
2.810241222381592 0.05235983333333333
2.816071033477783 0.03490655555555556
2.821824550628662 0.03490655555555556
2.826547384262085 0.01745327777777778
2.832620620727539 0.01745327777777778
2.8375084400177 0.01745327777777778
2.843125104904175 0.01745327777777778
2.8482024669647217 0.0
2.8538730144500732 0.0
2.8595829010009766 0.01745327777777778
2.8650355339050293 0.01745327777777778
2.870058298110962 0.01745327777777778
2.8758888244628906 0.01745327777777778
2.8816676139831543 0.03490655555555556
2.8864188194274902 0.03490655555555556
2.8923444747924805 0.05235983333333333
2.8970563411712646 0.06981311111111112
2.9027915000915527 0.08726638888888888
2.907686233520508 0.08726638888888888
2.9143970012664795 0.12217294444444445
2.9193780422210693 0.13962622222222223
2.924856424331665 0.1570795
2.929863214492798 0.17453277777777776
2.936443567276001 0.19198605555555553
2.9424099922180176 0.2443458888888889
2.947115182876587 0.26179916666666664
2.952857732772827 0.2967057222222222
2.957723617553711 0.314159
2.964536190032959 0.36651883333333335
2.969545364379883 0.38397211111111107
2.975029230117798 0.4188786666666666
2.980023145675659 0.47123849999999995
2.9857470989227295 0.4886917777777778
2.9908437728881836 0.5410516111111111
2.9963457584381104 0.5759581666666667
3.0020670890808105 0.6108647222222222
