0.002905607223510742 0.0
0.008842945098876953 0.03490655555555556
0.013802289962768555 0.06981311111111112
0.019666671752929688 0.12217294444444445
0.024665117263793945 0.13962622222222223
0.03016042709350586 0.17453277777777776
0.03516435623168945 0.19198605555555553
0.04178500175476074 0.2094393333333333
0.04776167869567871 0.2443458888888889
0.05364823341369629 0.27925244444444447
0.05942821502685547 0.27925244444444447
0.06419229507446289 0.314159
0.07004427909851074 0.33161227777777774
0.07505440711975098 0.33161227777777774
0.08075475692749023 0.3490655555555555
0.08554959297180176 0.38397211111111107
0.09128689765930176 0.38397211111111107
0.09707355499267578 0.40142538888888885
0.10333514213562012 0.4188786666666666
0.10915255546569824 0.43633194444444445
0.11393904685974121 0.4537852222222222
0.11971592903137207 0.4886917777777778
0.12471342086791992 0.4886917777777778
0.13017630577087402 0.5235983333333333
0.1352064609527588 0.5235983333333333
0.1409769058227539 0.5585048888888889
0.14666199684143066 0.5759581666666667
0.16137075424194336 0.6457712777777778
0.17801928520202637 0.6632245555555555
0.19117999076843262 0.7679442222222221
0.20010042190551758 0.8203040555555555
0.21463727951049805 0.8901171666666666
0.221635103225708 0.9424769999999999
0.22777462005615234 0.9773835555555556
0.2327101230621338 1.0122901111111111
0.23835444450378418 1.0471966666666666
0.24347233772277832 1.0821032222222222
0.24922537803649902 1.1170097777777779
0.25401949882507324 1.1519163333333333
0.2667272090911865 1.2217294444444444
0.2777121067047119 1.3439023888888888
0.28722047805786133 1.396262222222222
0.29278993606567383 1.4486220555555556
0.29837822914123535 1.5009818888888888
0.30345606803894043 1.5533417222222223
0.3092191219329834 1.5882482777777776
0.3139925003051758 1.640608111111111
0.32077836990356445 1.6929679444444443
0.3255922794342041 1.7453277777777778
0.33130884170532227 1.7976876111111109
0.3370654582977295 1.8500474444444444
0.3419463634490967 1.9024072777777776
0.34792089462280273 1.9547671111111111
0.35285139083862305 1.9896736666666666
0.3588676452636719 2.059486777777778
0.3638129234313965 2.1118466111111114
0.36954736709594727 2.1816597222222223
0.37534403800964355 2.2340195555555558
0.3810446262359619 2.286379388888889
0.38677072525024414 2.3387392222222223
0.3915557861328125 2.408552333333333
0.3973255157470703 2.4609121666666667
0.40262389183044434 2.513272
0.40819692611694336 2.583085111111111
0.4132211208343506 2.6354449444444445
0.41889429092407227 2.7052580555555554
0.4248311519622803 2.7750711666666663
0.4303309917449951 2.8448842777777776
0.43538784980773926 2.914697388888889
0.4410538673400879 2.949603944444444
0.44672083854675293 3.0194170555555555
0.45149946212768555 3.1066834444444447
0.45728087425231934 3.14159
0.4626350402832031 3.2114031111111108
0.46819639205932617 3.2986695
0.47410106658935547 3.368482611111111
0.4798285961151123 3.4382957222222226
0.4848177433013916 3.4906555555555556
0.4907095432281494 3.5604686666666665
0.49548959732055664 3.6477350555555557
0.5012369155883789 3.7000948888888887
0.506948709487915 3.7699079999999996
0.5116786956787109 3.8397211111111114
0.5177767276763916 3.9269875
0.5235273838043213 3.979347333333333
0.5293221473693848 4.0491604444444445
0.5340902805328369 4.136426833333333
0.5397932529449463 4.206239944444444
0.5447607040405273 4.2585997777777775
0.5502667427062988 4.345866166666666
0.555302619934082 4.415679277777778
0.560999870300293 4.4680391111111115
0.5666646957397461 4.555305499999999
0.5773026943206787 4.6251186111111116
0.5842800140380859 4.799651388888888
0.5901298522949219 4.8694645
0.5951426029205322 4.921824333333333
0.6010334491729736 5.009090722222222
0.6067028045654297 5.096357111111111
0.6116633415222168 5.166170222222222
0.6177289485931396 5.253436611111111
0.6226508617401123 5.305796444444444
0.6295759677886963 5.410516111111111
0.6343607902526855 5.462875944444445
0.6402988433837891 5.550142333333333
0.6453335285186768 5.619955444444445
0.6510419845581055 5.672315277777778
0.6568088531494141 5.759581666666667
0.6615500450134277 5.829394777777778
0.6672961711883545 5.899207888888888
0.6721177101135254 5.969021
0.6790192127227783 6.038834111111111
0.68387770652771 6.1261005
0.6896371841430664 6.213366888888889
0.6946496963500977 6.248273444444444
0.7003154754638672 6.335539833333333
0.7053432464599609 6.4228062222222215
0.7110111713409424 6.457712777777777
0.716740608215332 6.544979166666667
0.7215142250061035 6.614792277777778
0.7282159328460693 6.702058666666666
0.7333464622497559 6.736965222222222
0.7391645908355713 6.82423161111111
0.743962287902832 6.8940447222222225
0.7498319149017334 6.963857833333334
0.7547895908355713 7.016217666666667
0.7606916427612305 7.086030777777777
0.7655129432678223 7.155843888888889
0.7712273597717285 7.208203722222222
0.7778842449188232 7.278016833333334
0.7828094959259033 7.347829944444444
0.7883856296539307 7.417643055555556
0.7934973239898682 7.487456166666666
0.7992873191833496 7.539815999999999
0.8041243553161621 7.592175833333332
0.8098244667053223 7.6619889444444444
0.8148045539855957 7.714348777777778
0.820692777633667 7.766708611111111
0.8255164623260498 7.836521722222222
0.8321571350097656 7.906334833333333
0.8380086421966553 7.958694666666666
0.8429317474365234 7.993601222222221
0.8487453460693359 8.063414333333334
0.8536388874053955 8.115774166666666
0.8595256805419922 8.185587277777778
0.8643209934234619 8.220493833333332
0.8746438026428223 8.307760222222221
0.8883857727050781 8.429933166666666
0.8977770805358887 8.517199555555555
0.9027533531188965 8.552106111111112
0.9083681106567383 8.604465944444444
0.9134876728057861 8.656825777777778
0.9193074703216553 8.674279055555555
0.9240999221801758 8.726638888888889
0.9308121204376221 8.761545444444444
0.936021089553833 8.813905277777776
0.9415483474731445 8.848811833333334
0.9472880363464355 8.883718388888889
0.9521884918212891 8.918624944444444
0.958040714263916 8.9535315
0.9673364162445068 8.970984777777778
0.981097936630249 9.075704444444444
0.9882936477661133 9.110610999999999
0.9933571815490723 9.128064277777778
0.9994804859161377 9.162970833333333
1.0042860507965088 9.18042411111111
1.0102834701538086 9.215330666666667
1.015305519104004 9.232783944444444
1.0209743976593018 9.250237222222223
1.0260803699493408 9.2676905
1.0322816371917725 9.285143777777778
1.038109540939331 9.285143777777778
1.043910264968872 9.302597055555555
1.049635648727417 9.320050333333333
1.0546367168426514 9.320050333333333
1.0602896213531494 9.337503611111112
1.0653228759765625 9.337503611111112
1.0710084438323975 9.35495688888889
1.0767157077789307 9.35495688888889
1.0823643207550049 9.35495688888889
1.0881781578063965 9.372410166666667
1.093193769454956 9.372410166666667
1.0989036560058594 9.372410166666667
1.1038577556610107 9.372410166666667
1.1096105575561523 9.35495688888889
1.1143989562988281 9.35495688888889
1.1202850341796875 9.35495688888889
1.1253502368927002 9.35495688888889
1.1310393810272217 9.35495688888889
1.1379776000976562 9.337503611111112
1.1428825855255127 9.337503611111112
1.1486740112304688 9.320050333333333
1.153635025024414 9.302597055555555
1.1595268249511719 9.302597055555555
1.1643455028533936 9.285143777777778
1.170069694519043 9.2676905
1.1751151084899902 9.2676905
1.1810240745544434 9.250237222222223
1.1877140998840332 9.215330666666667
1.1926727294921875 9.215330666666667
1.1982741355895996 9.197877388888887
1.203305721282959 9.18042411111111
1.2091882228851318 9.145517555555555
1.2139897346496582 9.128064277777778
1.2197151184082031 9.110610999999999
1.224714994430542 9.093157722222221
1.2303202152252197 9.058251166666667
1.2370965480804443 9.04079788888889
1.2419910430908203 9.005891333333333
1.247941255569458 8.970984777777778
1.2528703212738037 8.9535315
1.258709192276001 8.918624944444444
1.2635960578918457 8.883718388888889
1.2695684432983398 8.848811833333334
1.2743802070617676 8.831358555555555
1.2800838947296143 8.796451999999999
1.2868225574493408 8.744092166666666
1.2915980815887451 8.70918561111111
1.2977142333984375 8.674279055555555
1.3026752471923828 8.6393725
1.308290958404541 8.604465944444444
1.3133435249328613 8.569559388888889
1.3216919898986816 8.499746277777778
1.3277151584625244 8.447386444444446
1.3326752185821533 8.412479888888887
1.3394131660461426 8.377573333333332
1.3442084789276123 8.3252135
1.3499696254730225 8.272853666666666
1.355015516281128 8.237947111111112
1.3608982563018799 8.185587277777778
1.3660497665405273 8.133227444444444
1.37141752243042 8.080867611111112
1.3822970390319824 7.993601222222221
1.3902883529663086 7.906334833333333
1.3953399658203125 7.853975
1.4013221263885498 7.801615166666666
1.4070870876312256 7.749255333333333
1.4119799137115479 7.6968955
1.4180541038513184 7.644535666666666
1.422989845275879 7.592175833333332
1.428835391998291 7.539815999999999
1.4337010383605957 7.470002888888889
1.4402904510498047 7.400189777777777
1.445338249206543 7.347829944444444
1.4510152339935303 7.295470111111111
1.4567019939422607 7.2431102777777765
1.4614906311035156 7.173297166666666
1.4672741889953613 7.120937333333333
1.4721617698669434 7.051124222222222
1.4781672954559326 6.998764388888889
1.4830782413482666 6.946404555555556
1.4897456169128418 6.859138166666666
1.4947731494903564 6.806778333333333
1.5002577304840088 6.736965222222222
1.5052671432495117 6.702058666666666
1.510979175567627 6.6322455555555555
1.5161054134368896 6.562432444444444
1.5214018821716309 6.492619333333334
1.527207374572754 6.440259499999999
1.532301425933838 6.3704463888888885
1.538210391998291 6.28318
1.5440561771392822 6.213366888888889
1.5497510433197021 6.143553777777777
1.5547637939453125 6.108647222222222
1.5602433681488037 6.021380833333334
1.5652797222137451 5.969021
1.5709798336029053 5.899207888888888
1.5761020183563232 5.829394777777778
1.581458568572998 5.759581666666667
1.5872774124145508 5.707221833333333
1.593325138092041 5.619955444444445
1.5993163585662842 5.550142333333333
1.604076623916626 5.480329222222222
1.6097900867462158 5.393062833333333
1.6147792339324951 5.3407029999999995
1.62028169631958 5.270889888888889
1.625305414199829 5.201076777777777
1.63100004196167 5.148716944444444
1.6366539001464844 5.061450555555555
1.6423726081848145 4.991637444444444
1.6481897830963135 4.921824333333333
1.6532046794891357 4.8694645
1.65926194190979 4.782198111111111
1.66402268409729 4.712384999999999
1.6697537899017334 4.642571888888889
1.6747615337371826 4.590212055555555
1.6802527904510498 4.502945666666666
1.685300588607788 4.433132555555556
1.6916017532348633 4.380772722222222
1.6976137161254883 4.276053055555556
1.7023568153381348 4.223693222222223
1.7081148624420166 4.1538801111111106
1.713038682937622 4.1015202777777775
1.7191345691680908 4.031707166666667
1.723923921585083 3.9444407777777775
1.7297337055206299 3.8746276666666666
1.7347590923309326 3.822267833333333
1.7402610778808594 3.752454722222222
1.747075080871582 3.6651883333333335
1.751854419708252 3.5953752222222217
1.7578485012054443 3.525562111111111
1.7627551555633545 3.473202277777778
1.7683866024017334 3.4033891666666665
1.7734966278076172 3.3335760555555556
1.7866747379302979 3.193949833333333
1.7927916049957275 3.1066834444444447
1.7988653182983398 3.0368703333333333
1.8038041591644287 2.967057222222222
1.809751272201538 2.897244111111111
1.8147475719451904 2.8623375555555555
1.8202564716339111 2.792524444444444
1.8253037929534912 2.7227113333333333
1.8310372829437256 2.6703514999999998
1.8367526531219482 2.6179916666666667
1.8416945934295654 2.5481785555555554
1.8488428592681885 2.478365444444444
1.8537766933441162 2.408552333333333
1.8595263957977295 2.3561924999999997
1.8643221855163574 2.3038326666666666
1.870072841644287 2.251472833333333
1.8751211166381836 2.1991129999999997
1.8808708190917969 2.1467531666666666
1.8860297203063965 2.0769400555555553
1.891366958618164 2.0245802222222222
1.898210048675537 1.9722203888888887
1.9032766819000244 1.9198605555555557
1.9091310501098633 1.8675007222222222
1.9139432907104492 1.8151408888888887
1.9198665618896484 1.7627810555555554
1.9249351024627686 1.7278745
1.9306888580322266 1.6755146666666665
1.9355204105377197 1.6231548333333334
1.9412906169891357 1.5882482777777776
1.948000431060791 1.5184351666666667
1.952953577041626 1.483528611111111
1.9590520858764648 1.4486220555555556
1.9639005661010742 1.396262222222222
1.9696478843688965 1.3613556666666666
1.974647045135498 1.326449111111111
1.980133056640625 1.2915425555555555
1.985177993774414 1.256636
1.9909555912017822 1.2217294444444444
1.9976170063018799 1.1693696111111112
2.0023746490478516 1.1344630555555555
2.0081844329833984 1.0995564999999998
2.0133323669433594 1.0821032222222222
2.0193095207214355 1.0471966666666666
2.0240981578826904 1.0122901111111111
2.029837131500244 0.9948368333333333
2.034882068634033 0.9773835555555556
2.0404064655303955 0.9424769999999999
2.048220634460449 0.9075704444444443
2.0532889366149902 0.8901171666666666
2.0591259002685547 0.8726638888888889
2.0639073848724365 0.855210611111111
2.0696635246276855 0.8377573333333332
2.0746545791625977 0.8203040555555555
2.0802810192108154 0.8028507777777777
2.0853209495544434 0.7853975
2.0909831523895264 0.7679442222222221
2.0966970920562744 0.7679442222222221
2.1024084091186523 0.7504909444444444
2.10819935798645 0.7504909444444444
2.1132113933563232 0.7330376666666667
2.118927001953125 0.7330376666666667
2.123889207839966 0.7330376666666667
2.129638671875 0.7155843888888889
2.1346356868743896 0.7155843888888889
2.1402816772460938 0.7155843888888889
2.1453168392181396 0.7155843888888889
2.1592817306518555 0.7155843888888889
2.171440839767456 0.7155843888888889
2.1830599308013916 0.7330376666666667
2.190034866333008 0.7330376666666667
2.1950786113739014 0.7504909444444444
2.2017390727996826 0.7504909444444444
2.207864999771118 0.7679442222222221
2.2127745151519775 0.7679442222222221
2.2183713912963867 0.7853975
2.223475933074951 0.8028507777777777
2.2292821407318115 0.8203040555555555
2.2340686321258545 0.8377573333333332
2.2398271560668945 0.855210611111111
2.2448174953460693 0.855210611111111
2.251297950744629 0.8901171666666666
2.2570579051971436 0.9075704444444443
2.261972188949585 0.9250237222222222
2.2679283618927 0.9599302777777778
2.272848606109619 0.9773835555555556
2.2786946296691895 0.9948368333333333
2.283590078353882 1.029743388888889
2.289339065551758 1.0471966666666666
2.2941553592681885 1.0821032222222222
2.3008105754852295 1.1170097777777779
2.3060483932495117 1.1519163333333333
2.3115756511688232 1.1868228888888888
2.317683219909668 1.2217294444444444
2.322709798812866 1.239182722222222
2.3283438682556152 1.2740892777777777
2.3334414958953857 1.3089958333333334
2.339203119277954 1.3439023888888888
2.343987226486206 1.3788089444444445
2.3497259616851807 1.4311687777777777
2.3554611206054688 1.4660753333333334
2.3611533641815186 1.5009818888888888
2.36688232421875 1.5358884444444443
2.3716726303100586 1.5882482777777776
2.3777577877044678 1.640608111111111
2.3827123641967773 1.6755146666666665
2.3883559703826904 1.710421222222222
2.393454074859619 1.7627810555555554
2.3992435932159424 1.7976876111111109
2.405071496963501 1.8500474444444444
2.4123482704162598 1.9024072777777776
2.418130397796631 1.9722203888888887
2.4230329990386963 2.0245802222222222
2.4288177490234375 2.0769400555555553
2.4336884021759033 2.1292998888888888
2.4397521018981934 2.1816597222222223
2.4447503089904785 2.2340195555555558
2.450204372406006 2.286379388888889
2.4569873809814453 2.3387392222222223
2.461733341217041 2.408552333333333
2.467677593231201 2.478365444444444
2.472647190093994 2.513272
2.478217124938965 2.583085111111111
2.483309268951416 2.6179916666666667
2.4890613555908203 2.6878047777777776
2.493896961212158 2.757617888888889
2.499804973602295 2.8099777222222224
2.5055806636810303 2.8797908333333333
2.5113303661346436 2.949603944444444
2.517052173614502 3.0019637777777777
2.521790027618408 3.0717768888888886
2.5277440547943115 3.14159
2.5326898097991943 3.176496555555555
2.538241147994995 3.246309666666667
2.5432567596435547 3.2986695
2.5491676330566406 3.368482611111111
2.554936647415161 3.4382957222222226
2.56082820892334 3.525562111111111
2.5659759044647217 3.5953752222222217
2.571492910385132 3.6651883333333335
2.5772852897644043 3.7175481666666665
2.5897159576416016 3.8920809444444444
2.594695568084717 3.9444407777777775
2.60331392288208 4.0491604444444445
2.6101067066192627 4.1538801111111106
2.615107297897339 4.206239944444444
2.6209871768951416 4.276053055555556
2.6261117458343506 4.3633194444444445
2.631485939025879 4.433132555555556
2.6372463703155518 4.485492388888889
2.6419711112976074 4.572758777777778
2.6478476524353027 4.642571888888889
2.6527748107910156 4.694931722222222
2.659501791000366 4.799651388888888
2.6642966270446777 4.852011222222222
2.6699717044830322 4.939277611111111
2.67498779296875 4.991637444444444
2.6808478832244873 5.078903833333333
2.68597674369812 5.148716944444444
2.6913657188415527 5.235983333333333
2.6971850395202637 5.2883431666666665
2.7022945880889893 5.375609555555555
2.7092273235321045 5.4454226666666665
2.7139780521392822 5.532689055555555
2.7197084426879883 5.602502166666667
2.7247159481048584 5.654862
2.730302333831787 5.742128388888888
2.735295057296753 5.829394777777778
2.7411277294158936 5.881754611111111
2.746821880340576 5.951567722222221
2.7515783309936523 6.038834111111111
2.758275270462036 6.091193944444444
2.763326644897461 6.178460333333333
2.769141912460327 6.248273444444444
2.773939609527588 6.318086555555555
2.7796874046325684 6.405352944444444
2.7847042083740234 6.457712777777777
2.7901597023010254 6.544979166666667
2.795168399810791 6.597339
2.801053285598755 6.667152111111111
2.8067657947540283 6.736965222222222
2.8126988410949707 6.82423161111111
2.818276882171631 6.8940447222222225
2.8233184814453125 6.946404555555556
2.829299211502075 7.016217666666667
2.8340466022491455 7.103484055555555
2.8397839069366455 7.173297166666666
2.844775915145874 7.225656999999999
2.8503174781799316 7.295470111111111
2.8553552627563477 7.365283222222223
2.86191725730896 7.435096333333333
2.867867946624756 7.504909444444444
2.872796058654785 7.5572692777777775
2.878382682800293 7.627082388888888
2.883467674255371 7.6968955
2.8892624378204346 7.749255333333333
2.8940412998199463 7.8190684444444445
2.89978289604187 7.8714282777777775
2.9047751426696777 7.923788111111111
2.911292791366577 7.993601222222221
2.917041778564453 8.045961055555555
2.9221370220184326 8.115774166666666
2.9280149936676025 8.168134
2.9329142570495605 8.220493833333332
2.938716173171997 8.272853666666666
2.9435977935791016 8.342666777777778
2.9493789672851562 8.377573333333332
2.954193353652954 8.429933166666666
2.9610657691955566 8.499746277777778
2.966822624206543 8.552106111111112
2.9715898036956787 8.604465944444444
2.9773201942443848 8.656825777777778
2.99019193649292 8.761545444444444
2.9952449798583984 8.796451999999999
3.0011162757873535 8.848811833333334
