0.003564596176147461 0.01745327777777778
0.009673595428466797 0.05235983333333333
0.018959760665893555 0.08726638888888888
0.02420496940612793 0.10471966666666666
0.031132936477661133 0.12217294444444445
0.035948991775512695 0.1570795
0.04181170463562012 0.17453277777777776
0.04684138298034668 0.17453277777777776
0.052556514739990234 0.19198605555555553
0.057364463806152344 0.2094393333333333
0.06330370903015137 0.2268926111111111
0.069061279296875 0.2443458888888889
0.08251810073852539 0.2967057222222222
0.0873258113861084 0.314159
0.09365653991699219 0.33161227777777774
0.09975934028625488 0.3490655555555555
0.10466957092285156 0.36651883333333335
0.11053943634033203 0.38397211111111107
0.11542701721191406 0.4188786666666666
0.12123584747314453 0.43633194444444445
0.12605762481689453 0.47123849999999995
0.1329059600830078 0.4886917777777778
0.13867712020874023 0.5235983333333333
0.14362215995788574 0.5585048888888889
0.14959120750427246 0.5934114444444444
0.15458202362060547 0.6108647222222222
0.16023588180541992 0.6632245555555555
0.1652851104736328 0.698131111111111
0.17108368873596191 0.7155843888888889
0.1758410930633545 0.7679442222222221
0.18250346183776855 0.8028507777777777
0.18735241889953613 0.855210611111111
0.19327139854431152 0.9075704444444443
0.19903087615966797 0.9250237222222222
0.20412993431091309 0.9773835555555556
0.20990204811096191 1.029743388888889
0.21490025520324707 1.0646499444444444
0.22072744369506836 1.1170097777777779
0.22566962242126465 1.1693696111111112
0.23215436935424805 1.239182722222222
0.23728132247924805 1.2915425555555555
0.2429978847503662 1.326449111111111
0.2487325668334961 1.396262222222222
0.25348758697509766 1.4486220555555556
0.25957560539245605 1.5184351666666667
0.2645530700683594 1.5533417222222223
0.2701435089111328 1.6231548333333334
0.27527666091918945 1.6929679444444443
0.2810349464416504 1.7278745
0.2868387699127197 1.7976876111111109
0.292604923248291 1.8675007222222222
0.29738283157348633 1.9373138333333333
0.3031330108642578 2.0071269444444444
0.3088562488555908 2.0420335
0.3135695457458496 2.1118466111111114
0.31964612007141113 2.1816597222222223
0.3245875835418701 2.2340195555555558
0.33022069931030273 2.3212859444444445
0.3361928462982178 2.3910990555555554
0.3419382572174072 2.4609121666666667
0.34694814682006836 2.513272
0.3526618480682373 2.583085111111111
0.35743141174316406 2.6703514999999998
0.36318373680114746 2.740164611111111
0.368910551071167 2.792524444444444
0.3736541271209717 2.8623375555555555
0.3797926902770996 2.949603944444444
0.3857307434082031 3.0194170555555555
0.3914914131164551 3.0892301666666664
0.39650440216064453 3.14159
0.40196704864501953 3.2288563888888886
0.4070289134979248 3.2637629444444447
0.41277599334716797 3.351029333333333
0.418550968170166 3.420842444444444
0.42337918281555176 3.5081088333333335
0.4291539192199707 3.5604686666666665
0.43411827087402344 3.6302817777777774
0.4411003589630127 3.7000948888888887
0.4459254741668701 3.7873612777777774
0.45180726051330566 3.857174388888889
0.4568343162536621 3.8920809444444444
0.46256017684936523 3.979347333333333
0.4673740863800049 4.0491604444444445
0.48104095458984375 4.171333388888889
0.4867985248565674 4.2585997777777775
0.4927504062652588 4.328412888888889
0.49793457984924316 4.398225999999999
0.5035717487335205 4.450585833333333
0.5096886157989502 4.520398944444445
0.5146632194519043 4.572758777777778
0.5202383995056152 4.6251186111111116
0.5253853797912598 4.694931722222222
0.5312051773071289 4.729838277777778
0.5369195938110352 4.782198111111111
0.5426857471466064 4.834557944444445
0.5478644371032715 4.904371055555555
0.5532066822052002 4.956730888888888
0.5590169429779053 4.991637444444444
0.5641355514526367 5.043997277777778
0.5699172019958496 5.078903833333333
0.5748658180236816 5.113810388888889
0.5809767246246338 5.148716944444444
0.5858054161071777 5.201076777777777
0.5921969413757324 5.235983333333333
0.5972738265991211 5.270889888888889
0.60298752784729 5.305796444444444
0.6087179183959961 5.323249722222222
0.6135632991790771 5.358156277777778
0.6196451187133789 5.393062833333333
0.6245784759521484 5.410516111111111
0.6301960945129395 5.427969388888889
0.6352736949920654 5.462875944444445
0.6418185234069824 5.480329222222222
0.6468379497528076 5.480329222222222
0.6525566577911377 5.4977825
0.6573474407196045 5.515235777777778
0.6630868911743164 5.515235777777778
0.6688747406005859 5.532689055555555
0.673651933670044 5.532689055555555
0.6797988414764404 5.532689055555555
0.6847255229949951 5.550142333333333
0.6913497447967529 5.550142333333333
0.6961655616760254 5.532689055555555
0.7019481658935547 5.532689055555555
0.706958532333374 5.532689055555555
0.7128310203552246 5.532689055555555
0.7185099124908447 5.515235777777778
0.7233295440673828 5.4977825
0.729128360748291 5.4977825
0.7340087890625 5.480329222222222
0.7411384582519531 5.462875944444445
0.7459330558776855 5.4454226666666665
0.7516779899597168 5.427969388888889
0.7566845417022705 5.410516111111111
0.7622137069702148 5.375609555555555
0.767327070236206 5.358156277777778
0.7730817794799805 5.323249722222222
0.7788736820220947 5.305796444444444
0.7836394309997559 5.270889888888889
0.7896292209625244 5.235983333333333
0.7955312728881836 5.201076777777777
0.8015255928039551 5.166170222222222
0.8065240383148193 5.1312636666666664
0.8119819164276123 5.096357111111111
0.8170552253723145 5.061450555555555
0.8228085041046143 5.009090722222222
0.8284976482391357 4.974184166666666
0.8333437442779541 4.921824333333333
0.8391139507293701 4.886917777777778
0.8454468250274658 4.834557944444445
0.8512775897979736 4.799651388888888
0.8560872077941895 4.729838277777778
0.8619644641876221 4.677478444444445
0.8669934272766113 4.642571888888889
0.8773908615112305 4.590212055555555
0.8850293159484863 4.4680391111111115
0.8910689353942871 4.415679277777778
0.8968503475189209 4.345866166666666
0.9034502506256104 4.276053055555556
0.9096143245697021 4.206239944444444
0.9145662784576416 4.1538801111111106
0.9206089973449707 4.1015202777777775
0.9254708290100098 4.031707166666667
0.9313111305236816 3.9618940555555553
0.9360778331756592 3.9095342222222222
0.941784143447876 3.8397211111111114
0.9479434490203857 3.7699079999999996
0.9532930850982666 3.7000948888888887
0.9591271877288818 3.6651883333333335
0.9639861583709717 3.5953752222222217
0.9699783325195312 3.5081088333333335
0.974884033203125 3.473202277777778
0.981003999710083 3.4033891666666665
0.9857962131500244 3.3335760555555556
0.9915657043457031 3.246309666666667
0.9973692893981934 3.176496555555555
1.003117561340332 3.124136722222222
1.008882999420166 3.054323611111111
1.0136544704437256 2.9845105
1.0196292400360107 2.914697388888889
1.0245583057403564 2.8623375555555555
1.0301947593688965 2.792524444444444
1.0352914333343506 2.7227113333333333
1.0412812232971191 2.6703514999999998
1.047109603881836 2.6005383888888884
1.0528759956359863 2.513272
1.05857253074646 2.443458888888889
1.0633494853973389 2.3736457777777775
1.0691211223602295 2.3212859444444445
1.0740277767181396 2.251472833333333
1.0798659324645996 2.1816597222222223
1.0847649574279785 2.1467531666666666
1.0905935764312744 2.0769400555555553
1.0961990356445312 2.0071269444444444
1.1021780967712402 1.9373138333333333
1.1072828769683838 1.8675007222222222
1.1129889488220215 1.8151408888888887
1.1187384128570557 1.7453277777777778
1.1235086917877197 1.6929679444444443
1.131075382232666 1.6231548333333334
1.1359057426452637 1.5533417222222223
1.141791582107544 1.5009818888888888
1.1484768390655518 1.4311687777777777
1.1534323692321777 1.3788089444444445
1.1596598625183105 1.326449111111111
1.1646356582641602 1.2740892777777777
1.170236587524414 1.2217294444444444
1.175384521484375 1.1693696111111112
1.1811387538909912 1.1344630555555555
1.1859424114227295 1.0821032222222222
1.1916770935058594 1.0471966666666666
1.1974010467529297 0.9948368333333333
1.203153133392334 0.9424769999999999
1.2089295387268066 0.9250237222222222
1.213693380355835 0.8901171666666666
1.219834566116333 0.8377573333333332
1.2247514724731445 0.8203040555555555
1.2308590412139893 0.7853975
1.2357161045074463 0.7504909444444444
1.2414593696594238 0.7155843888888889
1.2510523796081543 0.6806778333333333
1.255854845046997 0.6632245555555555
1.2615721225738525 0.628318
1.2665832042694092 0.628318
1.2722132205963135 0.6108647222222222
1.2848472595214844 0.5759581666666667
1.290975570678711 0.5585048888888889
1.2957684993743896 0.5585048888888889
1.3026821613311768 0.5410516111111111
1.3078758716583252 0.5410516111111111
1.3133695125579834 0.5410516111111111
1.3191492557525635 0.5410516111111111
1.324084997177124 0.5410516111111111
1.3298959732055664 0.5410516111111111
1.334808111190796 0.5585048888888889
1.340893030166626 0.5585048888888889
1.345735788345337 0.5759581666666667
1.3521671295166016 0.5934114444444444
1.3572463989257812 0.6108647222222222
1.3631389141082764 0.6108647222222222
1.3688900470733643 0.628318
1.3736412525177002 0.6457712777777778
1.379629373550415 0.6806778333333333
1.3845853805541992 0.698131111111111
1.3902056217193604 0.7155843888888889
1.3953170776367188 0.7504909444444444
1.4020648002624512 0.7679442222222221
1.407125473022461 0.8028507777777777
1.4128408432006836 0.8203040555555555
1.4185433387756348 0.855210611111111
1.4233427047729492 0.9075704444444443
1.42911696434021 0.9250237222222222
1.43398118019104 0.9599302777777778
1.4397962093353271 1.0122901111111111
1.4447448253631592 1.029743388888889
1.451526165008545 1.0821032222222222
1.4565837383270264 1.1344630555555555
1.4622399806976318 1.1693696111111112
1.4673168659210205 1.2217294444444444
1.473073959350586 1.256636
1.4788920879364014 1.3089958333333334
1.4836418628692627 1.3613556666666666
1.4897642135620117 1.4137155
1.4947197437286377 1.4660753333333334
1.5005629062652588 1.5184351666666667
1.5065009593963623 1.570795
1.5119783878326416 1.640608111111111
1.5170652866363525 1.6755146666666665
1.5229337215423584 1.7453277777777778
1.5286791324615479 1.7976876111111109
1.5334711074829102 1.8675007222222222
1.5394046306610107 1.9373138333333333
1.5441224575042725 1.9722203888888887
1.549938678741455 2.0420335
1.5558910369873047 2.1118466111111114
1.5616083145141602 2.1816597222222223
1.5665836334228516 2.2340195555555558
1.5720877647399902 2.3038326666666666
1.5771167278289795 2.3736457777777775
1.5829880237579346 2.426005611111111
1.5887272357940674 2.495818722222222
1.5934748649597168 2.5656318333333332
1.599402666091919 2.6354449444444445
1.6052911281585693 2.7227113333333333
1.6110296249389648 2.7750711666666663
1.6158535480499268 2.8448842777777776
1.6216952800750732 2.914697388888889
1.6266961097717285 2.967057222222222
1.632155418395996 3.054323611111111
1.6372032165527344 3.124136722222222
1.6430981159210205 3.176496555555555
1.6488838195800781 3.246309666666667
1.6547958850860596 3.3335760555555556
1.6606590747833252 3.4033891666666665
1.6655209064483643 3.473202277777778
1.671332597732544 3.5604686666666665
1.6821036338806152 3.6826416111111113
1.689521074295044 3.7873612777777774
1.6944656372070312 3.8397211111111114
1.700629472732544 3.9095342222222222
1.7066280841827393 3.979347333333333
1.7125554084777832 4.066613722222222
1.7173447608947754 4.136426833333333
1.7230751514434814 4.171333388888889
1.7290043830871582 4.2585997777777775
1.7339863777160645 4.328412888888889
1.739858627319336 4.398225999999999
1.7447736263275146 4.433132555555556
1.7507612705230713 4.502945666666666
1.7567088603973389 4.572758777777778
1.7625648975372314 4.642571888888889
1.767357587814331 4.694931722222222
1.7731246948242188 4.747291555555555
1.7788825035095215 4.799651388888888
1.7836310863494873 4.8694645
1.7896220684051514 4.921824333333333
1.7945568561553955 4.974184166666666
1.8001909255981445 5.026544
1.806077241897583 5.078903833333333
1.811814308166504 5.1312636666666664
1.8168580532073975 5.166170222222222
1.8227365016937256 5.218530055555556
1.8278698921203613 5.253436611111111
1.8331830501556396 5.305796444444444
1.8390045166015625 5.323249722222222
1.8440001010894775 5.375609555555555
1.8498339653015137 5.410516111111111
1.8547887802124023 5.427969388888889
1.8614513874053955 5.480329222222222
1.8662278652191162 5.4977825
1.871948003768921 5.532689055555555
1.8769357204437256 5.550142333333333
1.882812738418579 5.585048888888888
1.8879339694976807 5.602502166666667
1.8932571411132812 5.619955444444445
1.8990299701690674 5.637408722222222
1.9051125049591064 5.654862
1.911686658859253 5.672315277777778
1.9166712760925293 5.689768555555555
1.9221687316894531 5.689768555555555
1.9272356033325195 5.707221833333333
1.9330055713653564 5.707221833333333
1.9387412071228027 5.707221833333333
1.9436683654785156 5.707221833333333
1.949617862701416 5.707221833333333
1.9545862674713135 5.707221833333333
1.9613375663757324 5.689768555555555
1.9661602973937988 5.689768555555555
1.9718356132507324 5.672315277777778
1.976836919784546 5.672315277777778
1.9825234413146973 5.654862
1.9873316287994385 5.637408722222222
1.9930593967437744 5.637408722222222
1.9988915920257568 5.602502166666667
2.0037848949432373 5.585048888888888
2.010890483856201 5.567595611111111
2.01576566696167 5.532689055555555
2.021501064300537 5.515235777777778
2.0264694690704346 5.4977825
2.031959295272827 5.462875944444445
2.036984920501709 5.4454226666666665
2.042722463607788 5.410516111111111
2.04789662361145 5.375609555555555
2.053215503692627 5.3407029999999995
2.0600578784942627 5.305796444444444
2.0651450157165527 5.270889888888889
2.070976972579956 5.235983333333333
2.081331968307495 5.1836234999999995
2.088587760925293 5.096357111111111
2.093541145324707 5.043997277777778
2.09965443611145 4.991637444444444
2.1045706272125244 4.956730888888888
2.1115365028381348 4.904371055555555
2.11651873588562 4.852011222222222
2.122178077697754 4.799651388888888
2.1272501945495605 4.747291555555555
2.1329357624053955 4.694931722222222
2.138686418533325 4.642571888888889
2.1436092853546143 4.590212055555555
2.1495721340179443 4.520398944444445
2.1544811725616455 4.485492388888889
2.160208225250244 4.415679277777778
2.1661901473999023 4.345866166666666
2.171898126602173 4.293506333333333
2.1769397258758545 4.2411465
2.182816982269287 4.171333388888889
2.188488721847534 4.1015202777777775
2.1932735443115234 4.0491604444444445
2.1990468502044678 3.9968006111111105
2.2037665843963623 3.9269875
2.2096588611602783 3.857174388888889
2.215639114379883 3.7873612777777774
2.221346378326416 3.7175481666666665
2.2261245250701904 3.6651883333333335
2.23185133934021 3.5953752222222217
2.2368507385253906 3.5430153888888887
2.242781162261963 3.473202277777778
2.2479281425476074 3.4033891666666665
2.2532262802124023 3.3335760555555556
2.259033441543579 3.281216222222222
2.265075445175171 3.2114031111111108
2.271193742752075 3.14159
2.2759618759155273 3.054323611111111
2.281684637069702 2.9845105
2.2867138385772705 2.949603944444444
2.292192220687866 2.8623375555555555
2.297283411026001 2.792524444444444
2.3031766414642334 2.7227113333333333
2.308927536010742 2.6703514999999998
2.3148245811462402 2.6005383888888884
2.320668935775757 2.5307252777777776
2.325531482696533 2.4609121666666667
2.3313910961151123 2.3910990555555554
2.3362207412719727 2.3387392222222223
2.3419389724731445 2.268926111111111
2.346966505050659 2.216566277777778
2.352681875228882 2.1467531666666666
2.3578877449035645 2.0769400555555553
2.364539623260498 2.0071269444444444
2.3702077865600586 1.9547671111111111
2.3753185272216797 1.8849539999999998
2.381120204925537 1.8325941666666667
2.3859381675720215 1.7802343333333333
2.391680955886841 1.710421222222222
2.396683692932129 1.6755146666666665
2.4025795459747314 1.6057015555555554
2.407372236251831 1.5533417222222223
2.4131267070770264 1.483528611111111
2.419975757598877 1.4311687777777777
2.424884557723999 1.396262222222222
2.4306752681732178 1.3439023888888888
2.435619831085205 1.2915425555555555
2.441366195678711 1.239182722222222
2.446188449859619 1.2042761666666666
2.4519166946411133 1.1693696111111112
2.456963539123535 1.1344630555555555
2.4627325534820557 1.0821032222222222
2.4694159030914307 1.029743388888889
2.474196195602417 0.9948368333333333
2.4866862297058105 0.9424769999999999
2.4925737380981445 0.8901171666666666
2.4973809719085693 0.8726638888888889
2.5033326148986816 0.8377573333333332
2.509093999862671 0.8203040555555555
2.5141944885253906 0.8028507777777777
2.523439884185791 0.7679442222222221
2.529571771621704 0.7504909444444444
2.5344932079315186 0.7330376666666667
2.5402259826660156 0.7155843888888889
2.54532527923584 0.7155843888888889
2.551146984100342 0.698131111111111
2.555919885635376 0.698131111111111
2.561657190322876 0.6806778333333333
2.5673398971557617 0.6806778333333333
2.573124885559082 0.6806778333333333
2.5788638591766357 0.6806778333333333
2.5836381912231445 0.698131111111111
2.589614152908325 0.698131111111111
2.594540596008301 0.698131111111111
2.600574016571045 0.7155843888888889
2.6054842472076416 0.7330376666666667
2.6113345623016357 0.7504909444444444
2.6162221431732178 0.7504909444444444
2.622905969619751 0.7679442222222221
2.6286227703094482 0.7853975
2.6334033012390137 0.8203040555555555
2.639157295227051 0.8203040555555555
2.6441287994384766 0.855210611111111
2.6499533653259277 0.8726638888888889
2.654897928237915 0.8901171666666666
2.661017894744873 0.9250237222222222
2.6658384799957275 0.9599302777777778
2.672239303588867 0.9948368333333333
2.677318811416626 1.029743388888889
2.683012008666992 1.0646499444444444
2.6887154579162598 1.0995564999999998
2.69348406791687 1.1344630555555555
2.6994106769561768 1.1868228888888888
2.704164981842041 1.2042761666666666
2.709970474243164 1.256636
2.714873790740967 1.2915425555555555
2.721738338470459 1.3613556666666666
2.726724147796631 1.396262222222222
2.7322041988372803 1.4486220555555556
2.737262010574341 1.5009818888888888
2.743060350418091 1.5358884444444443
2.7489280700683594 1.5882482777777776
2.7536520957946777 1.640608111111111
2.759660482406616 1.710421222222222
2.764585256576538 1.7453277777777778
2.771357774734497 1.7976876111111109
2.77618145942688 1.8675007222222222
2.782125234603882 1.9373138333333333
2.7871575355529785 1.9896736666666666
2.7930142879486084 2.0420335
2.798748016357422 2.1118466111111114
2.8034892082214355 2.1642064444444444
2.8094561100006104 2.2340195555555558
2.8141958713531494 2.286379388888889
2.8199996948242188 2.3561924999999997
2.825939178466797 2.426005611111111
2.8316428661346436 2.495818722222222
2.836601734161377 2.5481785555555554
2.8424723148345947 2.6179916666666667
2.847336769104004 2.6878047777777776
2.8530218601226807 2.740164611111111
2.8587381839752197 2.8099777222222224
2.8635127544403076 2.8797908333333333
2.869448661804199 2.967057222222222
2.8753650188446045 3.0368703333333333
2.886030912399292 3.1590432777777777
2.893122911453247 3.246309666666667
2.8989129066467285 3.3161227777777778
2.9050934314727783 3.4033891666666665
2.911172389984131 3.473202277777778
2.9159679412841797 3.5430153888888887
2.921844005584717 3.6302817777777774
2.928607702255249 3.7000948888888887
2.933443784713745 3.7873612777777774
2.9391603469848633 3.857174388888889
2.944030284881592 3.9095342222222222
2.949885129928589 3.979347333333333
2.954784870147705 4.031707166666667
2.9608705043792725 4.1015202777777775
2.9657344818115234 4.171333388888889
2.971471071243286 4.2585997777777775
2.977309465408325 4.328412888888889
2.9830126762390137 4.380772722222222
2.9887454509735107 4.450585833333333
2.9935178756713867 4.520398944444445
2.9994544982910156 4.590212055555555
