0.005313873291015625 0.0
0.016117334365844727 0.0
0.02169489860534668 0.0
0.02667975425720215 0.0
0.032036542892456055 0.0
0.03767228126525879 0.0
0.04229593276977539 0.0
0.047882795333862305 0.0
0.052509307861328125 0.0
0.058559417724609375 0.0
0.06439805030822754 0.0
0.07001090049743652 0.0
0.07462215423583984 0.0
0.08017754554748535 0.0
0.08481836318969727 0.0
0.09038257598876953 0.0
0.09522175788879395 0.0
0.10064053535461426 0.0
0.10555768013000488 0.0
0.11091017723083496 0.0
0.11741018295288086 0.0
0.12227082252502441 0.0
0.12792277336120605 0.0
0.13254666328430176 0.0
0.13836145401000977 0.0
0.14293956756591797 0.0
0.14860129356384277 0.0
0.1533799171447754 0.0
0.15923357009887695 0.0
0.16473126411437988 0.0
0.17036199569702148 0.0
0.17496776580810547 0.0
0.1806962490081787 0.0
0.18560361862182617 0.0
0.19095706939697266 0.0
0.19584894180297852 0.0
0.20145344734191895 0.0
0.20612549781799316 0.0
0.21170353889465332 0.0
0.2182173728942871 0.0
0.22275495529174805 0.0
0.22846245765686035 0.0
0.23324179649353027 0.0
0.2388451099395752 0.0
0.24376440048217773 0.0
0.24934601783752441 0.0
0.25406789779663086 0.0
0.2598717212677002 0.0
0.26449012756347656 0.0
0.270754337310791 0.0
0.27566027641296387 0.0
0.28122878074645996 0.0
0.2859020233154297 0.0
0.2916240692138672 0.0
0.29665184020996094 0.0
0.3028736114501953 0.0
0.30857253074645996 0.0
0.31334590911865234 0.0
0.3199121952056885 0.0
0.3245816230773926 0.0
0.33017778396606445 0.0
0.33481884002685547 0.0
0.3404059410095215 0.0
0.3452587127685547 0.0
0.35062146186828613 0.0
0.3554816246032715 0.0
0.3693268299102783 0.0
0.3740377426147461 0.0
0.3798558712005615 0.0
0.38452744483947754 0.0
0.3902921676635742 0.0
0.39492249488830566 0.0
0.40065932273864746 0.0
0.4055812358856201 0.0
0.41092967987060547 0.0
0.4158592224121094 0.0
0.4222757816314697 0.0
0.4278895854949951 0.0
0.4325118064880371 0.0
0.4383275508880615 0.0
0.44293808937072754 0.0
0.44860267639160156 0.0
0.453387975692749 0.0
0.458815336227417 0.0
0.463608980178833 0.0
0.47016429901123047 0.0
0.474872350692749 0.0
0.48072052001953125 0.0
0.48560476303100586 0.0
0.49125242233276367 0.0
0.49594712257385254 0.0
0.5015077590942383 0.0
0.5061907768249512 0.0
0.5117948055267334 0.0
0.5173482894897461 0.0
0.5229027271270752 0.0
0.5285961627960205 0.0
0.5335495471954346 0.0
0.5393822193145752 0.0
0.5441277027130127 0.0
0.5499861240386963 0.0
0.5546205043792725 0.0
0.560234546661377 0.0
0.5648982524871826 0.0
0.5715122222900391 0.0
0.576195240020752 0.0
0.5818169116973877 0.0
0.587439775466919 0.0
0.5920844078063965 0.0
0.5977170467376709 0.0
0.6024618148803711 0.0
0.6083536148071289 0.0
0.6129274368286133 0.0
0.6186037063598633 0.0
0.624441385269165 0.0
0.6300349235534668 0.0
0.6346948146820068 0.0
0.6402654647827148 0.0
0.644946813583374 0.0
0.6505389213562012 0.0
0.6553819179534912 0.0
0.6608927249908447 0.0
0.6658122539520264 0.0
0.6714034080505371 0.0
0.6777932643890381 0.0
0.682563304901123 0.0
0.6883800029754639 0.0
0.6929881572723389 0.0
0.6986303329467773 0.0
0.7034740447998047 0.0
0.7089722156524658 0.0
0.7138731479644775 0.0
0.7197391986846924 0.0
0.7253932952880859 0.0
0.7307944297790527 0.0
0.7356688976287842 0.0
0.7412426471710205 0.0
0.7459187507629395 0.0
0.7514941692352295 0.0
0.7561326026916504 0.0
0.7683999538421631 0.0
0.7729644775390625 0.0
0.7800214290618896 0.0
0.7846982479095459 0.0
0.7904133796691895 0.0
0.7952761650085449 0.0
0.8006453514099121 0.0
0.8055109977722168 0.0
0.811272382736206 0.0
0.8160305023193359 0.0
0.8215808868408203 0.0
0.8278989791870117 0.0
0.8325145244598389 0.0
0.8384621143341064 0.0
0.8432908058166504 0.0
0.848747968673706 0.0
0.8535435199737549 0.0
0.8589615821838379 0.0
0.8638498783111572 0.0
0.8693931102752686 0.0
0.8741714954376221 0.0
0.8805084228515625 0.0
0.8853862285614014 0.0
0.8914446830749512 0.0
0.8961005210876465 0.01745327777777778
0.9020233154296875 0.01745327777777778
0.9077737331390381 0.01745327777777778
0.9124455451965332 0.01745327777777778
0.9183483123779297 0.01745327777777778
0.9232101440429688 0.01745327777777778
0.9298169612884521 0.01745327777777778
0.9345169067382812 0.01745327777777778
0.9403781890869141 0.01745327777777778
0.9452996253967285 0.01745327777777778
0.9507412910461426 0.03490655555555556
0.9556915760040283 0.03490655555555556
0.9615440368652344 0.03490655555555556
0.966630220413208 0.03490655555555556
0.9718985557556152 0.03490655555555556
0.9784770011901855 0.05235983333333333
0.9833357334136963 0.05235983333333333
0.9888629913330078 0.05235983333333333
0.9938101768493652 0.05235983333333333
0.999448299407959 0.05235983333333333
1.0042262077331543 0.06981311111111112
1.0099668502807617 0.06981311111111112
1.0147061347961426 0.06981311111111112
1.0205492973327637 0.06981311111111112
1.025480031967163 0.08726638888888888
1.0318241119384766 0.08726638888888888
1.037482500076294 0.08726638888888888
1.0422043800354004 0.08726638888888888
1.0479130744934082 0.10471966666666666
1.052588701248169 0.10471966666666666
1.0584704875946045 0.10471966666666666
1.0633418560028076 0.12217294444444445
1.0692412853240967 0.12217294444444445
1.074066400527954 0.12217294444444445
1.080700397491455 0.12217294444444445
1.0858027935028076 0.13962622222222223
1.0914831161499023 0.13962622222222223
1.0999233722686768 0.13962622222222223
1.1057212352752686 0.1570795
1.1114113330841064 0.1570795
1.11613130569458 0.1570795
1.1217970848083496 0.1570795
1.1274456977844238 0.17453277777777776
1.1333131790161133 0.17453277777777776
1.1389892101287842 0.19198605555555553
1.1439487934112549 0.19198605555555553
1.1497256755828857 0.19198605555555553
1.154449701309204 0.19198605555555553
1.1601862907409668 0.2094393333333333
1.1716969013214111 0.2268926111111111
1.1773090362548828 0.2268926111111111
1.1833834648132324 0.2268926111111111
1.1893205642700195 0.2268926111111111
1.1941330432891846 0.2443458888888889
1.2000315189361572 0.2443458888888889
1.2047605514526367 0.26179916666666664
1.210439920425415 0.26179916666666664
1.2154009342193604 0.26179916666666664
1.2208280563354492 0.27925244444444447
1.2257676124572754 0.27925244444444447
1.2322535514831543 0.27925244444444447
1.2381112575531006 0.2967057222222222
1.2427661418914795 0.2967057222222222
1.2485358715057373 0.2967057222222222
1.253382682800293 0.314159
1.2593355178833008 0.314159
1.2641370296478271 0.33161227777777774
1.2698860168457031 0.33161227777777774
1.274596929550171 0.33161227777777774
1.2802839279174805 0.3490655555555555
1.2860662937164307 0.3490655555555555
1.2917139530181885 0.3490655555555555
1.2974064350128174 0.36651883333333335
1.3032488822937012 0.36651883333333335
1.3088371753692627 0.38397211111111107
1.3140544891357422 0.38397211111111107
1.319904088973999 0.38397211111111107
1.3246116638183594 0.40142538888888885
1.3305015563964844 0.40142538888888885
1.3366467952728271 0.4188786666666666
1.3419103622436523 0.4188786666666666
1.3476266860961914 0.4188786666666666
1.352315902709961 0.43633194444444445
1.3582231998443604 0.43633194444444445
1.3629064559936523 0.4537852222222222
1.3686325550079346 0.4537852222222222
1.3734817504882812 0.47123849999999995
1.3793962001800537 0.47123849999999995
1.385331630706787 0.47123849999999995
1.390779733657837 0.4886917777777778
1.395719051361084 0.4886917777777778
1.4013571739196777 0.5061450555555556
1.4060721397399902 0.5061450555555556
1.4155094623565674 0.5235983333333333
1.421337366104126 0.5235983333333333
1.4260766506195068 0.5410516111111111
1.4318962097167969 0.5410516111111111
1.4387171268463135 0.5585048888888889
1.4435994625091553 0.5585048888888889
1.4493706226348877 0.5759581666666667
1.454197883605957 0.5759581666666667
1.460087537765503 0.5934114444444444
1.4647870063781738 0.5934114444444444
1.4704325199127197 0.6108647222222222
1.4753763675689697 0.6108647222222222
1.4807827472686768 0.6108647222222222
1.4874651432037354 0.628318
1.4921739101409912 0.6457712777777778
1.497892141342163 0.6457712777777778
1.5029962062835693 0.6457712777777778
1.5087168216705322 0.6632245555555555
1.5135843753814697 0.6632245555555555
1.5193538665771484 0.6806778333333333
1.5241641998291016 0.6806778333333333
1.5300538539886475 0.698131111111111
1.5356981754302979 0.698131111111111
1.5461950302124023 0.7155843888888889
1.5542335510253906 0.7330376666666667
1.560748815536499 0.7504909444444444
1.5722270011901855 0.7679442222222221
1.5779001712799072 0.7679442222222221
1.5832037925720215 0.7853975
1.5900657176971436 0.7853975
1.5947835445404053 0.8028507777777777
1.600576400756836 0.8028507777777777
1.6055185794830322 0.8203040555555555
1.6109554767608643 0.8203040555555555
1.616014003753662 0.8377573333333332
1.6218180656433105 0.8377573333333332
1.6274819374084473 0.855210611111111
1.6322076320648193 0.855210611111111
1.6387810707092285 0.8726638888888889
1.643662691116333 0.8901171666666666
1.6494331359863281 0.8901171666666666
1.654231309890747 0.9075704444444443
1.6599764823913574 0.9075704444444443
1.6647062301635742 0.9250237222222222
1.6703803539276123 0.9250237222222222
1.675339937210083 0.9424769999999999
1.680915355682373 0.9599302777777778
1.6858766078948975 0.9599302777777778
1.6921768188476562 0.9773835555555556
1.6981074810028076 0.9773835555555556
1.7027318477630615 0.9948368333333333
1.708543062210083 0.9948368333333333
1.7134120464324951 1.0122901111111111
1.7193551063537598 1.0122901111111111
1.7241485118865967 1.029743388888889
1.7299025058746338 1.029743388888889
1.7346086502075195 1.0471966666666666
1.7413995265960693 1.0646499444444444
1.746119499206543 1.0646499444444444
1.751819133758545 1.0821032222222222
1.7574832439422607 1.0995564999999998
1.7621660232543945 1.0995564999999998
1.767894983291626 1.1170097777777779
1.7725670337677002 1.1170097777777779
1.7784571647644043 1.1344630555555555
1.783313274383545 1.1344630555555555
1.7900404930114746 1.1519163333333333
1.7948215007781982 1.1693696111111112
1.800630807876587 1.1693696111111112
1.805537223815918 1.1868228888888888
1.811250925064087 1.2042761666666666
1.8160524368286133 1.2042761666666666
1.8216679096221924 1.2217294444444444
1.8272898197174072 1.2217294444444444
1.8319931030273438 1.239182722222222
1.837658405303955 1.256636
1.8435335159301758 1.256636
1.8494789600372314 1.2740892777777777
1.8543694019317627 1.2915425555555555
1.860234260559082 1.3089958333333334
1.8649334907531738 1.3089958333333334
1.8705670833587646 1.326449111111111
1.8755133152008057 1.326449111111111
1.880939245223999 1.3439023888888888
1.885890007019043 1.3439023888888888
1.8923132419586182 1.3613556666666666
1.8981711864471436 1.3788089444444445
1.9028663635253906 1.3788089444444445
1.908529281616211 1.396262222222222
1.9133658409118652 1.4137155
1.9193518161773682 1.4137155
1.9241688251495361 1.4311687777777777
1.9316718578338623 1.4486220555555556
1.9372978210449219 1.4660753333333334
1.943331241607666 1.4660753333333334
1.9492855072021484 1.483528611111111
1.954097032546997 1.5009818888888888
1.9600660800933838 1.5184351666666667
1.971247673034668 1.5358884444444443
1.9760360717773438 1.5533417222222223
1.9819517135620117 1.5533417222222223
1.987640380859375 1.570795
1.9936332702636719 1.5882482777777776
1.999629020690918 1.5882482777777776
2.0044143199920654 1.6057015555555554
2.010101079940796 1.6231548333333334
2.0148534774780273 1.640608111111111
2.0205161571502686 1.640608111111111
2.0254409313201904 1.6580613888888889
2.0308663845062256 1.6755146666666665
2.0358572006225586 1.6755146666666665
2.04168701171875 1.6929679444444443
2.0483620166778564 1.710421222222222
2.053215742111206 1.7278745
2.0587334632873535 1.7278745
2.0636045932769775 1.7453277777777778
2.0693719387054443 1.7627810555555554
2.074167490005493 1.7802343333333333
2.0798566341400146 1.7802343333333333
2.0845744609832764 1.7976876111111109
2.0902440547943115 1.8151408888888887
2.095900774002075 1.8325941666666667
2.101722002029419 1.8325941666666667
2.107379674911499 1.8500474444444444
2.112257242202759 1.8675007222222222
2.1179208755493164 1.8849539999999998
2.122744083404541 1.8849539999999998
2.1285314559936523 1.9024072777777776
2.1333816051483154 1.9198605555555557
2.138936758041382 1.9373138333333333
2.1447677612304688 1.9373138333333333
2.150428533554077 1.9547671111111111
2.1553871631622314 1.9722203888888887
2.1609623432159424 1.9896736666666666
2.165926694869995 2.0071269444444444
2.171553611755371 2.0071269444444444
2.176637649536133 2.0245802222222222
2.1818997859954834 2.0420335
2.18760085105896 2.0420335
2.1922826766967773 2.059486777777778
2.198880910873413 2.0769400555555553
2.203850507736206 2.094393333333333
2.2094807624816895 2.1118466111111114
2.214385747909546 2.1118466111111114
2.2202353477478027 2.1467531666666666
2.22497820854187 2.1467531666666666
2.230630874633789 2.1642064444444444
2.235572338104248 2.1816597222222223
2.2413878440856934 2.1816597222222223
2.247803211212158 2.1991129999999997
2.252552032470703 2.216566277777778
2.2584023475646973 2.2340195555555558
2.2632627487182617 2.251472833333333
2.2688164710998535 2.268926111111111
2.273784875869751 2.268926111111111
2.27964186668396 2.286379388888889
2.2844133377075195 2.3038326666666666
2.290111541748047 2.3212859444444445
2.294820547103882 2.3387392222222223
2.302107095718384 2.3561924999999997
2.307851552963257 2.3561924999999997
2.312534809112549 2.3736457777777775
2.318366527557373 2.3910990555555554
2.3232364654541016 2.408552333333333
2.3288049697875977 2.426005611111111
2.3336679935455322 2.426005611111111
2.3397278785705566 2.4609121666666667
2.3444583415985107 2.4609121666666667
2.3507275581359863 2.478365444444444
2.355696201324463 2.495818722222222
2.3613901138305664 2.513272
2.3727455139160156 2.5307252777777776
2.37872314453125 2.5656318333333332
2.3835902214050293 2.5656318333333332
2.389603853225708 2.6005383888888884
2.39438796043396 2.6005383888888884
2.4012362957000732 2.6354449444444445
2.405989646911621 2.6354449444444445
2.4116127490997314 2.652898222222222
2.416699171066284 2.6703514999999998
2.421997308731079 2.6878047777777776
2.4277355670928955 2.7052580555555554
2.4324228763580322 2.7227113333333333
2.4383046627044678 2.740164611111111
2.4429872035980225 2.740164611111111
2.449827194213867 2.757617888888889
2.4545764923095703 2.7750711666666663
2.4604275226593018 2.792524444444444
2.4653522968292236 2.8099777222222224
2.4708189964294434 2.827431
2.4757626056671143 2.8448842777777776
2.481440305709839 2.8623375555555555
2.486189603805542 2.8797908333333333
2.491853713989258 2.8797908333333333
2.497551918029785 2.897244111111111
2.5035455226898193 2.914697388888889
2.5094094276428223 2.932150666666667
2.514225959777832 2.949603944444444
2.520078420639038 2.9845105
2.5248003005981445 2.9845105
2.5304911136627197 3.0019637777777777
2.5354506969451904 3.0194170555555555
2.540924310684204 3.0368703333333333
2.545901298522949 3.054323611111111
2.5523030757904053 3.0717768888888886
2.5582215785980225 3.0892301666666664
2.5628907680511475 3.1066834444444447
2.568596363067627 3.124136722222222
2.5734848976135254 3.124136722222222
2.579421281814575 3.1590432777777777
2.5842273235321045 3.176496555555555
2.589972972869873 3.176496555555555
2.594686269760132 3.193949833333333
2.6003074645996094 3.2288563888888886
2.606062650680542 3.246309666666667
2.6116912364959717 3.246309666666667
2.617368221282959 3.2637629444444447
2.6220834255218506 3.2986695
2.6277968883514404 3.2986695
2.632765054702759 3.3161227777777778
2.6387338638305664 3.3335760555555556
2.6436100006103516 3.351029333333333
2.6493849754333496 3.368482611111111
2.6552553176879883 3.3859358888888886
2.6607072353363037 3.4033891666666665
2.665687322616577 3.420842444444444
2.671355724334717 3.4382957222222226
2.676069736480713 3.455749
2.6816534996032715 3.473202277777778
2.6873202323913574 3.4906555555555556
2.692068099975586 3.5081088333333335
2.697781801223755 3.525562111111111
2.704087972640991 3.5430153888888887
2.709779977798462 3.5604686666666665
2.714491844177246 3.5779219444444443
2.7201998233795166 3.6128284999999996
2.7249398231506348 3.6128284999999996
2.7306008338928223 3.6477350555555557
2.735527753829956 3.6477350555555557
2.7409536838531494 3.6651883333333335
2.745987892150879 3.6826416111111113
2.751622438430786 3.7000948888888887
2.758357048034668 3.7350014444444444
2.7632105350494385 3.7350014444444444
2.7745306491851807 3.7699079999999996
2.7803754806518555 3.8048145555555553
2.785332441329956 3.822267833333333
2.793860912322998 3.8397211111111114
2.799783229827881 3.857174388888889
2.8054747581481934 3.8920809444444444
2.810926675796509 3.9095342222222222
2.8158888816833496 3.9269875
2.82173228263855 3.9444407777777775
2.827368974685669 3.9618940555555553
2.8320679664611816 3.979347333333333
2.837771415710449 3.9968006111111105
2.842482089996338 4.014253888888889
2.8483731746673584 4.031707166666667
2.8532533645629883 4.0491604444444445
2.859856605529785 4.066613722222222
2.8645853996276855 4.084067
2.8702805042266846 4.118973555555556
2.8752284049987793 4.118973555555556
2.8808281421661377 4.136426833333333
2.885880470275879 4.171333388888889
2.8917245864868164 4.188786666666666
2.897385358810425 4.206239944444444
2.902116060256958 4.223693222222223
2.9087095260620117 4.2411465
2.9135475158691406 4.2585997777777775
2.9193434715270996 4.276053055555556
2.924135208129883 4.310959611111111
2.929871082305908 4.310959611111111
2.9345803260803223 4.345866166666666
2.9404308795928955 4.3633194444444445
2.9453542232513428 4.380772722222222
2.9509315490722656 4.398225999999999
2.957552909851074 4.415679277777778
2.96224308013916 4.433132555555556
2.9679088592529297 4.450585833333333
2.972715139389038 4.4680391111111115
2.9784884452819824 4.502945666666666
2.983335494995117 4.520398944444445
2.988957166671753 4.537852222222222
2.9939146041870117 4.555305499999999
2.9998514652252197 4.572758777777778
