0.01798558235168457 0.0 5 5.0 100
0.42459535598754883 4.2411465 5 0.7588534999999998 75.88534999999999
0.8321437835693359 8.534652833333334 5 -3.5346528333333342 -100
1.2411761283874512 5.427969388888889 5 -0.42796938888888914 -42.79693888888892
1.6493830680847168 2.740164611111111 5 2.259835388888889 100
2.057227611541748 6.527525888888889 5 -1.5275258888888894 -100
2.4642767906188965 3.8397211111111114 5 1.1602788888888886 100
2.8719096183776855 6.7544185 5 -1.7544184999999999 -100
3.280465841293335 4.0491604444444445 5 0.9508395555555555 95.08395555555555
3.6882376670837402 6.667152111111111 5 -1.6671521111111112 -100
4.096818208694458 3.8397211111111114 5 1.1602788888888886 100
4.504146337509155 6.719511944444444 5 -1.7195119444444442 -100
4.911717414855957 3.979347333333333 5 1.0206526666666669 100
5.320388317108154 6.82423161111111 5 -1.8242316111111103 -100
5.728330612182617 4.1538801111111106 5 0.8461198888888894 84.61198888888894
6.136082410812378 6.475166055555555 5 -1.4751660555555546 -100
6.543558597564697 3.473202277777778 5 1.5267977222222222 100
6.951143980026245 6.3704463888888885 5 -1.3704463888888885 -100
7.358381032943726 3.6651883333333335 5 1.3348116666666665 100
7.765243768692017 6.510072611111111 5 -1.5100726111111111 -100
8.174931287765503 3.7699079999999996 5 1.2300920000000004 100
8.582970380783081 6.702058666666666 5 -1.702058666666666 -100
8.990100622177124 3.9968006111111105 5 1.0031993888888895 100
9.397989273071289 6.82423161111111 5 -1.8242316111111103 -100
9.80492353439331 4.118973555555556 5 0.8810264444444442 88.10264444444442
10.212130069732666 6.510072611111111 5 -1.5100726111111111 -100
