0.018602848052978516 0.0 5 5.0 100
0.6265194416046143 6.82423161111111 5 -1.8242316111111103 -100
1.2350075244903564 1.6929679444444443 5 3.3070320555555557 100
1.8436365127563477 7.13839061111111 5 -2.1383906111111104 -100
2.4502954483032227 1.9896736666666666 5 3.0103263333333334 100
3.065772771835327 7.400189777777777 5 -2.4001897777777774 -100
3.6756417751312256 2.3387392222222223 5 2.6612607777777777 100
4.2836408615112305 7.749255333333333 5 -2.749255333333333 -100
4.891894817352295 2.6179916666666667 5 2.3820083333333333 100
5.500718355178833 8.063414333333334 5 -3.063414333333334 -100
6.108787298202515 2.932150666666667 5 2.067849333333333 100
6.716587543487549 8.377573333333332 5 -3.3775733333333324 -100
7.324327707290649 3.2637629444444447 5 1.7362370555555553 100
7.931395769119263 8.674279055555555 5 -3.674279055555555 -100
8.538737297058105 3.5953752222222217 5 1.4046247777777783 100
9.147418975830078 8.988438055555555 5 -3.988438055555555 -100
9.754868030548096 3.9095342222222222 5 1.0904657777777778 100
10.361937046051025 9.302597055555555 5 -4.302597055555555 -100
