0.027849912643432617 0.0 5 5.0 100
0.13692426681518555 0.6108647222222222 5 4.389135277777778 100
0.24457955360412598 1.8500474444444444 5 3.1499525555555556 100
0.3516991138458252 3.193949833333333 5 1.806050166666667 100
0.4595339298248291 4.607665333333333 5 0.3923346666666667 39.23346666666667
0.5669112205505371 5.672315277777778 5 -0.6723152777777779 -67.23152777777779
0.67399001121521 5.654862 5 -0.6548619999999996 -65.48619999999997
0.781144380569458 4.939277611111111 5 0.060722388888889256 6.072238888888926
0.8883335590362549 4.555305499999999 5 0.44469450000000066 44.469450000000066
0.9952845573425293 4.8694645 5 0.1305354999999997 13.05354999999997
1.108241081237793 5.1836234999999995 5 -0.1836234999999995 -18.36234999999995
1.2150368690490723 5.113810388888889 5 -0.11381038888888906 -11.381038888888906
1.3223752975463867 4.974184166666666 5 0.025815833333333593 2.5815833333333593
1.4299211502075195 4.956730888888888 5 0.04326911111111187 4.326911111111187
1.5372729301452637 4.974184166666666 5 0.025815833333333593 2.5815833333333593
1.6441080570220947 4.974184166666666 5 0.025815833333333593 2.5815833333333593
1.751110553741455 4.956730888888888 5 0.04326911111111187 4.326911111111187
1.8584742546081543 4.956730888888888 5 0.04326911111111187 4.326911111111187
1.9669315814971924 4.956730888888888 5 0.04326911111111187 4.326911111111187
2.0735065937042236 4.956730888888888 5 0.04326911111111187 4.326911111111187
2.180500030517578 4.956730888888888 5 0.04326911111111187 4.326911111111187
2.2880637645721436 4.956730888888888 5 0.04326911111111187 4.326911111111187
2.3945300579071045 4.956730888888888 5 0.04326911111111187 4.326911111111187
2.501891851425171 4.956730888888888 5 0.04326911111111187 4.326911111111187
2.6098544597625732 4.956730888888888 5 0.04326911111111187 4.326911111111187
2.7171871662139893 4.956730888888888 5 0.04326911111111187 4.326911111111187
2.823761463165283 4.956730888888888 5 0.04326911111111187 4.326911111111187
2.9325480461120605 4.956730888888888 5 0.04326911111111187 4.326911111111187
3.0401976108551025 4.956730888888888 5 0.04326911111111187 4.326911111111187
3.147758722305298 4.956730888888888 5 0.04326911111111187 4.326911111111187
3.254209518432617 4.956730888888888 5 0.04326911111111187 4.326911111111187
3.361485481262207 4.956730888888888 5 0.04326911111111187 4.326911111111187
3.4691128730773926 4.956730888888888 5 0.04326911111111187 4.326911111111187
3.5754446983337402 4.956730888888888 5 0.04326911111111187 4.326911111111187
3.6832032203674316 4.956730888888888 5 0.04326911111111187 4.326911111111187
3.791344165802002 4.956730888888888 5 0.04326911111111187 4.326911111111187
3.89913010597229 4.956730888888888 5 0.04326911111111187 4.326911111111187
4.005428314208984 4.956730888888888 5 0.04326911111111187 4.326911111111187
4.112907886505127 4.956730888888888 5 0.04326911111111187 4.326911111111187
4.220319986343384 4.956730888888888 5 0.04326911111111187 4.326911111111187
4.32785177230835 4.956730888888888 5 0.04326911111111187 4.326911111111187
4.43433141708374 4.956730888888888 5 0.04326911111111187 4.326911111111187
4.54162073135376 4.956730888888888 5 0.04326911111111187 4.326911111111187
4.6495795249938965 4.956730888888888 5 0.04326911111111187 4.326911111111187
4.757837295532227 4.956730888888888 5 0.04326911111111187 4.326911111111187
4.864345073699951 4.956730888888888 5 0.04326911111111187 4.326911111111187
4.9738006591796875 4.956730888888888 5 0.04326911111111187 4.326911111111187
5.087085962295532 4.956730888888888 5 0.04326911111111187 4.326911111111187
5.194004535675049 4.956730888888888 5 0.04326911111111187 4.326911111111187
5.301052808761597 4.956730888888888 5 0.04326911111111187 4.326911111111187
5.4082863330841064 4.956730888888888 5 0.04326911111111187 4.326911111111187
5.51648736000061 4.956730888888888 5 0.04326911111111187 4.326911111111187
5.623220205307007 4.956730888888888 5 0.04326911111111187 4.326911111111187
5.730143308639526 4.956730888888888 5 0.04326911111111187 4.326911111111187
5.837832689285278 4.956730888888888 5 0.04326911111111187 4.326911111111187
5.944321870803833 4.956730888888888 5 0.04326911111111187 4.326911111111187
6.051433324813843 4.956730888888888 5 0.04326911111111187 4.326911111111187
6.159250736236572 4.956730888888888 5 0.04326911111111187 4.326911111111187
6.265487909317017 4.956730888888888 5 0.04326911111111187 4.326911111111187
6.373249292373657 4.956730888888888 5 0.04326911111111187 4.326911111111187
6.48106050491333 4.956730888888888 5 0.04326911111111187 4.326911111111187
6.58832573890686 4.956730888888888 5 0.04326911111111187 4.326911111111187
6.695037841796875 4.956730888888888 5 0.04326911111111187 4.326911111111187
6.801908254623413 4.956730888888888 5 0.04326911111111187 4.326911111111187
6.909672975540161 4.956730888888888 5 0.04326911111111187 4.326911111111187
7.016942024230957 4.956730888888888 5 0.04326911111111187 4.326911111111187
7.1235387325286865 4.956730888888888 5 0.04326911111111187 4.326911111111187
7.2308032512664795 4.956730888888888 5 0.04326911111111187 4.326911111111187
7.338168382644653 4.956730888888888 5 0.04326911111111187 4.326911111111187
7.446515798568726 4.956730888888888 5 0.04326911111111187 4.326911111111187
7.553298473358154 4.956730888888888 5 0.04326911111111187 4.326911111111187
7.660576820373535 4.956730888888888 5 0.04326911111111187 4.326911111111187
7.7679994106292725 4.956730888888888 5 0.04326911111111187 4.326911111111187
7.874509811401367 4.956730888888888 5 0.04326911111111187 4.326911111111187
7.98189640045166 4.956730888888888 5 0.04326911111111187 4.326911111111187
8.089640617370605 4.956730888888888 5 0.04326911111111187 4.326911111111187
8.196945905685425 4.956730888888888 5 0.04326911111111187 4.326911111111187
8.304392576217651 4.956730888888888 5 0.04326911111111187 4.326911111111187
8.41178846359253 4.956730888888888 5 0.04326911111111187 4.326911111111187
8.519415378570557 4.956730888888888 5 0.04326911111111187 4.326911111111187
8.625452041625977 4.956730888888888 5 0.04326911111111187 4.326911111111187
8.732937335968018 4.956730888888888 5 0.04326911111111187 4.326911111111187
8.84032654762268 4.956730888888888 5 0.04326911111111187 4.326911111111187
8.948499202728271 4.956730888888888 5 0.04326911111111187 4.326911111111187
9.055171728134155 4.956730888888888 5 0.04326911111111187 4.326911111111187
9.162418842315674 4.956730888888888 5 0.04326911111111187 4.326911111111187
9.271094560623169 4.956730888888888 5 0.04326911111111187 4.326911111111187
9.37825894355774 4.956730888888888 5 0.04326911111111187 4.326911111111187
9.484970569610596 4.956730888888888 5 0.04326911111111187 4.326911111111187
9.591903924942017 4.956730888888888 5 0.04326911111111187 4.326911111111187
9.699814796447754 4.956730888888888 5 0.04326911111111187 4.326911111111187
9.807182788848877 4.956730888888888 5 0.04326911111111187 4.326911111111187
9.913516759872437 4.956730888888888 5 0.04326911111111187 4.326911111111187
10.02048373222351 4.956730888888888 5 0.04326911111111187 4.326911111111187
