0.017495155334472656 0.0 5 5.0 100
0.32465314865112305 2.9845105 5 2.0154895 100
0.631422758102417 7.120937333333333 5 -2.120937333333333 -100
0.9384171962738037 5.637408722222222 5 -0.6374087222222222 -63.74087222222222
1.2464714050292969 2.8448842777777776 5 2.1551157222222224 100
1.5549488067626953 5.043997277777778 5 -0.04399727777777773 -4.399727777777773
1.8637266159057617 5.794488222222222 5 -0.7944882222222223 -79.44882222222222
2.170297384262085 3.473202277777778 5 1.5267977222222222 100
2.477621078491211 5.427969388888889 5 -0.42796938888888914 -42.79693888888892
2.7915351390838623 5.078903833333333 5 -0.0789038333333334 -7.8903833333333395
3.0993833541870117 4.6251186111111116 5 0.37488138888888844 37.48813888888884
3.4068593978881836 5.724675111111111 5 -0.7246751111111109 -72.4675111111111
3.7143726348876953 3.9095342222222222 5 1.0904657777777778 100
4.021000623703003 5.969021 5 -0.9690209999999997 -96.90209999999996
4.328358173370361 4.555305499999999 5 0.44469450000000066 44.469450000000066
4.636328935623169 5.078903833333333 5 -0.0789038333333334 -7.8903833333333395
4.944263935089111 5.218530055555556 5 -0.21853005555555605 -21.853005555555605
5.2509846687316895 4.590212055555555 5 0.409787944444445 40.9787944444445
5.558377742767334 5.672315277777778 5 -0.6723152777777779 -67.23152777777779
5.867743492126465 3.9968006111111105 5 1.0031993888888895 100
6.175713777542114 6.091193944444444 5 -1.091193944444444 -100
6.482054233551025 4.537852222222222 5 0.46214777777777805 46.214777777777805
6.789949655532837 5.078903833333333 5 -0.0789038333333334 -7.8903833333333395
7.09743070602417 5.218530055555556 5 -0.21853005555555605 -21.853005555555605
7.404937028884888 4.590212055555555 5 0.409787944444445 40.9787944444445
7.711868524551392 5.672315277777778 5 -0.6723152777777779 -67.23152777777779
8.019530534744263 3.9968006111111105 5 1.0031993888888895 100
8.326797246932983 6.108647222222222 5 -1.1086472222222223 -100
8.634697675704956 4.537852222222222 5 0.46214777777777805 46.214777777777805
8.941708326339722 5.061450555555555 5 -0.06145055555555512 -6.145055555555512
9.249448537826538 5.235983333333333 5 -0.23598333333333343 -23.598333333333343
9.556689739227295 4.555305499999999 5 0.44469450000000066 44.469450000000066
9.86445951461792 5.724675111111111 5 -0.7246751111111109 -72.4675111111111
10.171357870101929 3.9618940555555553 5 1.0381059444444447 100
