0.018050432205200195 0.0 5 5.0 100
0.22540974617004395 1.7278745 5 3.2721255 100
0.43372392654418945 4.398225999999999 5 0.6017740000000007 60.17740000000007
0.6405818462371826 6.475166055555555 5 -1.4751660555555546 -100
0.8475213050842285 5.480329222222222 5 -0.4803292222222222 -48.03292222222222
1.0553650856018066 3.8746276666666666 5 1.1253723333333334 100
1.2628703117370605 5.043997277777778 5 -0.04399727777777773 -4.399727777777773
1.469240427017212 5.724675111111111 5 -0.7246751111111109 -72.4675111111111
1.6768052577972412 4.415679277777778 5 0.5843207222222224 58.432072222222246
1.8841135501861572 4.834557944444445 5 0.16544205555555536 16.544205555555536
2.090977907180786 5.4977825 5 -0.4977824999999996 -49.77824999999996
2.298644542694092 4.694931722222222 5 0.305068277777778 30.5068277777778
2.505812168121338 4.904371055555555 5 0.09562894444444492 9.562894444444492
2.714176654815674 5.218530055555556 5 -0.21853005555555605 -21.853005555555605
2.922555923461914 4.8694645 5 0.1305354999999997 13.05354999999997
3.129298210144043 4.974184166666666 5 0.025815833333333593 2.5815833333333593
3.3368513584136963 5.026544 5 -0.026544000000000345 -2.6544000000000345
3.546520948410034 5.026544 5 -0.026544000000000345 -2.6544000000000345
3.7539610862731934 5.026544 5 -0.026544000000000345 -2.6544000000000345
3.9608020782470703 5.026544 5 -0.026544000000000345 -2.6544000000000345
4.16822075843811 5.026544 5 -0.026544000000000345 -2.6544000000000345
4.375791788101196 5.026544 5 -0.026544000000000345 -2.6544000000000345
4.583675384521484 5.026544 5 -0.026544000000000345 -2.6544000000000345
4.801192283630371 5.026544 5 -0.026544000000000345 -2.6544000000000345
5.008860111236572 5.026544 5 -0.026544000000000345 -2.6544000000000345
5.215822458267212 5.026544 5 -0.026544000000000345 -2.6544000000000345
5.423634052276611 5.026544 5 -0.026544000000000345 -2.6544000000000345
5.6305060386657715 5.026544 5 -0.026544000000000345 -2.6544000000000345
5.837904930114746 5.026544 5 -0.026544000000000345 -2.6544000000000345
6.053411960601807 5.026544 5 -0.026544000000000345 -2.6544000000000345
6.2633140087127686 5.026544 5 -0.026544000000000345 -2.6544000000000345
6.469907522201538 5.026544 5 -0.026544000000000345 -2.6544000000000345
6.67945122718811 5.026544 5 -0.026544000000000345 -2.6544000000000345
6.8868958950042725 5.026544 5 -0.026544000000000345 -2.6544000000000345
7.094475746154785 5.026544 5 -0.026544000000000345 -2.6544000000000345
7.301039934158325 5.026544 5 -0.026544000000000345 -2.6544000000000345
7.5089662075042725 5.026544 5 -0.026544000000000345 -2.6544000000000345
7.7161805629730225 5.026544 5 -0.026544000000000345 -2.6544000000000345
7.925623416900635 5.026544 5 -0.026544000000000345 -2.6544000000000345
8.135072946548462 5.026544 5 -0.026544000000000345 -2.6544000000000345
8.341099262237549 5.026544 5 -0.026544000000000345 -2.6544000000000345
8.548932790756226 5.026544 5 -0.026544000000000345 -2.6544000000000345
8.757369756698608 5.026544 5 -0.026544000000000345 -2.6544000000000345
8.965238094329834 5.026544 5 -0.026544000000000345 -2.6544000000000345
9.172650575637817 5.026544 5 -0.026544000000000345 -2.6544000000000345
9.379250764846802 5.026544 5 -0.026544000000000345 -2.6544000000000345
9.586626052856445 5.026544 5 -0.026544000000000345 -2.6544000000000345
9.799190282821655 5.026544 5 -0.026544000000000345 -2.6544000000000345
10.006576538085938 5.026544 5 -0.026544000000000345 -2.6544000000000345
