0.014333963394165039 0.0
0.016496896743774414 0.0
0.018413543701171875 0.0
0.020940780639648438 0.01745327777777778
0.02353692054748535 0.01745327777777778
0.02597951889038086 0.01745327777777778
0.02796173095703125 0.03490655555555556
0.030295372009277344 0.03490655555555556
0.033158302307128906 0.03490655555555556
0.03543734550476074 0.03490655555555556
0.037610530853271484 0.05235983333333333
0.03980898857116699 0.06981311111111112
0.04194045066833496 0.06981311111111112
0.04528403282165527 0.08726638888888888
0.047473907470703125 0.10471966666666666
0.04959607124328613 0.12217294444444445
0.05184483528137207 0.13962622222222223
0.05498147010803223 0.13962622222222223
0.057169437408447266 0.1570795
0.059288740158081055 0.17453277777777776
0.06160163879394531 0.19198605555555553
0.06535959243774414 0.2094393333333333
0.06755900382995605 0.2443458888888889
0.06979155540466309 0.26179916666666664
0.07196044921875 0.27925244444444447
0.07512712478637695 0.2967057222222222
0.07737255096435547 0.314159
0.07948613166809082 0.33161227777777774
0.08179783821105957 0.36651883333333335
0.08494281768798828 0.38397211111111107
0.08716320991516113 0.40142538888888885
0.08928990364074707 0.4188786666666666
0.09156203269958496 0.4537852222222222
0.09441852569580078 0.4886917777777778
0.0968770980834961 0.5061450555555556
0.09898710250854492 0.5235983333333333
0.10130548477172852 0.5410516111111111
0.10429954528808594 0.5934114444444444
0.10653114318847656 0.6108647222222222
0.10885858535766602 0.628318
0.11116170883178711 0.6457712777777778
0.11511564254760742 0.698131111111111
0.1173391342163086 0.7155843888888889
0.11945104598999023 0.7330376666666667
0.12171649932861328 0.7853975
0.12495708465576172 0.8028507777777777
0.12715458869934082 0.8377573333333332
0.12930035591125488 0.855210611111111
0.13160014152526855 0.9075704444444443
0.13444805145263672 0.9250237222222222
0.13691282272338867 0.9599302777777778
0.13902521133422852 0.9773835555555556
0.14130568504333496 1.0122901111111111
0.14415454864501953 1.0471966666666666
0.14637136459350586 1.0821032222222222
0.14841341972351074 1.0995564999999998
0.15104150772094727 1.1344630555555555
0.15367412567138672 1.1519163333333333
0.15609335899353027 1.2042761666666666
0.15813159942626953 1.239182722222222
0.16053557395935059 1.256636
0.16340136528015137 1.2915425555555555
0.16694045066833496 1.3439023888888888
0.16906380653381348 1.3613556666666666
0.17131805419921875 1.396262222222222
0.17429709434509277 1.4486220555555556
0.176544189453125 1.4660753333333334
0.17888092994689941 1.5009818888888888
0.18116211891174316 1.5358884444444443
0.18381047248840332 1.5882482777777776
0.18622517585754395 1.6057015555555554
0.18827390670776367 1.640608111111111
0.1909184455871582 1.6580613888888889
0.1935727596282959 1.6929679444444443
0.19600939750671387 1.7453277777777778
0.19802308082580566 1.7802343333333333
0.20040130615234375 1.7976876111111109
0.20327162742614746 1.8325941666666667
0.20571541786193848 1.8849539999999998
0.20773553848266602 1.9198605555555557
0.21006560325622559 1.9373138333333333
0.21254968643188477 1.9722203888888887
0.21616101264953613 2.0071269444444444
0.21824908256530762 2.059486777777778
0.22090435028076172 2.094393333333333
0.22354888916015625 2.1118466111111114
0.22617483139038086 2.1642064444444444
0.22820425033569336 2.1991129999999997
0.23085832595825195 2.2340195555555558
0.23352813720703125 2.251472833333333
0.23598194122314453 2.3212859444444445
0.23799371719360352 2.3387392222222223
0.24037623405456543 2.3736457777777775
0.2432546615600586 2.408552333333333
0.2456514835357666 2.4609121666666667
0.2476825714111328 2.495818722222222
0.24995899200439453 2.513272
0.25203919410705566 2.5481785555555554
0.25533390045166016 2.583085111111111
0.2575194835662842 2.6354449444444445
0.2597203254699707 2.6703514999999998
0.26190900802612305 2.6878047777777776
0.2650604248046875 2.7227113333333333
0.26801490783691406 2.792524444444444
0.27045583724975586 2.8099777222222224
0.2733347415924072 2.8448842777777776
0.2757296562194824 2.897244111111111
0.27779626846313477 2.932150666666667
0.28010058403015137 2.967057222222222
0.28301024436950684 3.0019637777777777
0.2855966091156006 3.054323611111111
0.2876625061035156 3.0892301666666664
0.2898740768432617 3.1066834444444447
0.2920396327972412 3.14159
0.2951474189758301 3.176496555555555
0.2973456382751465 3.2114031111111108
0.29947447776794434 3.2288563888888886
0.3017768859863281 3.2986695
0.30489063262939453 3.3161227777777778
0.30710434913635254 3.351029333333333
0.3120427131652832 3.3859358888888886
0.3184471130371094 3.525562111111111
0.3221099376678467 3.5953752222222217
0.3253614902496338 3.6302817777777774
0.3275735378265381 3.6826416111111113
0.3298153877258301 3.7175481666666665
0.33197927474975586 3.752454722222222
0.335329532623291 3.7699079999999996
0.3381819725036621 3.8397211111111114
0.3408973217010498 3.8746276666666666
0.3435554504394531 3.8920809444444444
0.34626078605651855 3.9618940555555553
0.34830784797668457 3.9968006111111105
0.3509492874145508 4.014253888888889
0.35357022285461426 4.0491604444444445
0.3560187816619873 4.118973555555556
0.35802602767944336 4.1538801111111106
0.3604438304901123 4.171333388888889
0.36331725120544434 4.206239944444444
0.3657233715057373 4.2585997777777775
0.368988037109375 4.293506333333333
0.37128233909606934 4.328412888888889
0.37410593032836914 4.398225999999999
0.37631916999816895 4.415679277777778
0.37836647033691406 4.450585833333333
0.38098764419555664 4.485492388888889
0.383636474609375 4.520398944444445
0.3862624168395996 4.572758777777778
0.3883090019226074 4.607665333333333
0.3910059928894043 4.642571888888889
0.3936612606048584 4.677478444444445
0.3960838317871094 4.729838277777778
0.3981034755706787 4.764744833333333
0.4004988670349121 4.799651388888888
0.403369665145874 4.817104666666666
0.40593814849853516 4.886917777777778
0.40796923637390137 4.921824333333333
0.4103431701660156 4.956730888888888
0.4132354259490967 4.974184166666666
0.41559505462646484 5.043997277777778
0.4176774024963379 5.078903833333333
0.4211258888244629 5.096357111111111
0.4238471984863281 5.166170222222222
0.42625880241394043 5.201076777777777
0.42830491065979004 5.235983333333333
0.43092989921569824 5.253436611111111
0.4335803985595703 5.2883431666666665
0.43602514266967773 5.358156277777778
0.438063383102417 5.375609555555555
0.44045090675354004 5.410516111111111
0.44333553314208984 5.4454226666666665
0.4457838535308838 5.515235777777778
0.44782018661499023 5.532689055555555
0.4501302242279053 5.567595611111111
0.45315074920654297 5.602502166666667
0.4555845260620117 5.637408722222222
0.4576842784881592 5.689768555555555
0.4599752426147461 5.724675111111111
0.46208715438842773 5.759581666666667
0.4653503894805908 5.794488222222222
0.4675428867340088 5.846848055555555
0.47091102600097656 5.881754611111111
0.4735558032989502 5.916661166666667
0.4760117530822754 5.969021
0.4780232906341553 6.003927555555555
0.48042845726013184 6.038834111111111
0.4833385944366455 6.073740666666667
0.4857654571533203 6.1261005
0.4877903461456299 6.161007055555555
0.4900987148284912 6.195913611111111
0.4930098056793213 6.213366888888889
0.49531078338623047 6.248273444444444
0.4975001811981201 6.318086555555555
0.49970579147338867 6.35299311111111
0.5018782615661621 6.387899666666666
0.5050222873687744 6.405352944444444
0.5072369575500488 6.440259499999999
0.5093708038330078 6.475166055555555
0.5116543769836426 6.527525888888889
0.5148956775665283 6.562432444444444
0.5171236991882324 6.597339
0.5192484855651855 6.6322455555555555
0.5232148170471191 6.6846053888888886
0.5261435508728027 6.7544185
0.5281691551208496 6.789325055555555
0.5307974815368652 6.82423161111111
0.5334615707397461 6.841684888888888
0.5358731746673584 6.911498
0.5378849506378174 6.946404555555556
0.5401864051818848 6.981311111111111
0.5431361198425293 6.998764388888889
0.5454075336456299 7.033670944444444
0.5475997924804688 7.103484055555555
0.549860954284668 7.120937333333333
0.5520331859588623 7.155843888888889
0.5551638603210449 7.1907504444444434
0.5573604106903076 7.225656999999999
0.5595922470092773 7.295470111111111
0.561870813369751 7.312923388888889
0.5677194595336914 7.417643055555556
0.5700504779815674 7.435096333333333
0.5737583637237549 7.504909444444444
0.5761735439300537 7.539815999999999
0.5781996250152588 7.574722555555555
0.5809035301208496 7.6096291111111105
0.58355712890625 7.627082388888888
0.5861489772796631 7.6968955
0.5881674289703369 7.731802055555556
0.5908243656158447 7.749255333333333
0.593470573425293 7.784161888888889
0.5959019660949707 7.853975
0.5979113578796387 7.888881555555555
0.600210428237915 7.923788111111111
0.603173017501831 7.941241388888888
0.6054353713989258 7.976147944444444
0.6076316833496094 8.028507777777778
0.6098833084106445 8.063414333333334
0.6120877265930176 8.098320888888889
0.6151978969573975 8.133227444444444
0.6174108982086182 8.168134
0.6195242404937744 8.203040555555555
0.6234116554260254 8.255400388888889
0.6258509159088135 8.3252135
0.627880334854126 8.342666777777778
0.6301722526550293 8.377573333333332
0.6331322193145752 8.412479888888887
0.6354033946990967 8.447386444444446
0.6376147270202637 8.517199555555555
0.6398465633392334 8.534652833333334
0.6420066356658936 8.569559388888889
0.6453492641448975 8.604465944444444
0.6475417613983154 8.656825777777778
0.6497809886932373 8.691732333333333
0.6519482135772705 8.726638888888889
0.6550991535186768 8.761545444444444
0.6573445796966553 8.796451999999999
0.6594750881195068 8.831358555555555
0.6617608070373535 8.883718388888889
0.6649191379547119 8.918624944444444
0.6671309471130371 8.9535315
0.6692492961883545 8.970984777777778
0.6715424060821533 9.04079788888889
0.6754233837127686 9.075704444444444
0.6776323318481445 9.145517555555555
0.6798570156097412 9.162970833333333
0.6820235252380371 9.197877388888887
0.685178279876709 9.232783944444444
0.6873836517333984 9.2676905
0.6895103454589844 9.285143777777778
0.6918106079101562 9.35495688888889
0.6949295997619629 9.389863444444444
0.6971321105957031 9.424769999999999
0.6992666721343994 9.459676555555555
0.7015492916107178 9.512036388888887
0.7045483589172363 9.546942944444444
0.7070186138153076 9.581849499999999
0.7091579437255859 9.599302777777776
0.7174630165100098 9.738929
0.7211356163024902 9.791288833333333
0.72509765625 9.861101944444444
0.7273111343383789 9.896008499999999
0.7294216156005859 9.930915055555555
0.7316970825195312 9.983274888888888
0.7349815368652344 10.018181444444444
0.7371993064880371 10.053088
0.7393162250518799 10.087994555555555
0.7416119575500488 10.14035438888889
0.7448348999023438 10.175260944444444
0.7470459938049316 10.210167499999999
0.7491779327392578 10.245074055555556
0.7514646053314209 10.297433888888888
0.7543234825134277 10.332340444444444
0.7568032741546631 10.367246999999999
0.7589530944824219 10.402153555555554
0.7612404823303223 10.437060111111112
0.7642121315002441 10.489419944444444
0.7664985656738281 10.524326499999999
0.7685229778289795 10.559233055555556
0.7711637020111084 10.576686333333333
0.7751388549804688 10.646499444444444
0.7773823738098145 10.681405999999999
0.7795257568359375 10.716312555555556
0.7818207740783691 10.768672388888888
0.7849688529968262 10.803578944444444
0.7871942520141602 10.8384855
0.7893002033233643 10.873392055555556
0.7915966510772705 10.92575188888889
0.7944362163543701 10.960658444444444
0.7969543933868408 10.995565
0.7990777492523193 11.030471555555556
0.8013308048248291 11.06537811111111
0.8041644096374512 11.117737944444444
0.8063969612121582 11.1526445
0.8084478378295898 11.187551055555554
0.8110787868499756 11.22245761111111
0.813732385635376 11.274817444444444
0.8161561489105225 11.309724
0.8181660175323486 11.344630555555556
0.8208086490631104 11.37953711111111
0.8234598636627197 11.396990388888888
0.8270058631896973 11.4668035
0.8291757106781006 11.501710055555554
0.8315098285675049 11.53661661111111
0.834357500076294 11.588976444444445
0.8368210792541504 11.623883
0.8389461040496826 11.658789555555556
0.8412549495697021 11.69369611111111
0.8440887928009033 11.746055944444445
0.8463115692138672 11.7809625
0.8483617305755615 11.815869055555554
0.8510124683380127 11.85077561111111
0.8536698818206787 11.868228888888888
0.8561131954193115 11.938042
0.8581287860870361 11.972948555555554
0.8605489730834961 12.00785511111111
0.8634154796600342 12.042761666666667
0.8658392429351807 12.0951215
0.8678581714630127 12.130028055555556
0.8701579570770264 12.16493461111111
0.8730955123901367 12.182387888888888
0.8762497901916504 12.217294444444445
0.8783600330352783 12.287107555555554
0.8810060024261475 12.32201411111111
0.8836526870727539 12.356920666666666
0.88627028465271 12.4092805
0.888308048248291 12.444187055555556
0.8909792900085449 12.47909361111111
0.8937201499938965 12.514000166666666
0.8961563110351562 12.56636
0.8981671333312988 12.601266555555554
0.9008004665374756 12.63617311111111
0.9034476280212402 12.671079666666666
0.9060351848602295 12.7234395
0.9080376625061035 12.758346055555554
0.9104371070861816 12.79325261111111
0.9133095741271973 12.828159166666666
0.9157280921936035 12.880518999999998
0.9177651405334473 12.915425555555554
0.9200785160064697 12.95033211111111
0.9225637912750244 12.985238666666667
0.925323486328125 13.020145222222222
0.9282708168029785 13.072505055555556
0.9309451580047607 13.107411611111111
0.9335813522338867 13.142318166666668
0.9360232353210449 13.194678
0.9380295276641846 13.229584555555556
0.9404072761535645 13.264491111111111
0.9433169364929199 13.299397666666666
0.9459166526794434 13.369210777777777
0.9479451179504395 13.386664055555554
0.9503238201141357 13.421570611111111
0.9532394409179688 13.456477166666666
0.9556894302368164 13.508837
0.9577114582061768 13.543743555555555
0.9600210189819336 13.57865011111111
0.962132453918457 13.613556666666666
0.9652373790740967 13.64846322222222
0.9674675464630127 13.683369777777775
0.969590425491333 13.73572961111111
0.9718623161315918 13.770636166666668
0.9749834537506104 13.805542722222222
0.9778172969818115 13.822996
0.9801397323608398 13.892809111111111
0.9831051826477051 13.927715666666668
0.9853708744049072 13.962622222222222
0.9875924587249756 14.014982055555555
0.9898331165313721 14.049888611111111
0.991995096206665 14.084795166666666
0.9951400756835938 14.119701722222223
0.9973509311676025 14.154608277777777
0.9994933605194092 14.172061555555555
1.0017755031585693 14.241874666666666
1.0050830841064453 14.27678122222222
1.007331371307373 14.311687777777777
1.0094490051269531 14.346594333333332
1.0117313861846924 14.398954166666666
1.01481294631958 14.43386072222222
1.0170080661773682 14.468767277777776
1.0191724300384521 14.486220555555553
1.0214564800262451 14.52112711111111
1.0242891311645508 14.590940222222223
1.0265073776245117 14.625846777777777
1.0298116207122803 14.678206611111111
1.031984806060791 14.713113166666666
1.035292148590088 14.748019722222223
1.037496566772461 14.800379555555555
1.0397005081176758 14.835286111111111
1.0418701171875 14.870192666666666
1.045017957687378 14.905099222222221
1.047224521636963 14.940005777777777
1.0493340492248535 14.974912333333332
1.051647424697876 15.027272166666666
1.0544965267181396 15.062178722222221
1.0569243431091309 15.097085277777776
1.0590343475341797 15.131991833333332
1.0613000392913818 15.14944511111111
1.0642948150634766 15.219258222222221
1.066542387008667 15.254164777777776
1.0688912868499756 15.289071333333332
1.0711803436279297 15.323977888888889
1.0738272666931152 15.376337722222223
1.0762603282928467 15.411244277777778
1.079420566558838 15.446150833333334
1.0817015171051025 15.498510666666666
1.084876537322998 15.533417222222223
1.0870752334594727 15.568323777777778
1.0892057418823242 15.603230333333332
1.0914883613586426 15.655590166666666
1.0943334102630615 15.690496722222221
1.0965566635131836 15.725403277777778
1.0989365577697754 15.760309833333332
1.1012213230133057 15.795216388888887
1.1040678024291992 15.847576222222221
1.1063015460968018 15.882482777777776
1.1083528995513916 15.917389333333333
1.1109704971313477 15.952295888888887
1.1183114051818848 16.07446883333333
1.121727466583252 16.12682866666667
1.1250648498535156 16.161735222222223
1.127289056777954 16.196641777777778
1.130420207977295 16.266454888888887
1.1333446502685547 16.283908166666667
1.1359100341796875 16.353721277777776
1.1379268169403076 16.388627833333334
1.143578052520752 16.440987666666665
1.1462039947509766 16.510800777777778
1.1482508182525635 16.545707333333333
1.1509063243865967 16.580613888888887
1.1535582542419434 16.615520444444442
1.1560237407684326 16.667880277777776
1.1580402851104736 16.70278683333333
1.1604175567626953 16.737693388888886
1.1633028984069824 16.755146666666665
1.1659071445465088 16.824959777777774
1.1679363250732422 16.859866333333333
1.170316457748413 16.89477288888889
1.1732337474822998 16.929679444444446
1.1756505966186523 16.98203927777778
1.1776981353759766 17.016945833333335
1.1810877323150635 17.05185238888889
1.1837422847747803 17.104212222222223
1.1863667964935303 17.139118777777778
1.1884071826934814 17.174025333333333
1.1910467147827148 17.208931888888888
1.1937015056610107 17.243838444444442
1.196131706237793 17.296198277777776
1.1981587409973145 17.33110483333333
1.2005696296691895 17.36601138888889
1.2034618854522705 17.400917944444444
1.2058849334716797 17.453277777777778
1.2079479694366455 17.488184333333333
1.210320234298706 17.523090888888888
1.2132186889648438 17.557997444444442
1.2155804634094238 17.610357277777776
1.2176830768585205 17.64526383333333
1.2199633121490479 17.68017038888889
1.2220823764801025 17.715076944444444
1.2251958847045898 17.7499835
1.227423906326294 17.767436777777778
1.229543924331665 17.837249888888888
1.2335026264190674 17.872156444444446
1.23598051071167 17.941969555555556
1.237999677658081 17.959422833333335
1.2403724193572998 17.99432938888889
1.24324631690979 18.029235944444444
1.2458155155181885 18.08159577777778
1.2478523254394531 18.116502333333333
1.25014066696167 18.151408888888888
1.2530651092529297 18.186315444444443
1.255335807800293 18.221221999999997
1.2575321197509766 18.27358183333333
1.2597894668579102 18.308488388888886
1.2619757652282715 18.343394944444444
1.2651324272155762 18.3783015
1.2673630714416504 18.413208055555554
1.2695064544677734 18.430661333333333
1.2718043327331543 18.500474444444446
1.2749278545379639 18.535381
1.2771246433258057 18.570287555555556
1.279242753982544 18.60519411111111
1.283090591430664 18.657553944444444
1.2853586673736572 18.6924605
1.2875313758850098 18.744820333333333
1.2897965908050537 18.779726888888888
1.2919657230377197 18.814633444444443
1.2952854633331299 18.849539999999998
1.2975049018859863 18.91935311111111
1.2997300624847412 18.936806388888886
1.301917314529419 18.971712944444445
1.305206298828125 19.0066195
1.3074238300323486 19.041526055555554
1.3095452785491943 19.093885888888888
1.3118257522583008 19.128792444444443
1.3149809837341309 19.163698999999998
1.3171885013580322 19.198605555555552
1.3193328380584717 19.23351211111111
1.3216166496276855 19.285871944444445
1.3245115280151367 19.3207785
1.326936960220337 19.355685055555554
1.329040765762329 19.390591611111113
1.3313474655151367 19.425498166666667
1.3351986408233643 19.477858
1.338080644607544 19.512764555555556
1.3405301570892334 19.582577666666666
1.3433856964111328 19.61748422222222
1.345792293548584 19.669844055555554
1.3478190898895264 19.70475061111111
1.3501198291778564 19.739657166666664
1.3530604839324951 19.757110444444443
1.3553440570831299 19.792016999999998
1.3575446605682373 19.86183011111111
1.359790325164795 19.896736666666666
1.3619778156280518 19.93164322222222
1.3653144836425781 19.9490965
1.3675122261047363 20.01890961111111
1.3697113990783691 20.053816166666667
1.3718924522399902 20.071269444444447
1.375018835067749 20.106176
1.3772118091583252 20.141082555555556
1.379338026046753 20.17598911111111
1.3816256523132324 20.24580222222222
1.3853561878204346 20.28070877777778
1.3875422477722168 20.33306861111111
1.3897731304168701 20.367975166666668
1.391953706741333 20.402881722222222
1.3951380252838135 20.420334999999998
1.3973512649536133 20.455241555555556
1.3994851112365723 20.49014811111111
1.4017741680145264 20.55996122222222
1.4048943519592285 20.594867777777775
1.4070911407470703 20.612321055555554
1.409240484237671 20.64722761111111
1.4115285873413086 20.71704072222222
1.4143574237823486 20.734493999999998
1.4168190956115723 20.769400555555553
1.4189507961273193 20.804307111111108
1.4212450981140137 20.839213666666666
1.4242558479309082 20.90902677777778
1.426542043685913 20.943933333333334
1.4289131164550781 20.961386611111113
1.4312148094177246 20.996293166666668
1.435072422027588 21.066106277777777
1.4372973442077637 21.083559555555556
1.439408540725708 21.11846611111111
1.4416894912719727 21.18827922222222
1.4445254802703857 21.223185777777775
1.4469661712646484 21.258092333333334
1.449082851409912 21.27554561111111
1.4513390064239502 21.310452166666664
1.4542169570922852 21.380265277777777
1.456498622894287 21.397718555555553
1.4588947296142578 21.43262511111111
1.461195707321167 21.467531666666666
1.4638381004333496 21.537344777777776
1.4662611484527588 21.57225133333333
1.4683020114898682 21.60715788888889
1.4709458351135254 21.624611166666668
1.4735612869262695 21.659517722222223
1.4760215282440186 21.729330833333332
1.4780447483062744 21.74678411111111
1.4804480075836182 21.781690666666666
1.483323097229004 21.81659722222222
1.4868903160095215 21.886410333333334
1.4890446662902832 21.92131688888889
1.4913129806518555 21.938770166666664
1.4941437244415283 22.008583277777777
1.496349573135376 22.043489833333332
1.4984030723571777 22.06094311111111
1.5010335445404053 22.095849666666666
1.5036814212799072 22.13075622222222
1.5061163902282715 22.20056933333333
1.5081381797790527 22.23547588888889
1.510540246963501 22.270382444444444
1.517625331878662 22.28783572222222
1.5212738513946533 22.410008666666666
1.5242698192596436 22.47982177777778
1.526512622833252 22.514728333333334
1.5288584232330322 22.54963488888889
1.5311529636383057 22.584541444444444
1.5337867736816406 22.636901277777778
1.5373609066009521 22.671807833333332
1.5395283699035645 22.706714388888887
1.5418062210083008 22.75907422222222
1.5452008247375488 22.793980777777776
1.5474560260772705 22.82888733333333
1.5495636463165283 22.898700444444444
1.5518372058868408 22.91615372222222
1.555152177810669 22.951060277777778
1.5573649406433105 22.985966833333332
1.559497356414795 23.020873388888887
1.561784029006958 23.07323322222222
1.5661983489990234 23.108139777777776
1.5682508945465088 23.17795288888889
1.5709269046783447 23.212859444444444
1.573577642440796 23.247766
1.576158046722412 23.300125833333333
1.5781795978546143 23.335032388888887
1.580833911895752 23.369938944444446
1.5835230350494385 23.4048455
1.5870981216430664 23.457205333333334
1.5892577171325684 23.49211188888889
1.5915324687957764 23.561925
1.59456205368042 23.596831555555553
1.5969793796539307 23.614284833333333
1.5991058349609375 23.649191388888887
1.6013996601104736 23.684097944444442
1.6044056415557861 23.736457777777776
1.606870174407959 23.77136433333333
1.609004020690918 23.806270888888886
1.611297607421875 23.841177444444444
1.614128828048706 23.910990555555554
1.6163296699523926 23.928443833333333
1.6183831691741943 23.96335038888889
1.621018648147583 23.998256944444446
1.6236631870269775 24.0331635
1.6260910034179688 24.085523333333335
1.6281278133392334 24.12042988888889
1.630523443222046 24.155336444444444
1.6333770751953125 24.190243
1.6357924938201904 24.260056111111112
1.638922929763794 24.277509388888888
1.641221523284912 24.312415944444442
1.6441476345062256 24.382229055555555
1.6463706493377686 24.39968233333333
1.6484177112579346 24.43458888888889
1.651064395904541 24.469495444444444
1.6537272930145264 24.539308555555554
1.6561462879180908 24.57421511111111
1.658163070678711 24.591668388888888
1.66078782081604 24.626574944444442
1.6634488105773926 24.661481499999997
1.666031837463379 24.73129461111111
1.668045997619629 24.74874788888889
1.6704223155975342 24.783654444444444
1.673332929611206 24.818561
1.6757452487945557 24.888374111111112
1.6777734756469727 24.923280666666667
1.680086374282837 24.940733944444442
1.682563304901123 24.9756405
1.6855669021606445 25.010547055555556
1.6884255409240723 25.06290688888889
1.6910977363586426 25.097813444444444
1.6937358379364014 25.167626555555554
1.6961545944213867 25.20253311111111
1.6981818675994873 25.237439666666667
1.7007930278778076 25.27234622222222
1.7034571170806885 25.2897995
1.7082667350769043 25.39451916666667
1.7109456062316895 25.429425722222224
1.7136039733886719 25.446879
1.7160322666168213 25.51669211111111
1.718064785003662 25.551598666666663
1.7204906940460205 25.58650522222222
1.7233526706695557 25.6039585
1.7259023189544678 25.67377161111111
1.7279210090637207 25.708678166666665
1.7303194999694824 25.743584722222224
1.733210802078247 25.761037999999996
1.735687017440796 25.795944555555554
1.7377474308013916 25.865757666666664
1.741142749786377 25.90066422222222
1.7437901496887207 25.953024055555556
1.7462043762207031 25.98793061111111
1.7482478618621826 26.022837166666665
1.7509515285491943 26.05774372222222
1.7535831928253174 26.075197000000003
1.7560412883758545 26.145010111111112
1.758066177368164 26.179916666666667
1.7604598999023438 26.214823222222222
1.7633345127105713 26.249729777777777
1.7657768726348877 26.302089611111107
1.7678248882293701 26.336996166666665
1.7701458930969238 26.37190272222222
1.7731060981750488 26.406809277777775
1.7753570079803467 26.424262555555554
1.7775592803955078 26.494075666666667
1.779803991317749 26.528982222222222
1.7819693088531494 26.563888777777777
1.7852864265441895 26.59879533333333
1.787505865097046 26.651155166666662
1.7905604839324951 26.686061722222217
1.7934443950653076 26.72096827777778
1.7958793640136719 26.77332811111111
1.797947883605957 26.808234666666664
1.8003461360931396 26.843141222222222
1.8032221794128418 26.878047777777777
1.8056507110595703 26.947860888888886
1.807701826095581 26.96531416666667
1.8099822998046875 27.000220722222224
1.8120925426483154 27.03512727777778
1.815337896347046 27.070033833333333
1.8175404071807861 27.122393666666664
1.819786548614502 27.15730022222222
1.8219575881958008 27.192206777777773
1.8251407146453857 27.22711333333333
1.8273398876190186 27.262019888888886
1.8294825553894043 27.279473166666666
1.8317289352416992 27.34928627777778
1.834911584854126 27.384192833333334
1.8371164798736572 27.41909938888889
1.8392438888549805 27.436552666666664
1.8431966304779053 27.50636577777778
1.84578275680542 27.57617888888889
1.847820520401001 27.611085444444445
1.850121021270752 27.62853872222222
1.8530311584472656 27.663445277777775
1.8553388118743896 27.69835183333333
1.8575410842895508 27.768164944444443
1.859790563583374 27.785618222222222
1.8619673252105713 27.820524777777777
1.865147352218628 27.855431333333335
1.8673460483551025 27.89033788888889
1.8694825172424316 27.925244444444445
1.8717613220214844 27.977604277777775
1.8748822212219238 28.01251083333333
1.8770833015441895 28.047417388888885
1.8791987895965576 28.08232394444444
1.8814730644226074 28.134683777777777
1.8843133449554443 28.169590333333332
1.8865599632263184 28.204496888888887
1.888974905014038 28.239403444444445
1.8919894695281982 28.309216555555555
1.8951902389526367 28.326669833333334
1.897409200668335 28.36157638888889
1.8995873928070068 28.396482944444447
1.901874303817749 28.448842777777777
1.9051673412322998 28.483749333333332
1.9073834419250488 28.518655888888887
1.9095306396484375 28.55356244444444
1.9118235111236572 28.623375555555555
1.91920804977417 28.640828833333334
1.92319917678833 28.780455055555556
1.9257934093475342 28.832814888888887
1.927842378616333 28.86772144444444
1.9301471710205078 28.902627999999996
1.9330835342407227 28.93753455555555
1.935692310333252 28.98989438888889
1.9377126693725586 29.024800944444443
1.9400136470794678 29.0597075
1.9437291622161865 29.112067333333336
1.946446180343628 29.14697388888889
1.948474645614624 29.181880444444445
1.9511067867279053 29.216787
1.9537734985351562 29.286600111111113
1.9561893939971924 29.304053388888885
1.9582107067108154 29.338959944444444
1.9608664512634277 29.3738665
1.963515043258667 29.408773055555553
1.9661204814910889 29.46113288888889
1.968153953552246 29.496039444444445
1.970560073852539 29.530946
1.9734067916870117 29.565852555555555
1.9758286476135254 29.635665666666668
1.9778530597686768 29.65311894444444
1.9801714420318604 29.6880255
1.9830803871154785 29.722932055555553
1.9854059219360352 29.757838611111108
1.987586259841919 29.810198444444442
1.9898362159729004 29.845105
1.9935946464538574 29.880011555555555
1.9960448741912842 29.949824666666665
1.998070478439331 29.967277944444447
2.0004749298095703 30.002184500000002
2.0033438205718994 30.037091055555557
2.0057590007781982 30.106904166666666
2.007774829864502 30.124357444444442
2.0100789070129395 30.159263999999997
2.0125699043273926 30.19417055555555
2.015303611755371 30.22907711111111
2.01754093170166 30.29889022222222
2.0197489261627197 30.3163435
2.0219273567199707 30.351250055555557
2.0252373218536377 30.38615661111111
2.0274593830108643 30.421063166666666
2.0296924114227295 30.473422999999997
2.0318851470947266 30.50832955555555
2.035022258758545 30.543236111111106
2.0372097492218018 30.578142666666665
2.0393245220184326 30.61304922222222
2.0416080951690674 30.665409055555553
2.0453662872314453 30.700315611111108
2.047560214996338 30.77012872222222
2.0497961044311523 30.805035277777776
2.05198073387146 30.822488555555555
2.0551540851593018 30.857395111111114
2.0573484897613525 30.89230166666667
2.059490919113159 30.927208222222223
2.0617547035217285 30.997021333333333
2.064851999282837 31.01447461111111
2.0670411586761475 31.049381166666663
2.069166421890259 31.084287722222218
2.07142972946167 31.119194277777776
2.074446201324463 31.17155411111111
2.0769002437591553 31.206460666666665
2.0790276527404785 31.241367222222223
2.0813231468200684 31.276273777777778
2.084352731704712 31.32863361111111
2.086820363998413 31.363540166666663
2.088951349258423 31.398446722222218
2.0912303924560547 31.43335327777778
2.0950725078582764 31.48571311111111
2.0972931385040283 31.520619666666665
2.099407434463501 31.55552622222222
2.101682424545288 31.625339333333333
2.1045327186584473 31.660245888888888
2.106966018676758 31.677699166666667
2.1090943813323975 31.71260572222222
2.111340045928955 31.74751227777778
2.1142516136169434 31.79987211111111
2.11647367477417 31.834778666666665
2.118497371673584 31.86968522222222
2.121124267578125 31.904591777777775
2.123762607574463 31.974404888888884
2.1261565685272217 31.991858166666667
2.128178596496582 32.026764722222225
2.130798101425171 32.061671277777776
2.133436918258667 32.096577833333335
2.135862112045288 32.14893766666666
2.137887954711914 32.18384422222222
2.14019775390625 32.21875077777778
2.1431703567504883 32.25365733333334
2.146538496017456 32.323470444444446
2.1489245891571045 32.34092372222222
2.1511943340301514 32.37583027777777
2.153848171234131 32.44564338888889
2.1562554836273193 32.463096666666665
2.158290386199951 32.49800322222222
2.160923719406128 32.532909777777775
2.1635611057281494 32.56781633333333
2.1660187244415283 32.63762944444444
2.168027639389038 32.65508272222222
2.1703882217407227 32.68998927777778
2.1732656955718994 32.72489583333333
2.1757099628448486 32.794708944444444
2.1777429580688477 32.81216222222222
2.1800620555877686 32.84706877777778
2.182558536529541 32.88197533333333
2.185262680053711 32.91688188888889
2.187476634979248 32.986695
2.1895790100097656 33.021601555555556
2.191859722137451 33.03905483333333
2.1949822902679443 33.07396138888889
2.197984457015991 33.1437745
2.2003607749938965 33.161227777777775
2.203263521194458 33.19613433333333
2.2059078216552734 33.26594744444444
2.2079410552978516 33.300854
2.210298776626587 33.33576055555555
2.2131848335266113 33.353213833333335
2.215581178665161 33.423026944444445
2.217681646347046 33.4579335
2.219964027404785 33.492840055555554
2.2220757007598877 33.51029333333333
2.2251946926116943 33.54519988888889
2.2274229526519775 33.58010644444444
2.2295544147491455 33.64991955555555
2.2318360805511475 33.66737283333333
2.2349820137023926 33.70227938888889
2.237184762954712 33.73718594444444
2.23933482170105 33.7720925
2.2416110038757324 33.82445233333333
2.2444345951080322 33.85935888888889
2.247643232345581 33.929172
2.249866485595703 33.96407855555556
2.252026081085205 33.99898511111111
2.255138874053955 34.016438388888886
2.2573466300964355 34.051344944444445
2.2594752311706543 34.086251499999996
2.261747360229492 34.13861133333334
2.265001058578491 34.17351788888889
2.2671995162963867 34.20842444444445
2.2720301151275635 34.31314411111111
2.2751779556274414 34.348050666666666
2.277392864227295 34.36550394444444
2.279519557952881 34.4004105
2.2818005084991455 34.47022361111111
2.2849745750427246 34.487676888888885
2.2871813774108887 34.52258344444444
2.2893080711364746 34.55749
2.291577100753784 34.62730311111111
2.294449806213379 34.66220966666666
2.2976443767547607 34.679662944444445
2.2999768257141113 34.749476055555554
2.3021225929260254 34.78438261111111
2.3052124977111816 34.819289166666664
2.3074488639831543 34.83674244444444
2.3095741271972656 34.906555555555556
2.3118410110473633 34.94146211111111
2.319321870803833 34.976368666666666
2.3232533931732178 35.09854161111111
2.3259098529815674 35.15090144444444
2.3279290199279785 35.185807999999994
2.330333709716797 35.22071455555555
2.333225965499878 35.255621111111104
2.335911512374878 35.32543422222222
2.3389995098114014 35.36034077777778
2.3412880897521973 35.377794055555555
2.3442914485931396 35.447607166666664
2.346540689468384 35.48251372222222
2.3498411178588867 35.534873555555556
2.3520140647888184 35.569780111111115
2.3551506996154785 35.604686666666666
2.3573617935180664 35.639593222222224
2.3595008850097656 35.674499777777775
2.361827850341797 35.72685961111111
2.3649609088897705 35.76176616666666
2.367164134979248 35.79667272222222
2.3693275451660156 35.814126
2.3716204166412354 35.88393911111111
2.3744587898254395 35.91884566666667
2.376904249191284 35.95375222222222
2.379009485244751 35.98865877777778
2.381279230117798 36.02356533333333
2.384265661239624 36.075925166666664
2.3865039348602295 36.110831722222215
2.388869047164917 36.14573827777778
2.3911750316619873 36.16319155555556
2.394089698791504 36.233004666666666
2.3963265419006348 36.26791122222222
2.399461030960083 36.302817777777776
2.40175461769104 36.35517761111111
2.4048573970794678 36.39008416666667
2.407045841217041 36.42499072222222
2.4091668128967285 36.45989727777778
2.4114341735839844 36.494803833333336
2.4142794609069824 36.54716366666666
2.4164960384368896 36.58207022222222
2.418529510498047 36.61697677777777
2.421135425567627 36.65188333333333
2.4238054752349854 36.704243166666664
2.426273822784424 36.73914972222222
2.4283061027526855 36.774056277777774
2.430943012237549 36.80896283333333
2.4335739612579346 36.82641611111111
2.43601131439209 36.89622922222222
2.438014507293701 36.931135777777776
2.4403860569000244 36.966042333333334
2.4432613849639893 37.00094888888889
2.45139741897583 37.08821527777778
2.4560976028442383 37.21038822222222
2.4605298042297363 37.28020133333333
2.466489315032959 37.367467722222216
2.4752209186553955 37.43728083333333
2.479722261428833 37.524547222222225
2.484484910964966 37.664173444444444
2.4909133911132812 37.71653327777778
2.4956510066986084 37.78634638888889
2.4999964237213135 37.90851933333333
2.505420684814453 37.97833244444444
2.5082054138183594 38.03069227777778
2.5108890533447266 38.06559883333333
2.513510227203369 38.10050538888889
2.515958786010742 38.15286522222222
2.5179812908172607 38.187771777777776
2.520359992980957 38.22267833333333
2.52323317527771 38.257584888888886
2.525827169418335 38.327397999999995
2.527858018875122 38.34485127777778
2.5301473140716553 38.37975783333333
2.5330843925476074 38.41466438888889
2.5353691577911377 38.449570944444446
2.537569761276245 38.50193077777778
2.5397939682006836 38.53683733333333
2.5419657230377197 38.57174388888889
2.54958438873291 38.69391683333333
2.5542173385620117 38.76372994444444
2.5625157356262207 38.850996333333335
2.567218780517578 38.920809444444444
2.5710031986236572 38.990622555555554
2.573775053024292 39.07788894444444
2.576249361038208 39.1127955
2.5789783000946045 39.14770205555555
2.581267833709717 39.16515533333333
2.5840911865234375 39.23496844444444
2.5862996578216553 39.269875
2.588338613510132 39.30478155555556
2.5909690856933594 39.33968811111111
2.593613386154175 39.35714138888889
2.596266508102417 39.4269545
2.598306179046631 39.46186105555556
2.600942373275757 39.49676761111111
2.6035678386688232 39.514220888888886
2.606980562210083 39.584033999999996
2.609182119369507 39.618940555555554
2.6114654541015625 39.653847111111105
2.614293098449707 39.706206944444446
2.616530179977417 39.7411135
2.618866205215454 39.776020055555556
2.6211657524108887 39.810926611111114
2.6238019466400146 39.86328644444444
2.6263580322265625 39.898193
2.6284019947052 39.93309955555555
2.6310508251190186 39.96800611111111
2.633673906326294 40.00291266666666
2.636111259460449 40.0552725
2.638122081756592 40.09017905555555
2.6405138969421387 40.12508561111111
2.6433684825897217 40.15999216666666
2.645848035812378 40.212352
2.6478710174560547 40.247258555555554
2.6501829624176025 40.28216511111111
2.653125286102295 40.31707166666666
2.6554112434387207 40.35197822222222
2.6582465171813965 40.404338055555556
2.660959482192993 40.43924461111111
2.663613796234131 40.474151166666665
2.666067361831665 40.526511
2.668070077896118 40.56141755555556
2.6704628467559814 40.59632411111111
2.6733338832855225 40.63123066666667
2.6757256984710693 40.683590499999994
2.6777617931365967 40.71849705555555
2.6800711154937744 40.75340361111111
2.6825602054595947 40.78831016666666
2.685441732406616 40.82321672222222
2.6876370906829834 40.875576555555554
2.6898577213287354 40.91048311111111
2.6920289993286133 40.945389666666664
2.6951489448547363 40.98029622222222
2.6973602771759033 41.01520277777777
2.699518918991089 41.032656055555556
2.7018320560455322 41.102469166666666
2.7049734592437744 41.137375722222224
2.7071728706359863 41.154829
2.7103424072265625 41.22464211111111
2.7132568359375 41.25954866666666
2.7197580337524414 41.32936177777778
2.7243359088897705 41.45153472222222
2.7268409729003906 41.48644127777778
2.728987216949463 41.503894555555554
2.7312498092651367 41.538801111111106
2.7342123985290527 41.608614222222215
2.7364718914031982 41.64352077777778
2.7384934425354004 41.67842733333333
2.7411367893218994 41.69588061111111
2.743741750717163 41.76569372222222
2.7464358806610107 41.800600277777775
2.7484803199768066 41.83550683333333
2.751143217086792 41.85296011111111
2.7537708282470703 41.922773222222226
2.7561957836151123 41.95767977777778
2.7593564987182617 41.992586333333335
2.761665105819702 42.04494616666666
2.7645046710968018 42.07985272222222
2.766937494277954 42.11475927777777
2.7691030502319336 42.14966583333333
2.7714104652404785 42.18457238888889
2.7742364406585693 42.23693222222222
2.776475429534912 42.27183877777777
2.778503894805908 42.30674533333333
2.781125068664551 42.34165188888889
2.7837393283843994 42.39401172222222
2.78615403175354 42.42891827777778
2.7881641387939453 42.463824833333334
2.790846109390259 42.49873138888889
2.7934818267822266 42.51618466666667
2.7959108352661133 42.58599777777778
2.7979331016540527 42.62090433333333
2.8003013134002686 42.65581088888889
2.8031697273254395 42.690717444444445
2.805757761001587 42.74307727777778
2.8077967166900635 42.77798383333333
2.81109356880188 42.81289038888889
2.813721179962158 42.86525022222222
2.816136121749878 42.900156777777774
2.8181605339050293 42.93506333333333
2.8205716609954834 42.96996988888888
2.823528528213501 43.00487644444444
2.825988531112671 43.057236277777776
2.8280088901519775 43.092142833333334
2.8303816318511963 43.127049388888885
2.8332760334014893 43.16195594444444
2.8356688022613525 43.21431577777778
2.837719678878784 43.249222333333336
2.840010643005371 43.28412888888889
2.842111587524414 43.319035444444445
2.845210313796997 43.353942
2.8474137783050537 43.388848555555555
2.8495540618896484 43.44120838888889
2.851839542388916 43.47611494444444
2.855187177658081 43.5110215
2.8573906421661377 43.52847477777778
2.8605456352233887 43.56338133333333
2.8634414672851562 43.63319444444444
2.866025924682617 43.70300755555556
2.8680319786071777 43.72046083333333
2.870396614074707 43.755367388888885
2.873279333114624 43.79027394444444
2.875697135925293 43.86008705555555
2.877716541290283 43.87754033333333
2.880011558532715 43.91244688888889
2.8821029663085938 43.947353444444445
2.8852531909942627 43.98226
2.887474298477173 44.017166555555555
2.8896901607513428 44.06952638888889
2.8918700218200684 44.10443294444445
2.895010232925415 44.1393395
2.8997886180877686 44.226605888888884
2.9019923210144043 44.26151244444444
2.9051284790039062 44.296419
2.9073336124420166 44.33132555555555
2.909477472305298 44.36623211111111
2.913407802581787 44.418591944444444
2.9158661365509033 44.48840505555555
2.917886734008789 44.52331161111111
2.920171022415161 44.55821816666666
2.9231390953063965 44.57567144444444
2.9256961345672607 44.645484555555555
2.9277470111846924 44.680391111111106
2.9300642013549805 44.715297666666665
2.9325428009033203 44.750204222222216
2.935293674468994 44.7676575
2.937502861022949 44.83747061111111
2.93971848487854 44.872377166666666
2.9419357776641846 44.88983044444444
2.9450900554656982 44.924737
2.947293758392334 44.95964355555556
2.9494307041168213 44.99455011111111
2.951702833175659 45.06436322222222
2.9545392990112305 45.09926977777778
2.9569835662841797 45.11672305555555
2.959103584289551 45.151629611111105
2.96209716796875 45.18653616666666
2.9652531147003174 45.238896
2.9674694538116455 45.273802555555555
2.9696004390716553 45.343615666666665
2.971862554550171 45.37852222222222
2.974982738494873 45.413428777777774
2.977186918258667 45.43088205555555
2.979309320449829 45.46578861111111
2.9816250801086426 45.53560172222222
2.9848809242248535 45.570508277777776
2.9870975017547607 45.58796155555555
2.9892566204071045 45.62286811111111
2.9915361404418945 45.69268122222222
2.9943771362304688 45.72758777777778
2.9968578815460205 45.76249433333333
2.9989936351776123 45.77994761111111
3.0012779235839844 45.81485416666667
3.0041356086730957 45.88466727777778
3.0063486099243164 45.91957383333333
3.0084006786346436 45.93702711111111
3.0110385417938232 45.971933666666665
3.014925718307495 46.041746777777774
3.01716947555542 46.07665333333333
3.0193021297454834 46.111559888888884
3.0216071605682373 46.16391972222222
3.0244414806365967 46.198826277777776
3.026909589767456 46.233732833333335
3.0290377140045166 46.25118611111111
3.0313291549682617 46.28609266666666
3.0341637134552 46.35590577777778
3.036391019821167 46.390812333333336
3.038440704345703 46.42571888888889
3.041080951690674 46.460625444444446
3.04374098777771 46.51298527777777
3.0463271141052246 46.54789183333333
3.0483901500701904 46.58279838888889
3.051042079925537 46.600251666666665
3.0536746978759766 46.63515822222222
3.0561089515686035 46.70497133333333
3.058126211166382 46.73987788888889
3.06052303314209 46.77478444444444
3.0642449855804443 46.809691
3.0664844512939453 46.86205083333333
3.068507671356201 46.896957388888886
3.0711405277252197 46.93186394444444
3.0737740993499756 46.98422377777778
3.076219320297241 47.01913033333333
3.0782570838928223 47.05403688888889
3.080951452255249 47.088943444444446
3.0835728645324707 47.12385
3.086050510406494 47.17620983333333
3.0880563259124756 47.21111638888889
3.0904440879821777 47.24602294444445
3.0933077335357666 47.2809295
3.095705270767212 47.33328933333333
3.097715139389038 47.368195888888884
3.1000277996063232 47.40310244444444
3.1025002002716064 47.438008999999994
3.1054067611694336 47.47291555555555
3.107604503631592 47.525275388888886
3.1098265647888184 47.560181944444444
3.1119909286499023 47.5950885
3.1161863803863525 47.64744833333333
3.125185251235962 47.752168
3.1274373531341553 47.82198111111111
3.1295621395111084 47.87434094444444
3.131847620010376 47.9092475
3.135157823562622 47.94415405555555
3.137355089187622 47.96160733333333
3.139486312866211 47.99651388888889
3.141739845275879 48.066327
3.144947052001953 48.10123355555555
3.147156238555908 48.13614011111111
3.1492760181427 48.17104666666667
3.1515743732452393 48.223406499999996
3.1544134616851807 48.258313055555554
3.1568820476531982 48.293219611111105
3.159010410308838 48.31067288888889
3.1612913608551025 48.345579444444446
3.1642770767211914 48.415392555555556
3.1675314903259277 48.485205666666666
3.1697704792022705 48.520112222222224
3.17197847366333 48.5375655
3.175131320953369 48.57247205555555
3.1773412227630615 48.60737861111111
3.179478883743286 48.64228516666666
3.1817421913146973 48.694645
3.1848247051239014 48.72955155555555
3.187028408050537 48.76445811111111
3.1891469955444336 48.79936466666666
3.191413640975952 48.83427122222222
3.1942546367645264 48.886631055555554
3.1964874267578125 48.92153761111111
3.198528289794922 48.956444166666664
3.201143264770508 48.99135072222222
3.20377779006958 49.04371055555555
3.2061784267425537 49.07861711111111
3.208207368850708 49.113523666666666
3.2108469009399414 49.14843022222222
3.213481903076172 49.183336777777775
3.216918468475342 49.23569661111111
3.219052791595459 49.27060316666667
3.221336841583252 49.30550972222222
3.2243335247039795 49.35786955555555
3.2265584468841553 49.392776111111104
3.228933334350586 49.42768266666666
3.23119854927063 49.46258922222222
3.233825922012329 49.53240233333334
3.236253261566162 49.549855611111106
3.2382915019989014 49.584762166666664
3.240931987762451 49.61966872222222
3.243572235107422 49.654575277777774
3.24617338180542 49.706935111111115
3.2481906414031982 49.741841666666666
3.2507855892181396 49.776748222222224
3.2534615993499756 49.811654777777775
3.255878448486328 49.86401461111111
3.257883071899414 49.89892116666666
3.2601816654205322 49.93382772222222
3.2631611824035645 49.96873427777778
3.265436887741089 50.00364083333333
3.2684059143066406 50.05600066666666
3.271077871322632 50.09090722222222
3.273721694946289 50.16072033333333
3.2761788368225098 50.19562688888889
3.2782018184661865 50.213080166666664
3.2808241844177246 50.247986722222215
3.283478021621704 50.28289327777778
3.286052942276001 50.33525311111111
3.2880687713623047 50.37015966666667
3.2904579639434814 50.40506622222222
3.293386697769165 50.43997277777778
3.2957942485809326 50.50978588888889
3.297834873199463 50.52723916666666
3.300137758255005 50.56214572222222
3.3030481338500977 50.59705227777777
3.305354356765747 50.631958833333336
3.307570695877075 50.68431866666666
3.3097927570343018 50.71922522222222
3.311950445175171 50.75413177777777
3.3151094913482666 50.78903833333334
3.318057060241699 50.82394488888888
3.3204472064971924 50.876304722222216
3.32336163520813 50.911211277777774
3.325774669647217 50.98102438888889
3.3278045654296875 51.015930944444435
3.3301172256469727 51.03338422222222
3.333061695098877 51.068290777777776
3.3353474140167236 51.10319733333333
3.338287353515625 51.17301044444444
3.3409690856933594 51.207917
3.343628406524658 51.22537027777778
3.3462133407592773 51.295183388888894
3.3482553958892822 51.33008994444444
3.3509204387664795 51.364996500000004
3.35355544090271 51.38244977777777
3.3560233116149902 51.45226288888888
3.3580479621887207 51.48716944444445
3.3604235649108887 51.52207599999999
3.3633060455322266 51.55698255555556
3.365703821182251 51.609342388888884
3.368467092514038 51.64424894444445
3.3711190223693848 51.67915549999999
3.373741626739502 51.73151533333333
3.376322031021118 51.766421888888885
3.3783743381500244 51.80132844444444
3.3810083866119385 51.836234999999995
3.383650541305542 51.87114155555556
3.3861052989959717 51.92350138888889
3.3881378173828125 51.95840794444444
3.3905577659606934 51.9933145
3.3934178352355957 52.02822105555555
3.39583158493042 52.08058088888889
3.3978471755981445 52.11548744444444
3.400132894515991 52.150394000000006
3.403062105178833 52.18530055555555
3.405648946762085 52.237660388888884
3.407722234725952 52.27256694444444
3.410001516342163 52.30747349999999
3.4121081829071045 52.34238005555555
3.415210485458374 52.3772866111111
3.4174296855926514 52.394739888888886
3.420797824859619 52.464552999999995
3.4234678745269775 52.49945955555555
3.425877094268799 52.56927266666667
3.427896499633789 52.58672594444444
3.430182695388794 52.6216325
3.4331042766571045 52.65653905555556
3.435361862182617 52.69144561111111
3.4375534057617188 52.74380544444444
3.4397852420806885 52.778712
3.4419541358947754 52.81361855555555
3.4451169967651367 52.84852511111111
3.447321653366089 52.88343166666666
3.451802968978882 52.90088494444444
3.4549686908721924 53.00560461111111
3.4571781158447266 53.04051116666666
3.459296941757202 53.057964444444444
3.4615931510925293 53.127777555555554
3.464820384979248 53.162684111111105
3.467034101486206 53.19759066666666
3.4699552059173584 53.232497222222214
3.475761651992798 53.354670166666665
3.477811098098755 53.389576722222216
3.480095624923706 53.40703
3.483041524887085 53.44193655555556
3.4856860637664795 53.51174966666667
3.4877431392669678 53.54665622222222
3.4900522232055664 53.58156277777778
3.4925105571746826 53.59901605555555
3.4952476024627686 53.63392261111111
3.4974918365478516 53.70373572222222
3.4997246265411377 53.721189
3.5018937587738037 53.756095555555554
3.5051872730255127 53.79100211111111
3.5074052810668945 53.82590866666666
3.509526252746582 53.86081522222222
3.51180362701416 53.93062833333334
3.5149974822998047 53.94808161111111
3.5172441005706787 53.982988166666665
3.5263426303863525 54.14006766666667
3.5295493602752686 54.17497422222222
3.531843662261963 54.24478733333333
3.535163402557373 54.26224061111111
3.5373637676239014 54.29714716666667
3.5395090579986572 54.33205372222222
3.5418105125427246 54.40186683333333
3.5451269149780273 54.41932011111111
3.5473709106445312 54.45422666666666
3.5494937896728516 54.48913322222222
3.551774501800537 54.55894633333333
3.5550432205200195 54.59385288888888
3.5572447776794434 54.611306166666665
3.5593581199645996 54.646212722222224
3.5616633892059326 54.71602583333333
3.564500331878662 54.750932388888884
3.566932439804077 54.76838566666667
3.5690462589263916 54.80329222222222
3.572131395339966 54.87310533333333
3.5752389430999756 54.908011888888886
3.5774800777435303 54.94291844444444
3.5795981884002686 54.99527827777778
3.5818700790405273 55.03018483333333
3.585164785385132 55.06509138888889
3.5873665809631348 55.08254466666667
3.5894935131073 55.11745122222222
3.5917654037475586 55.18726433333333
3.5948891639709473 55.22217088888889
3.597090244293213 55.25707744444444
3.599245309829712 55.274530722222224
3.6015331745147705 55.34434383333333
3.6044538021087646 55.379250388888885
3.606909990310669 55.41415694444444
3.6090354919433594 55.431610222222226
3.6113128662109375 55.46651677777778
3.6141281127929688 55.536329888888886
3.6163525581359863 55.571236444444445
3.618407726287842 55.606142999999996
3.6217386722564697 55.62359627777778
3.6249074935913086 55.69340938888889
3.62711501121521 55.72831594444444
3.6292660236358643 55.7632225
3.63155198097229 55.81558233333333
3.634819746017456 55.85048888888889
3.637031078338623 55.88539544444444
3.6391470432281494 55.920302
3.6414055824279785 55.95520855555555
3.644407033920288 56.00756838888889
3.6468756198883057 56.04247494444444
3.6490108966827393 56.0773815
3.6512837409973145 56.11228805555555
3.6541197299957275 56.16464788888888
3.65633487701416 56.199554444444445
3.6583855152130127 56.234460999999996
3.6610448360443115 56.269367555555554
3.6637182235717773 56.32172738888889
3.6661593914031982 56.35663394444445
3.6681718826293945 56.3915405
3.670565605163574 56.426447055555556
3.6743969917297363 56.47880688888889
3.67685604095459 56.513713444444434
3.678992986679077 56.54862
3.6812546253204346 56.58352655555556
3.684093952178955 56.65333966666667
3.686305522918701 56.670792944444436
3.688375473022461 56.7056995
3.6910102367401123 56.74060605555555
3.6936566829681396 56.77551261111111
3.696120500564575 56.82787244444444
3.698134183883667 56.862779
3.7005186080932617 56.897685555555555
3.703418731689453 56.93259211111111
3.706021308898926 56.98495194444445
3.708016872406006 57.01985849999999
3.7103891372680664 57.054765055555556
3.7132744789123535 57.08967161111111
3.7156994342803955 57.14203144444445
3.7177298069000244 57.17693799999999
3.720050096511841 57.21184455555556
3.723592758178711 57.24675111111111
3.726093053817749 57.31656422222222
3.7281172275543213 57.334017499999995
3.7305545806884766 57.36892405555556
3.7334139347076416 57.40383061111111
3.735823631286621 57.45619044444444
3.737856388092041 57.491097
3.740128517150879 57.52600355555555
3.743014097213745 57.56091011111111
3.745340347290039 57.595816666666664
3.7475688457489014 57.665629777777774
3.749809503555298 57.68308305555555
3.7519724369049072 57.717989611111115
3.7551286220550537 57.752896166666666
3.757333278656006 57.787802722222224
3.7594525814056396 57.80525599999999
3.7617602348327637 57.8750691111111
3.765096664428711 57.90997566666667
3.767301321029663 57.94488222222221
3.769423723220825 57.97978877777778
3.7716968059539795 58.032148611111104
3.775730609893799 58.101961722222214
3.7777645587921143 58.13686827777778
3.7800791263580322 58.15432155555556
3.782566785812378 58.189228111111106
3.7852838039398193 58.22413466666667
3.7874903678894043 58.29394777777778
3.7896976470947266 58.32885433333333
3.79187273979187 58.34630761111111
3.795081377029419 58.38121416666666
3.797316312789917 58.416120722222225
3.7994279861450195 58.45102727777777
3.8017091751098633 58.50338711111111
3.8045401573181152 58.53829366666666
3.8069658279418945 58.573200222222226
3.809086322784424 58.60810677777777
3.81134295463562 58.643013333333336
3.8141860961914062 58.69537316666666
3.8164148330688477 58.730279722222214
3.8184688091278076 58.76518627777778
3.82112193107605 58.80009283333332
3.823761224746704 58.852452666666665
3.827345609664917 58.887359222222216
3.8294875621795654 58.92226577777778
3.831768035888672 58.99207888888889
3.834885835647583 59.02698544444444
3.837087631225586 59.04443872222222
3.8392133712768555 59.07934527777778
3.841477155685425 59.14915838888889
3.8443169593811035 59.16661166666666
3.8465576171875 59.20151822222222
3.8489320278167725 59.23642477777777
3.8512301445007324 59.271331333333336
3.85406494140625 59.341144444444446
3.856322765350342 59.376051
3.8583528995513916 59.39350427777777
3.860994338989258 59.42841083333334
3.8636374473571777 59.46331738888888
3.866076946258545 59.515677222222216
3.868088960647583 59.550583777777774
3.870490312576294 59.585490333333325
3.873345136642456 59.620396888888884
3.876511812210083 59.69021
3.87888765335083 59.707663277777776
3.881178617477417 59.74256983333333
3.883814573287964 59.81238294444444
3.886399269104004 59.8472895
3.8884334564208984 59.86474277777778
3.891087532043457 59.89964933333333
3.893721103668213 59.96946244444444
3.896303653717041 60.004369000000004
3.8983473777770996 60.039275555555555
3.900979995727539 60.05672883333333
3.9036436080932617 60.09163538888888
3.9060773849487305 60.16144849999999
3.9080989360809326 60.178901777777774
3.910506010055542 60.21380833333333
3.913404703140259 60.248714888888884
3.9158356189727783 60.31852799999999
3.9178707599639893 60.35343455555556
3.9275217056274414 60.475607499999995
3.9298369884490967 60.52796733333333
3.9320085048675537 60.56287388888889
3.9353084564208984 60.59778044444444
3.937514305114746 60.66759355555555
3.939725637435913 60.702500111111114
3.941908597946167 60.71995338888889
3.9453392028808594 60.75485994444444
3.9475433826446533 60.82467305555555
3.9497530460357666 60.859579611111116
3.951942205429077 60.877032888888884
3.955235004425049 60.91193944444444
3.9574685096740723 60.946845999999994
3.959588050842285 61.0166591111111
3.9618594646453857 61.05156566666667
3.96502423286438 61.069018944444444
3.9672157764434814 61.103925499999995
3.9693427085876465 61.138832055555554
3.9716548919677734 61.19119188888889
3.974491834640503 61.22609844444444
3.977633237838745 61.261005
3.979879140853882 61.33081811111111
3.982041358947754 61.36572466666667
3.9851763248443604 61.400631222222216
3.9874038696289062 61.4180845
3.9895472526550293 61.48789761111111
3.9918296337127686 61.52280416666666
3.994978904724121 61.55771072222222
3.9971823692321777 61.575164
3.999296188354492 61.61007055555555
4.00156307220459 61.67988366666666
4.0045576095581055 61.71479022222223
4.0069921016693115 61.732243499999996
4.009134531021118 61.767150055555554
4.011403799057007 61.802056611111105
4.0142502784729 61.871869722222215
4.016477346420288 61.889323
4.018487215042114 61.924229555555556
4.021117925643921 61.95913611111111
4.023738384246826 62.02894922222222
4.026320219039917 62.063855777777775
4.029519557952881 62.08130905555556
4.031806945800781 62.15112216666667
4.034930467605591 62.18602872222222
4.037127733230591 62.203482
4.039244174957275 62.23838855555555
4.041541814804077 62.30820166666666
4.044402360916138 62.34310822222222
4.046860456466675 62.37801477777777
4.048984050750732 62.41292133333333
4.051246643066406 62.43037461111111
4.056952953338623 62.53509427777777
4.059093236923218 62.552547555555556
4.06134557723999 62.58745411111111
4.0643322467803955 62.65726722222222
4.066570043563843 62.692173777777775
4.068948745727539 62.727080333333326
4.071230411529541 62.761986888888885
4.07413911819458 62.81434672222222
4.076345920562744 62.84925327777778
4.079691171646118 62.88415983333333
4.081875801086426 62.93651966666667
4.085019588470459 62.97142622222222
4.087214469909668 63.00633277777778
4.0893332958221436 63.04123933333333
4.0916173458099365 63.093599166666664
4.094454050064087 63.12850572222222
4.096893072128296 63.16341227777777
4.099052429199219 63.19831883333333
4.10131573677063 63.23322538888888
4.104183912277222 63.285585222222224
4.10641884803772 63.320491777777775
4.108450174331665 63.35539833333333
4.11109471321106 63.390304888888885
4.113717555999756 63.44266472222221
4.116151332855225 63.47757127777778
4.118153095245361 63.51247783333333
4.120820760726929 63.54738438888889
4.123471975326538 63.56483766666667
4.126047849655151 63.63465077777778
4.128060340881348 63.66955733333333
4.131435871124268 63.70446388888889
4.134294271469116 63.75682372222222
4.136553049087524 63.79173027777778
4.138890266418457 63.82663683333333
4.141173601150513 63.86154338888889
4.143819808959961 63.913903222222224
4.146267652511597 63.94880977777777
4.148305416107178 63.983716333333334
4.150952577590942 64.01862288888888
4.153576374053955 64.05352944444445
4.156175374984741 64.10588927777778
4.15820050239563 64.14079583333333
4.160817861557007 64.17570238888888
4.16346287727356 64.21060894444445
4.16586971282959 64.26296877777777
4.167910099029541 64.29787533333332
4.170198917388916 64.33278188888889
4.1731932163238525 64.36768844444444
4.1755712032318115 64.40259499999999
4.1776721477508545 64.45495483333333
4.1810524463653564 64.48986138888888
4.183711528778076 64.5596745
4.186311483383179 64.57712777777778
4.188366889953613 64.61203433333333
4.190993309020996 64.64694088888889
4.1936540603637695 64.68184744444444
4.19609260559082 64.75166055555555
4.198111295700073 64.76911383333334
4.200525283813477 64.80402038888889
4.203417778015137 64.83892694444444
4.205836296081543 64.89128677777778
4.2078564167022705 64.92619333333333
4.210144996643066 64.96109988888888
4.2130866050720215 64.99600644444445
4.215343952178955 65.030913
4.217519283294678 65.08327283333333
4.219738960266113 65.11817938888889
4.221924304962158 65.15308594444444
4.2250730991363525 65.1879925
4.227264881134033 65.22289905555556
4.229389667510986 65.24035233333333
4.233301639556885 65.31016544444444
4.23570704460144 65.37997855555555
4.237756252288818 65.4148851111111
4.240065336227417 65.4323383888889
4.242523193359375 65.46724494444445
4.2454071044921875 65.5021515
4.2475905418396 65.57196461111111
4.249836683273315 65.58941788888889
4.252011299133301 65.62432444444444
4.255134582519531 65.65923099999999
4.257335662841797 65.69413755555556
4.2594780921936035 65.72904411111111
4.261757135391235 65.78140394444445
4.2649476528167725 65.8163105
4.267150402069092 65.85121705555555
4.269276142120361 65.8861236111111
4.271536827087402 65.93848344444443
4.274376392364502 65.97339
4.276839733123779 66.00829655555556
4.27896523475647 66.04320311111111
4.281949043273926 66.07810966666666
4.2854321002960205 66.1304695
4.287632465362549 66.2002826111111
4.289846181869507 66.23518916666666
4.2920122146606445 66.25264244444445
4.295181035995483 66.287549
4.297368764877319 66.32245555555555
4.299495697021484 66.35736211111112
4.301766395568848 66.42717522222222
4.305033445358276 66.46208177777777
4.30722188949585 66.47953505555556
4.309332370758057 66.51444161111111
4.311615467071533 66.58425472222221
4.31446099281311 66.601708
4.316897869110107 66.63661455555555
4.319025993347168 66.6715211111111
4.3263232707977295 66.79369405555556
4.3303704261779785 66.86350716666666
4.334371566772461 66.93332027777778
4.33683443069458 66.95077355555554
4.339807987213135 67.02058666666666
4.341978311538696 67.05549322222222
4.3453192710876465 67.09039977777778
4.347517490386963 67.14275961111112
4.349709987640381 67.17766616666667
4.3518946170806885 67.21257272222222
4.355179309844971 67.24747927777777
4.357378005981445 67.28238583333334
4.35950779914856 67.2998391111111
4.361776351928711 67.36965222222221
4.365063905715942 67.40455877777778
4.3672614097595215 67.43946533333333
4.3693859577178955 67.47437188888888
4.371663331985474 67.52673172222222
4.374505996704102 67.56163827777777
4.376932859420776 67.59654483333333
4.379085063934326 67.6139981111111
4.381323337554932 67.64890466666667
4.385054588317871 67.71871777777778
4.387264251708984 67.75362433333333
4.3893725872039795 67.78853088888889
4.391669273376465 67.84089072222223
4.394513845443726 67.87579727777778
4.3969316482543945 67.91070383333333
4.399054527282715 67.94561038888888
4.401322603225708 67.96306366666666
4.40417218208313 68.03287677777777
4.406394958496094 68.06778333333334
4.408435344696045 68.10268988888889
4.4110753536224365 68.13759644444444
4.413717746734619 68.18995627777778
4.416328191757202 68.22486283333332
4.418381214141846 68.25976938888888
4.421019077301025 68.29467594444444
4.423658609390259 68.31212922222221
4.426261901855469 68.38194233333333
4.428302526473999 68.4168488888889
4.430950403213501 68.45175544444444
4.434548377990723 68.46920872222222
4.437021493911743 68.53902183333334
4.439155578613281 68.57392838888889
4.441416025161743 68.60883494444444
4.444239616394043 68.66119477777777
4.446467161178589 68.69610133333333
4.4485132694244385 68.73100788888888
4.451139688491821 68.76591444444445
4.453752756118774 68.81827427777777
4.4561755657196045 68.85318083333334
4.4581990242004395 68.88808738888889
4.4608495235443115 68.92299394444444
4.46347451210022 68.9579005
4.465883493423462 69.01026033333332
4.467899322509766 69.04516688888889
4.470182180404663 69.08007344444444
4.473104953765869 69.11498
4.475359201431274 69.14988655555555
4.477547883987427 69.2022463888889
4.479806423187256 69.23715294444443
4.481971502304077 69.2720595
4.486159086227417 69.32441933333332
4.488194465637207 69.35932588888889
4.490823268890381 69.39423244444444
4.493485689163208 69.429139
4.495970726013184 69.48149883333333
4.497968673706055 69.51640538888888
4.500344753265381 69.55131194444445
4.50324010848999 69.58621849999999
4.505651235580444 69.63857833333333
4.507685661315918 69.67348488888888
4.509961843490601 69.70839144444444
4.512106895446777 69.743298
4.515197038650513 69.77820455555556
4.5174241065979 69.81311111111111
4.519548654556274 69.86547094444444
4.521821737289429 69.90037749999999
4.525419235229492 69.93528405555556
4.527625322341919 69.98764388888888
4.529855728149414 70.02255044444443
4.532016754150391 70.057457
4.535980701446533 70.09236355555555
4.538114547729492 70.14472338888889
4.5405144691467285 70.17962994444444
4.543410778045654 70.21453650000001
4.546021223068237 70.28434961111111
4.5480358600616455 70.30180288888889
4.550400495529175 70.33670944444444
4.553279638290405 70.37161599999999
4.555692672729492 70.4414291111111
4.557722806930542 70.47633566666667
4.56002402305603 70.49378894444445
4.562114477157593 70.5286955
4.5652525424957275 70.56360205555556
4.567482948303223 70.5985086111111
4.569589138031006 70.65086844444444
4.571843385696411 70.68577499999999
4.575009822845459 70.72068155555556
4.5772058963775635 70.75558811111111
4.5793163776397705 70.79049466666667
4.5816168785095215 70.8428545
4.584447860717773 70.87776105555555
4.5876569747924805 70.94757416666666
4.589883804321289 70.96502744444444
4.592061996459961 70.999934
4.595178842544556 71.03484055555555
4.5973992347717285 71.06974711111111
4.599542140960693 71.13956022222223
4.60181450843811 71.15701349999999
4.605152368545532 71.19192005555556
4.607356309890747 71.22682661111111
4.609477281570435 71.26173316666666
4.611742734909058 71.314093
4.614574432373047 71.34899955555555
4.617002725601196 71.3839061111111
4.619127511978149 71.41881266666667
4.62139105796814 71.45371922222222
4.624238967895508 71.50607905555556
4.62645959854126 71.54098561111111
4.628488063812256 71.57589216666666
4.6311187744140625 71.61079872222221
4.633752822875977 71.66315855555555
4.636157751083374 71.6980651111111
4.641960859298706 71.80278477777777
4.645132303237915 71.83769133333334
4.64732551574707 71.85514461111111
4.649414777755737 71.89005116666667
4.651701211929321 71.95986427777777
4.6545796394348145 71.97731755555556
4.65703010559082 72.01222411111111
4.6591503620147705 72.04713066666666
4.66143274307251 72.08203722222221
4.664442539215088 72.15185033333333
4.66689395904541 72.1693036111111
4.669026613235474 72.20421016666667
4.6713035106658936 72.23911672222222
4.674298286437988 72.30892983333332
4.676536560058594 72.32638311111111
4.678905248641968 72.36128966666666
4.681194543838501 72.39619622222222
4.684051275253296 72.46600933333333
4.686259984970093 72.5009158888889
4.689425706863403 72.51836916666666
4.691689491271973 72.58818227777778
4.694554567337036 72.62308883333333
4.696984767913818 72.64054211111112
4.699112415313721 72.67544866666667
4.701408863067627 72.71035522222222
4.7042458057403564 72.78016833333334
4.706506252288818 72.81507488888889
4.708511114120483 72.83252816666666
4.711138963699341 72.86743472222221
4.713760852813721 72.93724783333333
4.716161489486694 72.97215438888888
4.718178033828735 72.98960766666667
4.725727081298828 73.02451422222222
4.729422092437744 73.16414044444444
4.731702566146851 73.21650027777778
4.734943628311157 73.25140683333333
4.737188339233398 73.28631338888889
4.740352630615234 73.33867322222223
4.7432544231414795 73.37357977777778
4.745829820632935 73.44339288888888
4.747851610183716 73.47829944444445
4.750138759613037 73.513206
4.753042936325073 73.53065927777777
4.755650758743286 73.60047238888889
4.7576823234558105 73.63537894444444
4.759990215301514 73.65283222222222
4.762078762054443 73.68773877777778
4.765225172042847 73.72264533333333
4.767444610595703 73.75755188888888
4.7695653438568115 73.827365
4.771831512451172 73.84481827777778
4.774963140487671 73.87972483333333
4.777151584625244 73.91463138888889
4.779265642166138 73.94953794444444
4.781543016433716 74.00189777777778
4.7845563888549805 74.03680433333334
4.786982297897339 74.07171088888889
4.789840936660767 74.10661744444444
4.792079210281372 74.17643055555556
4.795225143432617 74.19388383333333
4.797432899475098 74.22879038888888
4.799556493759155 74.2986035
4.801828384399414 74.31605677777777
4.805147647857666 74.35096333333334
4.8073577880859375 74.38586988888889
4.809486389160156 74.42077644444444
4.811771869659424 74.49058955555556
4.814873218536377 74.52549611111111
4.8170552253723145 74.54294938888889
4.8191845417022705 74.57785594444444
4.821472883224487 74.64766905555555
4.824396133422852 74.66512233333333
4.826850414276123 74.7000288888889
4.828998327255249 74.73493544444443
4.831273078918457 74.769842
4.83408522605896 74.83965511111111
4.836308240890503 74.87456166666666
4.838362455368042 74.89201494444444
4.84179162979126 74.96182805555556
4.8451087474823 74.99673461111111
4.84730076789856 75.01418788888888
4.849415302276611 75.04909444444445
4.851687669754028 75.11890755555555
4.854561805725098 75.1538141111111
4.856981039047241 75.18872066666667
4.859097003936768 75.20617394444444
4.861339807510376 75.2410805
4.864141464233398 75.31089361111111
4.866349220275879 75.34580016666666
4.8684241771698 75.36325344444444
4.871063232421875 75.39815999999999
4.873711824417114 75.4679731111111
4.876139402389526 75.50287966666667
4.878166198730469 75.53778622222222
4.880789518356323 75.5552395
4.883440732955933 75.59014605555555
4.885900259017944 75.65995916666667
4.887903451919556 75.67741244444444
4.891225814819336 75.71231900000001
4.894107103347778 75.78213211111111
4.896316766738892 75.81703866666666
4.898367643356323 75.85194522222223
4.90100622177124 75.86939849999999
4.903655529022217 75.90430505555555
4.906260251998901 75.97411816666667
4.908308029174805 75.99157144444445
4.910956144332886 76.026478
4.913614273071289 76.06138455555556
4.916043758392334 76.13119766666667
4.91809344291687 76.16610422222222
4.920501232147217 76.20101077777778
4.923375129699707 76.21846405555556
4.92579197883606 76.28827716666667
4.92782998085022 76.30573044444444
4.930130481719971 76.340637
4.933028936386108 76.37554355555555
4.935596227645874 76.44535666666665
4.937688827514648 76.48026322222222
4.939958333969116 76.4977165
4.943664789199829 76.53262305555555
4.946108818054199 76.60243616666666
4.948119401931763 76.61988944444444
4.95051908493042 76.65479599999999
4.953388929367065 76.68970255555556
4.955803871154785 76.75951566666666
4.957824468612671 76.79442222222221
4.960108041763306 76.8118755
4.963023900985718 76.84678205555555
4.9656455516815186 76.91659516666667
4.967683553695679 76.95150172222222
4.969954967498779 76.968955
4.972059011459351 77.00386155555556
4.975185394287109 77.03876811111111
4.977407217025757 77.07367466666666
4.979533910751343 77.10858122222221
4.981828927993774 77.16094105555555
4.984972953796387 77.1958476111111
4.987169981002808 77.23075416666666
4.989275693893433 77.26566072222222
4.993088245391846 77.31802055555555
4.995418071746826 77.35292711111111
4.997615814208984 77.42274022222222
4.999839782714844 77.45764677777777
