0.022582054138183594 0.0 0.009032821655273438 0.0 0.0
0.028400897979736328 0.0 0.011360359191894532 0.009032821655273438 1.8065643310546875
0.035391807556152344 0.0 0.014156723022460939 0.011360359191894532 2.2720718383789062
0.04214930534362793 0.0 0.016859722137451173 0.014156723022460939 2.831344604492188
0.04806852340698242 0.0 0.01922740936279297 0.016859722137451173 3.3719444274902344
0.05459785461425781 0.0 0.021839141845703125 0.01922740936279297 3.845481872558594
0.06225395202636719 0.0 0.024901580810546876 0.021839141845703125 4.367828369140625
0.0681161880493164 0.0 0.027246475219726562 0.024901580810546876 4.980316162109375
0.07461190223693848 0.0 0.02984476089477539 0.027246475219726562 5.4492950439453125
0.08134150505065918 0.0 0.03253660202026367 0.02984476089477539 5.968952178955078
0.08717918395996094 0.0 0.034871673583984374 0.03253660202026367 6.507320404052734
0.09409713745117188 0.0 0.037638854980468754 0.034871673583984374 6.974334716796875
0.09989380836486816 0.0 0.039957523345947266 0.037638854980468754 7.527770996093751
0.10629796981811523 0.0 0.0425191879272461 0.039957523345947266 7.991504669189453
0.11424708366394043 0.0 0.045698833465576176 0.0425191879272461 8.50383758544922
0.12000703811645508 0.0 0.04800281524658204 0.045698833465576176 9.139766693115234
0.12643885612487793 0.0 0.050575542449951175 0.04800281524658204 9.600563049316408
0.1335766315460205 0.0 0.05343065261840821 0.050575542449951175 10.115108489990234
0.13927555084228516 0.0 0.055710220336914064 0.05343065261840821 10.686130523681642
0.1457974910736084 0.0 0.05831899642944336 0.055710220336914064 11.142044067382812
0.1526947021484375 0.0 0.061077880859375 0.05831899642944336 11.663799285888672
0.15862298011779785 0.01745327777777778 0.06344919204711914 0.04362460308159723 8.724920616319446
0.16615748405456543 0.01745327777777778 0.06646299362182617 0.04599591426934137 9.199182853868274
0.17347264289855957 0.01745327777777778 0.06938905715942383 0.049009715844048396 9.801943168809679
0.1793203353881836 0.01745327777777778 0.07172813415527345 0.05193577938164605 10.38715587632921
0.1859416961669922 0.03490655555555556 0.07437667846679688 0.03682157859971789 7.364315719943577
0.19273853302001953 0.03490655555555556 0.07709541320800782 0.03947012291124132 7.894024582248265
0.19872021675109863 0.03490655555555556 0.07948808670043946 0.04218885765245226 8.437771530490453
0.20534586906433105 0.03490655555555556 0.08213834762573242 0.0445815311448839 8.91630622897678
0.21320080757141113 0.05235983333333333 0.08528032302856446 0.029778514292399097 5.955702858479819
0.2264409065246582 0.05235983333333333 0.09057636260986329 0.032920489695231134 6.584097939046226
0.23385095596313477 0.05235983333333333 0.09354038238525392 0.038216529276529965 7.643305855305993
0.23967266082763672 0.06981311111111112 0.09586906433105469 0.0237272712741428 4.74545425482856
0.24637055397033691 0.06981311111111112 0.09854822158813477 0.02605595321994357 5.211190643988714
0.25368309020996094 0.06981311111111112 0.10147323608398438 0.02873511047702365 5.747022095404731
0.25945448875427246 0.06981311111111112 0.10378179550170899 0.031660124972873266 6.332024994574653
0.2671239376068115 0.06981311111111112 0.10684957504272462 0.03396868439059787 6.793736878119574
0.2741231918334961 0.06981311111111112 0.10964927673339844 0.0370364639316135 7.4072927863227
0.2799851894378662 0.08726638888888888 0.11199407577514649 0.022382887844509564 4.476577568901913
0.28658199310302734 0.08726638888888888 0.11463279724121095 0.024727686886257608 4.945537377251521
0.29367852210998535 0.08726638888888888 0.11747140884399415 0.02736640835232207 5.473281670464414
0.30053162574768066 0.08726638888888888 0.12021265029907227 0.030205019955105272 6.0410039910210545
0.3072211742401123 0.08726638888888888 0.12288846969604493 0.03294626141018339 6.589252282036679
0.31476688385009766 0.08726638888888888 0.12590675354003908 0.03562208080715605 7.12441616143121
0.3215489387512207 0.10471966666666666 0.12861957550048828 0.021187086873372424 4.237417374674485
0.3274407386779785 0.10471966666666666 0.1309762954711914 0.02389990883382162 4.779981766764324
0.3343522548675537 0.10471966666666666 0.13374090194702148 0.026256628804524756 5.251325760904951
0.3411400318145752 0.10471966666666666 0.13645601272583008 0.02902123528035483 5.804247056070966
0.34685349464416504 0.10471966666666666 0.138741397857666 0.03173634605916342 6.3472692118326846
0.3538501262664795 0.10471966666666666 0.1415400505065918 0.034021731190999355 6.804346238199871
0.3596327304840088 0.10471966666666666 0.1438530921936035 0.03682038383992514 7.364076767985028
0.36730527877807617 0.10471966666666666 0.14692211151123047 0.039133425526936855 7.826685105387371
0.37415146827697754 0.12217294444444445 0.14966058731079102 0.024749167066786024 4.949833413357204
0.3799896240234375 0.12217294444444445 0.151995849609375 0.02748764286634657 5.497528573269314
0.38657069206237793 0.12217294444444445 0.15462827682495117 0.029822905164930566 5.964581032986113
0.39384937286376953 0.12217294444444445 0.15753974914550783 0.03245533238050673 6.491066476101345
0.39971208572387695 0.12217294444444445 0.1598848342895508 0.03536680470106339 7.073360940212678
0.41044163703918457 0.12217294444444445 0.16417665481567384 0.03771188984510636 7.542377969021271
0.4243042469024658 0.13962622222222223 0.16972169876098633 0.024550432593451604 4.910086518690321
0.43795108795166016 0.13962622222222223 0.17518043518066406 0.0300954765387641 6.01909530775282
0.4537076950073242 0.13962622222222223 0.1814830780029297 0.03555421295844183 7.110842591688366
0.46778011322021484 0.13962622222222223 0.18711204528808595 0.04185685578070747 8.371371156141494
0.4748058319091797 0.13962622222222223 0.18992233276367188 0.047485823065863714 9.497164613172743
0.4815480709075928 0.13962622222222223 0.19261922836303713 0.05029611054144964 10.059222108289928
0.4882786273956299 0.1570795 0.19531145095825198 0.03553972836303712 7.107945672607424
0.49474167823791504 0.1570795 0.19789667129516603 0.038231950958251965 7.646390191650393
0.5014736652374268 0.1570795 0.20058946609497072 0.040817171295166016 8.163434259033203
0.5074090957641602 0.17453277777777776 0.20296363830566408 0.02605668831719296 5.211337663438592
0.5200014114379883 0.17453277777777776 0.20800056457519533 0.02843086052788632 5.686172105577264
0.5326220989227295 0.17453277777777776 0.21304883956909182 0.033467786797417576 6.693557359483515
0.543604850769043 0.17453277777777776 0.2174419403076172 0.03851606179131406 7.703212358262812
0.5498175621032715 0.17453277777777776 0.2199270248413086 0.04290916252983945 8.58183250596789
0.5564191341400146 0.19198605555555553 0.22256765365600586 0.02794096928575307 5.588193857150614
0.5637960433959961 0.19198605555555553 0.22551841735839845 0.03058159810045033 6.116319620090066
0.5712685585021973 0.19198605555555553 0.22850742340087893 0.033532361802842914 6.706472360568583
0.5773544311523438 0.19198605555555553 0.2309417724609375 0.036521367845323394 7.304273569064678
0.5841295719146729 0.19198605555555553 0.23365182876586915 0.038955716905381965 7.7911433810763935
0.5900037288665771 0.2094393333333333 0.23600149154663086 0.02421249543253584 4.842499086507168
0.5966317653656006 0.2094393333333333 0.23865270614624023 0.02656215821329755 5.31243164265951
0.6036503314971924 0.2094393333333333 0.24146013259887697 0.029213372812906924 5.842674562581385
0.6094043254852295 0.2094393333333333 0.2437617301940918 0.03202079926554366 6.404159853108732
0.6238908767700195 0.2094393333333333 0.24955635070800783 0.0343223968607585 6.864479372151699
0.6297776699066162 0.2094393333333333 0.2519110679626465 0.04011701737467452 8.023403474934904
0.6367702484130859 0.2268926111111111 0.25470809936523436 0.02501845685153542 5.003691370307084
0.6439836025238037 0.2268926111111111 0.2575934410095215 0.027815488254123277 5.5630976508246555
0.649815559387207 0.2268926111111111 0.25992622375488283 0.030700829898410387 6.140165979682077
0.6566295623779297 0.2268926111111111 0.2626518249511719 0.03303361264377175 6.60672252875435
0.6636459827423096 0.2268926111111111 0.2654583930969238 0.03575921384006081 7.151842768012163
0.6736478805541992 0.2268926111111111 0.2694591522216797 0.03856578198581273 7.713156397162546
0.6794602870941162 0.2443458888888889 0.2717841148376465 0.02511326333279082 5.022652666558164
0.686004638671875 0.2443458888888889 0.27440185546875 0.027438225948757583 5.487645189751516
0.6932179927825928 0.2443458888888889 0.2772871971130371 0.03005596657986112 6.011193315972224
0.6991524696350098 0.2443458888888889 0.2796609878540039 0.03294130822414823 6.588261644829646
0.7057602405548096 0.2443458888888889 0.2823040962219238 0.035315098965115005 7.063019793023001
0.7125403881072998 0.2443458888888889 0.28501615524291996 0.03795820733303493 7.591641466606985
0.7185425758361816 0.2443458888888889 0.2874170303344727 0.040670266354031065 8.134053270806213
0.7259745597839355 0.26179916666666664 0.2903898239135742 0.02561786366780605 5.12357273356121
0.7327742576599121 0.26179916666666664 0.29310970306396483 0.02859065724690757 5.718131449381514
0.7387382984161377 0.26179916666666664 0.29549531936645507 0.031310536397298194 6.262107279459639
0.7453951835632324 0.26179916666666664 0.298158073425293 0.03369615269978843 6.739230539957686
0.7522640228271484 0.26179916666666664 0.3009056091308594 0.03635890675862635 7.27178135172527
0.758275032043457 0.26179916666666664 0.30331001281738285 0.03910644246419276 7.821288492838551
0.7647712230682373 0.27925244444444447 0.30590848922729497 0.024057568372938376 4.811513674587675
0.7724723815917969 0.27925244444444447 0.30898895263671877 0.026656044782850496 5.3312089565701
0.7784922122955322 0.27925244444444447 0.31139688491821294 0.029736508192274302 5.94730163845486
0.7852792739868164 0.27925244444444447 0.31411170959472656 0.032144440473768465 6.4288880947536935
0.7917606830596924 0.27925244444444447 0.31670427322387695 0.03485926515028209 6.971853030056419
0.7979006767272949 0.27925244444444447 0.319160270690918 0.03745182877943248 7.490365755886497
0.8047685623168945 0.27925244444444447 0.32190742492675783 0.03990782624647354 7.981565249294709
0.8115231990814209 0.2967057222222222 0.32460927963256836 0.025201702704535645 5.040340540907129
0.817889928817749 0.2967057222222222 0.32715597152709963 0.02790355741034617 5.580711482069233
0.8256185054779053 0.2967057222222222 0.3302474021911621 0.03045024930487744 6.090049860975489
0.8323707580566406 0.2967057222222222 0.3329483032226563 0.03354167996893992 6.708335993787983
0.8383731842041016 0.2967057222222222 0.33534927368164064 0.03624258100043409 7.248516200086819
0.8451948165893555 0.314159 0.3380779266357422 0.021190273681640615 4.238054736328123
0.8516812324523926 0.314159 0.34067249298095703 0.023918926635742188 4.783785327148438
0.857675313949585 0.314159 0.343070125579834 0.02651349298095701 5.3026985961914015
0.8643064498901367 0.314159 0.3457225799560547 0.028911125579833996 5.782225115966799
0.8705074787139893 0.314159 0.34820299148559575 0.03156357995605469 6.312715991210938
0.878035306930542 0.314159 0.3512141227722168 0.034043991485595726 6.808798297119145
0.8846206665039062 0.314159 0.35384826660156254 0.037055122772216786 7.411024554443357
0.8913147449493408 0.314159 0.35652589797973633 0.03968926660156252 7.937853320312504
0.8971889019012451 0.314159 0.3588755607604981 0.04236689797973631 8.47337959594726
0.9040110111236572 0.314159 0.3616044044494629 0.04471656076049807 8.943312152099613
0.9098732471466064 0.314159 0.3639492988586426 0.04744540444946288 9.489080889892577
0.916370153427124 0.314159 0.3665480613708496 0.04979029885864256 9.95805977172851
0.9235188961029053 0.33161227777777774 0.36940755844116213 0.03493578359307187 6.987156718614374
0.9311742782592773 0.33161227777777774 0.372469711303711 0.03779528066338439 7.5590561326768775
0.9372818470001221 0.33161227777777774 0.37491273880004883 0.04085743352593324 8.171486705186648
0.9440414905548096 0.3490655555555555 0.37761659622192384 0.02584718324449331 5.169436648898662
0.9498519897460938 0.3490655555555555 0.37994079589843754 0.02855104066636832 5.710208133273664
0.9567239284515381 0.3490655555555555 0.38268957138061527 0.030875240342882027 6.175048068576405
0.9639623165130615 0.3490655555555555 0.38558492660522464 0.03362401582505975 6.72480316501195
0.9698145389556885 0.3490655555555555 0.3879258155822754 0.036519371049669125 7.303874209933825
0.9774665832519531 0.3490655555555555 0.39098663330078126 0.038860260026719884 7.772052005343976
0.9842565059661865 0.36651883333333335 0.39370260238647464 0.024467799967447912 4.893559993489582
0.9905023574829102 0.36651883333333335 0.3962009429931641 0.027183769053141293 5.436753810628259
0.9971554279327393 0.36651883333333335 0.39886217117309575 0.029682109659830758 5.9364219319661515
1.0039756298065186 0.36651883333333335 0.40159025192260744 0.0323433378397624 6.46866756795248
1.0098316669464111 0.36651883333333335 0.4039326667785645 0.035071418589274095 7.014283717854819
1.0208046436309814 0.36651883333333335 0.4083218574523926 0.03741383344523114 7.482766689046228
1.0300307273864746 0.38397211111111107 0.41201229095458985 0.02434974634128151 4.869949268256302
1.0368361473083496 0.38397211111111107 0.4147344589233399 0.028040179843478785 5.6080359686957575
1.0441153049468994 0.38397211111111107 0.4176461219787598 0.030762347812228807 6.152469562445761
1.049954891204834 0.38397211111111107 0.4199819564819336 0.03367401086764871 6.734802173529742
1.0570666790008545 0.38397211111111107 0.4228266716003418 0.036009845370822524 7.201969074164505
1.0639152526855469 0.38397211111111107 0.42556610107421877 0.03885456048923075 7.77091209784615
1.0697622299194336 0.40142538888888885 0.4279048919677735 0.024140712185329927 4.828142437065985
1.0777153968811035 0.40142538888888885 0.43108615875244144 0.026479503078884636 5.295900615776928
1.0845451354980469 0.40142538888888885 0.43381805419921876 0.029660769863552594 5.932153972710519
1.0913569927215576 0.40142538888888885 0.4365427970886231 0.032392665310329916 6.478533062065983
1.0972833633422852 0.40142538888888885 0.43891334533691406 0.035117408199734246 7.02348163994685
1.10410737991333 0.40142538888888885 0.44164295196533204 0.03748795644802522 7.497591289605044
1.1099729537963867 0.40142538888888885 0.4439891815185547 0.0402175630764432 8.04351261528864
1.116774082183838 0.40142538888888885 0.44670963287353516 0.042563792629665864 8.512758525933172
1.123807430267334 0.4188786666666666 0.4495229721069336 0.027830966206868535 5.566193241373707
1.1313269138336182 0.4188786666666666 0.4525307655334473 0.030644305440266972 6.1288610880533945
1.137209177017212 0.4188786666666666 0.4548836708068848 0.033652098866780666 6.730419773356133
1.1440856456756592 0.4188786666666666 0.4576342582702637 0.03600500414021818 7.201000828043636
1.1499366760253906 0.4188786666666666 0.45997467041015627 0.038755591603597095 7.751118320719419
1.1565935611724854 0.4188786666666666 0.46263742446899414 0.04109600374348965 8.21920074869793
1.1637825965881348 0.43633194444444445 0.46551303863525395 0.026305480024549688 5.261096004909938
1.1695451736450195 0.43633194444444445 0.46781806945800786 0.029181094190809498 5.8362188381619
1.1762230396270752 0.43633194444444445 0.4704892158508301 0.031486125013563404 6.297225002712681
1.1841845512390137 0.43633194444444445 0.47367382049560547 0.034157271406385636 6.831454281277127
1.1904304027557373 0.43633194444444445 0.47617216110229493 0.037341876051161016 7.468375210232203
1.196748971939087 0.4537852222222222 0.4786995887756348 0.02238693888007276 4.477387776014552
1.203664779663086 0.4537852222222222 0.4814659118652344 0.024914366553412615 4.982873310682523
1.209446907043457 0.4537852222222222 0.48377876281738286 0.027680689643012235 5.536137928602447
1.2161798477172852 0.4537852222222222 0.4864719390869141 0.029993540595160684 5.998708119032137
1.223252773284912 0.4537852222222222 0.48930110931396487 0.032686716864691934 6.537343372938387
1.2298946380615234 0.4537852222222222 0.4919578552246094 0.03551588709174269 7.1031774183485386
1.2367491722106934 0.4537852222222222 0.49469966888427735 0.03817263300238721 7.634526600477443
1.2437078952789307 0.4537852222222222 0.4974831581115723 0.04091444666205518 8.182889332411037
1.2494773864746094 0.47123849999999995 0.4997909545898438 0.02624465811157234 5.248931622314467
1.2584898471832275 0.47123849999999995 0.503395938873291 0.028552454589843845 5.7104909179687695
1.265242576599121 0.47123849999999995 0.5060970306396485 0.03215743887329109 6.431487774658217
1.2717063426971436 0.47123849999999995 0.5086825370788575 0.034858530639648555 6.971706127929711
1.2778732776641846 0.47123849999999995 0.5111493110656739 0.03744403707885752 7.488807415771504
1.2855091094970703 0.4886917777777778 0.5142036437988281 0.02245753328789607 4.4915066575792135
1.2924175262451172 0.4886917777777778 0.5169670104980469 0.025511866021050322 5.102373204210064
1.2993512153625488 0.4886917777777778 0.5197404861450196 0.02827523272026916 5.655046544053832
1.3059780597686768 0.4886917777777778 0.5223912239074707 0.031048708367241773 6.209741673448354
1.3127422332763672 0.4886917777777778 0.5250968933105469 0.033699446129692945 6.7398892259385885
1.3187286853790283 0.4886917777777778 0.5274914741516114 0.036405115532769095 7.281023106553819
1.3253815174102783 0.4886917777777778 0.5301526069641114 0.03879969637383357 7.7599392747667135
1.3328490257263184 0.4886917777777778 0.5331396102905274 0.04146082918633359 8.292165837266719
1.3387651443481445 0.4886917777777778 0.5355060577392579 0.044447832512749585 8.889566502549917
1.345607042312622 0.5061450555555556 0.5382428169250488 0.0293610021837023 5.87220043674046
1.3525207042694092 0.5061450555555556 0.5410082817077637 0.03209776136949327 6.419552273898654
1.3585176467895508 0.5061450555555556 0.5434070587158203 0.03486322615220816 6.972645230441632
1.3652400970458984 0.5061450555555556 0.5460960388183594 0.037262003160264734 7.452400632052947
1.3717429637908936 0.5235983333333333 0.5486971855163575 0.022497705485026165 4.499541097005233
1.3777787685394287 0.5235983333333333 0.5511115074157715 0.02509885218302421 5.019770436604842
1.3853747844696045 0.5235983333333333 0.5541499137878418 0.027513174082438252 5.50263481648765
1.3921127319335938 0.5235983333333333 0.5568450927734375 0.030551580454508565 6.110316090901713
1.3980228900909424 0.5235983333333333 0.559209156036377 0.033246759440104245 6.649351888020849
1.408339500427246 0.5235983333333333 0.5633358001708985 0.03561082270304372 7.122164540608744
1.4153194427490234 0.5235983333333333 0.5661277770996094 0.03973746683756518 7.947493367513037
1.4276885986328125 0.5235983333333333 0.571075439453125 0.0425294437662761 8.50588875325522
1.4354832172393799 0.5410516111111111 0.574193286895752 0.030023828342013892 6.004765668402778
1.4425437450408936 0.5410516111111111 0.5770174980163575 0.03314167578464089 6.628335156928178
1.4485270977020264 0.5410516111111111 0.5794108390808106 0.03596588690524638 7.193177381049276
1.4553327560424805 0.5410516111111111 0.5821331024169922 0.03835922796969948 7.671845593939897
1.4620482921600342 0.5410516111111111 0.5848193168640137 0.041081491305881124 8.216298261176224
1.4679765701293945 0.5585048888888889 0.5871906280517578 0.026314427975124732 5.2628855950249465
1.474806308746338 0.5585048888888889 0.5899225234985351 0.028685739162868873 5.737147832573775
1.4815266132354736 0.5585048888888889 0.5926106452941895 0.031417634609646194 6.283526921929239
1.488497018814087 0.5585048888888889 0.5953988075256348 0.03410575640530056 6.821151281060112
1.4951956272125244 0.5585048888888889 0.5980782508850098 0.03689391863674585 7.37878372734917
1.501701831817627 0.5585048888888889 0.6006807327270508 0.039573361996120826 7.914672399224165
1.5077323913574219 0.5759581666666667 0.6030929565429688 0.024722566060384144 4.944513212076829
1.5143771171569824 0.5759581666666667 0.605750846862793 0.027134789876302134 5.426957975260427
1.5205559730529785 0.5759581666666667 0.6082223892211914 0.029792680196126353 5.958536039225271
1.527752161026001 0.5759581666666667 0.6111008644104005 0.03226422255452477 6.452844510904954
1.535454511642456 0.5759581666666667 0.6141818046569825 0.0351426977437338 7.0285395487467595
1.5421183109283447 0.5759581666666667 0.6168473243713379 0.038223637990315806 7.644727598063161
1.5480427742004395 0.5759581666666667 0.6192171096801758 0.040889157704671275 8.177831540934255
1.554633617401123 0.5934114444444444 0.6218534469604493 0.025805665235731468 5.1611330471462935
1.5613586902618408 0.5934114444444444 0.6245434761047364 0.028442002516004927 5.6884005032009854
1.567258358001709 0.5934114444444444 0.6269033432006836 0.031132031660291992 6.226406332058398
1.574005126953125 0.5934114444444444 0.6296020507812501 0.03349189875623926 6.698379751247852
1.5798492431640625 0.5934114444444444 0.631939697265625 0.03619060633680571 7.238121267361142
1.5877141952514648 0.5934114444444444 0.635085678100586 0.038528252821180664 7.705650564236133
1.594527244567871 0.5934114444444444 0.6378108978271485 0.041674233656141646 8.334846731228328
1.6012921333312988 0.6108647222222222 0.6405168533325196 0.026946175604926292 5.3892351209852585
1.6073732376098633 0.6108647222222222 0.6429492950439454 0.02965213111029741 5.930426222059482
1.6141455173492432 0.6108647222222222 0.6456582069396973 0.03208457282172317 6.4169145643446335
1.6199803352355957 0.6108647222222222 0.6479921340942383 0.03479348471747512 6.958696943495024
1.6265976428985596 0.6108647222222222 0.6506390571594238 0.03712741187201607 7.425482374403214
1.6336627006530762 0.628318 0.6534650802612305 0.022321057159423785 4.464211431884757
1.6412038803100586 0.628318 0.6564815521240235 0.02514708026123047 5.029416052246094
1.6471388339996338 0.628318 0.6588555335998536 0.02816355212402344 5.632710424804688
1.6541244983673096 0.628318 0.6616497993469239 0.03053753359985356 6.107506719970712
1.6599652767181396 0.628318 0.6639861106872559 0.033331799346923874 6.666359869384775
1.6665780544281006 0.628318 0.6666312217712402 0.03566811068725584 7.133622137451168
1.6736335754394531 0.628318 0.6694534301757813 0.03831322177124019 7.662644354248038
1.679375171661377 0.6457712777777778 0.6717500686645508 0.02368215239800353 4.736430479600706
1.686779260635376 0.6457712777777778 0.6747117042541504 0.025978790886773018 5.1957581773546035
1.6938369274139404 0.6457712777777778 0.6775347709655762 0.028940426476372627 5.788085295274525
1.6996123790740967 0.6457712777777778 0.6798449516296388 0.031763493187798475 6.352698637559695
1.7061522006988525 0.6457712777777778 0.6824608802795411 0.034073673851861 6.814734770372199
1.713371992111206 0.6457712777777778 0.6853487968444825 0.03668960250176334 7.337920500352668
1.7192564010620117 0.6457712777777778 0.6877025604248047 0.0395775190667047 7.9155038133409406
1.7258329391479492 0.6632245555555555 0.6903331756591797 0.024478004869249226 4.895600973849845
1.732832908630371 0.6632245555555555 0.6931331634521485 0.027108620103624248 5.42172402072485
1.7398262023925781 0.6632245555555555 0.6959304809570312 0.029908607896592998 5.9817215793186
1.7464075088500977 0.6632245555555555 0.6985630035400391 0.032705925401475766 6.541185080295153
1.7536158561706543 0.6632245555555555 0.7014463424682618 0.0353384479844836 7.06768959689672
1.7593638896942139 0.6632245555555555 0.7037455558776856 0.03822178691270628 7.644357382541256
1.7659621238708496 0.6632245555555555 0.7063848495483399 0.04052100032213013 8.104200064426026
1.773099422454834 0.6632245555555555 0.7092397689819336 0.043160293992784426 8.632058798556885
1.7788341045379639 0.6632245555555555 0.7115336418151856 0.046015213426378154 9.20304268527563
1.7855374813079834 0.6632245555555555 0.7142149925231934 0.04830908625963015 9.661817251926031
1.793459415435791 0.6806778333333333 0.7173837661743164 0.03353715918986011 6.707431837972022
1.7993075847625732 0.6806778333333333 0.7197230339050293 0.03670593284098311 7.341186568196623
1.8058807849884033 0.6806778333333333 0.7223523139953614 0.039045200571696026 7.809040114339205
1.8126676082611084 0.6806778333333333 0.7250670433044434 0.04167448066202806 8.33489613240561
1.8238399028778076 0.698131111111111 0.7295359611511231 0.026935932193332346 5.387186438666469
1.8316962718963623 0.698131111111111 0.732678508758545 0.03140485004001203 6.280970008002407
1.8391716480255127 0.698131111111111 0.7356686592102051 0.034547397647433975 6.909479529486795
1.8459696769714355 0.698131111111111 0.7383878707885743 0.03753754809909404 7.5075096198188085
1.8553097248077393 0.7155843888888889 0.7421238899230957 0.022803481899685396 4.560696379937079
1.8621995449066162 0.7155843888888889 0.7448798179626466 0.02653950103420688 5.307900206841376
1.8681449890136719 0.7155843888888889 0.7472579956054688 0.029295429073757706 5.859085814751541
1.8747868537902832 0.7155843888888889 0.7499147415161134 0.03167360671657993 6.3347213433159855
1.8815019130706787 0.7155843888888889 0.7526007652282716 0.0343303526272245 6.866070525444901
1.8874213695526123 0.7155843888888889 0.7549685478210449 0.037016376339382706 7.403275267876541
1.8953115940093994 0.7330376666666667 0.7581246376037598 0.021930881154378246 4.386176230875649
1.9020345211029053 0.7330376666666667 0.7608138084411622 0.02508697093709311 5.017394187418622
1.907954216003418 0.7330376666666667 0.7631816864013672 0.0277761417744955 5.5552283548991
1.9146077632904053 0.7330376666666667 0.7658431053161622 0.03014401973470049 6.028803946940098
1.9213142395019531 0.7330376666666667 0.7685256958007813 0.03280543864949548 6.5610877298990955
1.9272096157073975 0.7330376666666667 0.770883846282959 0.03548802913411464 7.097605826822928
1.9339954853057861 0.7330376666666667 0.7735981941223145 0.03784617961629233 7.569235923258466
1.9415643215179443 0.7504909444444444 0.7766257286071778 0.023107249677870034 4.621449935574007
1.9474573135375977 0.7504909444444444 0.7789829254150391 0.026134784162733404 5.226956832546681
1.954345464706421 0.7504909444444444 0.7817381858825684 0.028491980970594688 5.698396194118938
1.9611244201660156 0.7504909444444444 0.7844497680664063 0.031247241438123963 6.2494482876247925
1.9671275615692139 0.7504909444444444 0.7868510246276856 0.0339588236219619 6.7917647243923795
1.973968267440796 0.7504909444444444 0.7895873069763184 0.03636008018324122 7.272016036648243
1.9797749519348145 0.7504909444444444 0.7919099807739258 0.039096362531873985 7.819272506374797
1.9864282608032227 0.7679442222222221 0.7945713043212891 0.023965758551703686 4.793151710340737
1.994575023651123 0.7679442222222221 0.7978300094604492 0.026627082099066945 5.325416419813389
2.001305341720581 0.7679442222222221 0.8005221366882325 0.0298857872382271 5.97715744764542
2.0071945190429688 0.7679442222222221 0.8028778076171875 0.03257791446601033 6.515582893202065
2.0141947269439697 0.7679442222222221 0.8056778907775879 0.03493358539496538 6.986717078993077
2.0200116634368896 0.7679442222222221 0.8080046653747559 0.03773366855536575 7.54673371107315
2.026736259460449 0.7679442222222221 0.8106945037841797 0.040060443152533765 8.012088630506753
2.0337307453155518 0.7679442222222221 0.8134922981262207 0.04275028156195759 8.550056312391519
2.039504051208496 0.7853975 0.8158016204833984 0.028094798126220732 5.6189596252441465
2.047084093093872 0.7853975 0.8188336372375489 0.030404120483398467 6.080824096679693
2.0538949966430664 0.7853975 0.8215579986572266 0.0334361372375489 6.68722744750978
2.0596888065338135 0.7853975 0.8238755226135255 0.03616049865722659 7.232099731445318
2.0662105083465576 0.7853975 0.826484203338623 0.03847802261352551 7.695604522705102
2.0735745429992676 0.7853975 0.8294298171997071 0.041086703338623076 8.217340667724615
2.079335927963257 0.8028507777777777 0.8317343711853028 0.026579039421929407 5.315807884385881
2.08589243888855 0.8028507777777777 0.83435697555542 0.02888359340752511 5.776718681505022
2.093869686126709 0.8028507777777777 0.8375478744506837 0.0315061977776423 6.3012395555284595
2.099713087081909 0.8028507777777777 0.8398852348327637 0.03469709667290599 6.939419334581198
2.1062605381011963 0.8028507777777777 0.8425042152404786 0.03703445705498598 7.406891410997196
2.113250255584717 0.8028507777777777 0.8453001022338867 0.03965343746270089 7.930687492540178
2.11915922164917 0.8028507777777777 0.847663688659668 0.04244932445610905 8.48986489122181
2.125904083251953 0.8203040555555555 0.8503616333007813 0.02735963310411249 5.471926620822498
2.1331584453582764 0.8203040555555555 0.8532633781433105 0.030057577745225772 6.011515549045154
2.138849973678589 0.8203040555555555 0.8555399894714356 0.032959322587755024 6.591864517551005
2.1463418006896973 0.8203040555555555 0.8585367202758789 0.03523593391588009 7.047186783176018
2.1533100605010986 0.8203040555555555 0.8613240242004395 0.038232664720323384 7.646532944064677
2.1592094898223877 0.8377573333333332 0.8636837959289552 0.023566690867106277 4.713338173421255
2.1657650470733643 0.8377573333333332 0.8663060188293458 0.025926462595621924 5.185292519124385
2.172516107559204 0.8377573333333332 0.8690064430236817 0.028548685496012527 5.709737099202505
2.178492784500122 0.8377573333333332 0.8713971138000489 0.031249109690348442 6.249821938069688
2.185189723968506 0.8377573333333332 0.8740758895874023 0.033639780466715674 6.727956093343135
2.1917529106140137 0.8377573333333332 0.8767011642456055 0.0363185562540691 7.26371125081382
2.1987860202789307 0.8377573333333332 0.8795144081115723 0.03894383091227227 7.788766182454454
2.2054340839385986 0.8377573333333332 0.8821736335754395 0.04175707477823909 8.351414955647819
2.2121076583862305 0.8377573333333332 0.8848430633544923 0.0444163002421063 8.88326004842126
2.218092441558838 0.855210611111111 0.8872369766235352 0.02963245224338129 5.926490448676258
2.231414556503296 0.855210611111111 0.8925658226013184 0.032026365512424215 6.405273102484843
2.2374966144561768 0.855210611111111 0.8949986457824708 0.037355211490207485 7.471042298041497
2.24543833732605 0.8726638888888889 0.89817533493042 0.022334756893581886 4.466951378716377
2.2524406909942627 0.8726638888888889 0.9009762763977052 0.025511446041531105 5.102289208306221
2.258439064025879 0.8726638888888889 0.9033756256103516 0.02831238750881626 5.662477501763252
2.265176773071289 0.8726638888888889 0.9060707092285156 0.030711736721462657 6.142347344292531
2.27170729637146 0.8726638888888889 0.9086829185485841 0.03340682033962672 6.681364067925344
2.2776827812194824 0.8726638888888889 0.911073112487793 0.03601902965969517 7.2038059319390335
2.284313678741455 0.8726638888888889 0.9137254714965821 0.038409223598904085 7.681844719780817
2.2905306816101074 0.8726638888888889 0.916212272644043 0.041061582607693214 8.212316521538643
2.2990753650665283 0.8901171666666666 0.9196301460266114 0.02609510597737641 5.219021195475282
2.3056209087371826 0.8901171666666666 0.922248363494873 0.02951297935994479 5.902595871988958
2.312556028366089 0.8901171666666666 0.9250224113464356 0.03213119682820642 6.426239365641284
2.318495273590088 0.8901171666666666 0.9273981094360352 0.034905244679768965 6.981048935953793
2.325216293334961 0.8901171666666666 0.9300865173339844 0.03728094276936855 7.4561885538737105
2.3317699432373047 0.9075704444444443 0.9327079772949219 0.02251607288954005 4.50321457790801
2.3378055095672607 0.9075704444444443 0.9351222038269044 0.025137532850477595 5.027506570095519
2.344454288482666 0.9075704444444443 0.9377817153930664 0.027551759382460017 5.510351876492003
2.3521218299865723 0.9075704444444443 0.9408487319946289 0.030211270948622082 6.042254189724416
2.3580987453460693 0.9075704444444443 0.9432394981384278 0.03327828755018458 6.655657510036916
2.3646810054779053 0.9075704444444443 0.9458724021911622 0.03566905369398343 7.1338107387966865
2.371436595916748 0.9075704444444443 0.9485746383666993 0.03830195774671785 7.66039154934357
2.377675771713257 0.9075704444444443 0.9510703086853027 0.04100419392225496 8.200838784450992
2.384476661682129 0.9250237222222222 0.9537906646728516 0.026046586463080557 5.209317292616111
2.391249656677246 0.9250237222222222 0.9564998626708985 0.028766942450629385 5.753388490125877
2.398216724395752 0.9250237222222222 0.9592866897583008 0.031476140448676304 6.295228089735261
2.404747486114502 0.9250237222222222 0.9618989944458008 0.0342629675360786 6.852593507215721
2.4115309715270996 0.9250237222222222 0.9646123886108399 0.03687527222357867 7.375054444715734
2.4174914360046387 0.9250237222222222 0.9669965744018555 0.03958866638861769 7.917733277723538
2.424243688583374 0.9250237222222222 0.9696974754333496 0.04197285217963331 8.394570435926664
2.430459976196289 0.9250237222222222 0.9721839904785157 0.04467375321112743 8.934750642225486
2.4371378421783447 0.9424769999999999 0.974855136871338 0.02970699047851577 5.941398095703154
2.446033239364624 0.9424769999999999 0.9784132957458497 0.03237813687133806 6.475627374267612
2.454028844833374 0.9424769999999999 0.9816115379333497 0.03593629574584978 7.187259149169956
2.4598350524902344 0.9424769999999999 0.9839340209960938 0.039134537933349756 7.826907586669951
2.466428279876709 0.9424769999999999 0.9865713119506836 0.04145702099609394 8.291404199218789
2.4736382961273193 0.9599302777777778 0.9894553184509278 0.026641034172905753 5.328206834581151
2.479437828063965 0.9599302777777778 0.991775131225586 0.029525040673149983 5.9050081346299965
2.4860117435455322 0.9599302777777778 0.9944046974182129 0.031844853447808186 6.368970689561637
2.493180274963379 0.9599302777777778 0.9972721099853517 0.03447441964043507 6.8948839280870144
2.499910593032837 0.9599302777777778 0.9999642372131348 0.03734183220757381 7.468366441514762
2.5065977573394775 0.9773835555555556 1.002639102935791 0.022580681657579205 4.516136331515841
2.5138137340545654 0.9773835555555556 1.0055254936218263 0.0252555473802355 5.0511094760471
2.519561767578125 0.9773835555555556 1.00782470703125 0.028141938066270744 5.628387613254149
2.526120901107788 0.9773835555555556 1.0104483604431154 0.030441151475694483 6.088230295138897
2.5331573486328125 0.9773835555555556 1.013262939453125 0.03306480488755981 6.612960977511961
2.539121627807617 0.9773835555555556 1.015648651123047 0.035879383897569395 7.175876779513879
2.5456719398498535 0.9773835555555556 1.0182687759399414 0.03826509556749136 7.653019113498272
2.553718328475952 0.9773835555555556 1.021487331390381 0.0408852203843858 8.17704407687716
2.5596261024475098 0.9948368333333333 1.023850440979004 0.026650498057047667 5.330099611409533
2.5678787231445312 0.9948368333333333 1.0271514892578126 0.029013607645670625 5.802721529134125
2.5746803283691406 0.9948368333333333 1.0298721313476562 0.03231465592447935 6.46293118489587
2.5814456939697266 0.9948368333333333 1.0325782775878907 0.035035298014322924 7.007059602864585
2.5877063274383545 0.9948368333333333 1.0350825309753418 0.03774144425455739 7.548288850911478
2.5945539474487305 1.0122901111111111 1.0378215789794922 0.02279241986423064 4.558483972846128
2.6023435592651367 1.0122901111111111 1.0409374237060547 0.02553146786838112 5.106293573676224
2.6083016395568848 1.0122901111111111 1.043320655822754 0.028647312594943575 5.729462518988715
2.615224599838257 1.0122901111111111 1.0460898399353027 0.031030544711642793 6.206108942328559
2.6245124340057373 1.0122901111111111 1.049804973602295 0.03379972882419158 6.759945764838315
2.6343045234680176 1.0122901111111111 1.0537218093872072 0.037514862491183854 7.502972498236771
2.6405234336853027 1.0122901111111111 1.0562093734741211 0.04143169827609605 8.28633965521921
2.6472866535186768 1.0122901111111111 1.0589146614074707 0.043919262363010025 8.783852472602005
2.6552062034606934 1.029743388888889 1.0620824813842773 0.02917127251858176 5.834254503716352
2.661682367324829 1.029743388888889 1.0646729469299316 0.032339092495388355 6.467818499077671
2.667665481567383 1.029743388888889 1.0670661926269531 0.034929558041042696 6.985911608208539
2.674595355987549 1.029743388888889 1.0698381423950196 0.03732280373806418 7.464560747612836
2.6813228130340576 1.0471966666666666 1.072529125213623 0.022641475728353067 4.528295145670613
2.6872360706329346 1.0471966666666666 1.0748944282531738 0.025332458546956538 5.0664917093913076
2.694042444229126 1.0471966666666666 1.0776169776916504 0.027697761586507275 5.539552317301455
2.699902057647705 1.0471966666666666 1.079960823059082 0.03042031102498388 6.084062204996776
2.7074413299560547 1.0471966666666666 1.0829765319824218 0.03276415639241548 6.5528312784830955
2.714171886444092 1.0471966666666666 1.0856687545776367 0.03577986531575528 7.155973063151055
2.719980239868164 1.0471966666666666 1.0879920959472658 0.03847208791097012 7.694417582194024
2.72660231590271 1.0471966666666666 1.0906409263610841 0.040795429280599205 8.159085856119841
2.7338716983795166 1.0471966666666666 1.0935486793518068 0.043444259694417564 8.688851938883513
2.73972749710083 1.0646499444444444 1.095890998840332 0.02889873490736239 5.779746981472478
2.7462058067321777 1.0646499444444444 1.098482322692871 0.031241054395887646 6.248210879177529
2.7541611194610596 1.0646499444444444 1.101664447784424 0.033832378248426664 6.766475649685333
2.760016441345215 1.0646499444444444 1.104006576538086 0.037014503339979576 7.402900667995915
2.766697645187378 1.0646499444444444 1.1066790580749513 0.0393566320936416 7.871326418728319
2.773843288421631 1.0821032222222222 1.1095373153686523 0.024575835852729044 4.915167170545809
2.779639959335327 1.0821032222222222 1.1118559837341309 0.027434093146430083 5.486818629286017
2.786177635192871 1.0821032222222222 1.1144710540771485 0.029752761511908643 5.950552302381729
2.793370008468628 1.0821032222222222 1.1173480033874512 0.03236783185492631 6.473566370985262
2.799241304397583 1.0821032222222222 1.1196965217590333 0.035244781165229 7.0489562330458
2.806586265563965 1.0821032222222222 1.122634506225586 0.03759329953681112 7.518659907362224
2.813657283782959 1.0821032222222222 1.1254629135131837 0.04053128400336381 8.106256800672762
2.819415330886841 1.0995564999999998 1.1277661323547363 0.0259064135131839 5.18128270263678
2.8259809017181396 1.0995564999999998 1.130392360687256 0.028209632354736502 5.6419264709473005
2.832751989364624 1.0995564999999998 1.1331007957458497 0.030835860687256078 6.167172137451216
2.8387043476104736 1.0995564999999998 1.1354817390441896 0.03354429574584983 6.708859149169966
2.8453900814056396 1.0995564999999998 1.138156032562256 0.03592523904418976 7.185047808837952
2.8522539138793945 1.0995564999999998 1.1409015655517578 0.03859953256225612 7.7199065124512245
2.8591573238372803 1.0995564999999998 1.143662929534912 0.04134506555175799 8.269013110351597
2.865713596343994 1.0995564999999998 1.1462854385375978 0.044106429534912284 8.821285906982457
2.8725295066833496 1.1170097777777779 1.1490118026733398 0.02927566075981991 5.855132151963982
2.878477096557617 1.1170097777777779 1.151390838623047 0.03200202489556192 6.400404979112384
2.8851845264434814 1.1170097777777779 1.1540738105773927 0.03438106084526904 6.876212169053808
2.891674757003784 1.1170097777777779 1.1566699028015137 0.03706403279961479 7.412806559922958
2.897636890411377 1.1170097777777779 1.1590547561645508 0.03966012502373584 7.932025004747167
2.9054768085479736 1.1170097777777779 1.1621907234191895 0.0420449783867729 8.40899567735458
2.912353515625 1.1344630555555555 1.16494140625 0.02772766786363401 5.545533572726802
2.918334722518921 1.1344630555555555 1.1673338890075684 0.0304783506944446 6.09567013888892
2.9247853755950928 1.1344630555555555 1.1699141502380372 0.032870833452012915 6.574166690402583
2.9315598011016846 1.1344630555555555 1.1726239204406739 0.035451094682481754 7.090218936496351
2.9374818801879883 1.1519163333333333 1.1749927520751953 0.020707587107340553 4.1415174214681105
2.9442055225372314 1.1519163333333333 1.1776822090148926 0.023076418741861948 4.61528374837239
2.9500131607055664 1.1519163333333333 1.1800052642822265 0.025765875681559303 5.1531751363118605
2.9577536582946777 1.1519163333333333 1.1831014633178711 0.028088930948893198 5.61778618977864
2.964433193206787 1.1519163333333333 1.185773277282715 0.031185129984537818 6.237025996907564
2.971125602722168 1.1519163333333333 1.1884502410888673 0.03385694394938166 6.771388789876331
2.9772257804870605 1.1519163333333333 1.1908903121948242 0.036533907755534 7.3067815511068
2.983999252319336 1.1519163333333333 1.1935997009277344 0.0389739788614909 7.79479577229818
2.989844560623169 1.1693696111111112 1.1959378242492675 0.024230089816623224 4.846017963324645
2.9963560104370117 1.1693696111111112 1.1985424041748047 0.026568213138156382 5.3136426276312765
3.0033392906188965 1.1693696111111112 1.2013357162475586 0.02917279306369358 5.834558612738716
3.0098934173583984 1.1693696111111112 1.2039573669433594 0.03196610513644749 6.393221027289497
3.0163896083831787 1.1693696111111112 1.2065558433532715 0.03458775583224827 6.917551166449654
3.028841972351074 1.1693696111111112 1.2115367889404298 0.03718623224216033 7.437246448432067
3.1132757663726807 1.2042761666666666 1.2453103065490723 0.007260622273763229 1.4521244547526457
3.1191983222961426 1.2217294444444444 1.2476793289184571 0.023580862104627842 4.716172420925568
3.125746726989746 1.2217294444444444 1.2502986907958986 0.025949884474012697 5.189976894802539
3.1325457096099854 1.2217294444444444 1.2530182838439943 0.02856924635145419 5.713849270290838
3.13850736618042 1.2217294444444444 1.255402946472168 0.03128883939954985 6.25776787990997
3.145217180252075 1.2217294444444444 1.2580868721008303 0.03367350202772368 6.734700405544736
3.151669979095459 1.2217294444444444 1.2606679916381838 0.03635742765638583 7.2714855312771665
3.158687114715576 1.2217294444444444 1.2634748458862306 0.03893854719373935 7.78770943874787
3.165518283843994 1.2217294444444444 1.2662073135375977 0.04174540144178618 8.349080288357236
3.172210454940796 1.2217294444444444 1.2688841819763184 0.04447786909315332 8.895573818630664
3.178229808807373 1.239182722222222 1.2712919235229494 0.029701459754096327 5.940291950819265
3.184776544570923 1.239182722222222 1.2739106178283692 0.032109201300727364 6.421840260145473
3.191535711288452 1.239182722222222 1.276614284515381 0.0347278956061472 6.945579121229439
3.197371244430542 1.239182722222222 1.278948497772217 0.037431562293158915 7.486312458631783
3.2041139602661133 1.239182722222222 1.2816455841064454 0.03976577554999494 7.953155109998988
3.2116336822509766 1.239182722222222 1.2846534729003907 0.042462861884223324 8.492572376844665
3.2179229259490967 1.256636 1.2871691703796388 0.028017472900390583 5.603494580078117
3.2245607376098633 1.256636 1.2898242950439454 0.030533170379638763 6.106634075927753
3.2312819957733154 1.256636 1.2925127983093263 0.03318829504394527 6.637659008789054
3.2371835708618164 1.256636 1.2948734283447267 0.03587679830932622 7.175359661865244
3.243960380554199 1.256636 1.2975841522216798 0.038237428344726654 7.647485668945331
3.249793767929077 1.256636 1.299917507171631 0.04094815222167969 8.189630444335938
3.256276845932007 1.256636 1.3025107383728027 0.04328150717163082 8.656301434326164
3.2641983032226562 1.2740892777777777 1.3056793212890625 0.02842146059502504 5.684292119005008
3.270033359527588 1.2740892777777777 1.3080133438110353 0.031590043511284804 6.318008702256961
3.2770562171936035 1.2740892777777777 1.3108224868774414 0.033924066033257594 6.784813206651519
3.2839221954345703 1.2740892777777777 1.3135688781738282 0.03673320909966371 7.346641819932742
3.2897675037384033 1.2740892777777777 1.3159070014953613 0.039479600396050474 7.895920079210095
3.297699451446533 1.2915425555555555 1.3190797805786134 0.0243644459398058 4.87288918796116
3.3043856620788574 1.2915425555555555 1.321754264831543 0.027537225023057887 5.5074450046115775
3.312040090560913 1.2915425555555555 1.3248160362243653 0.030211709275987486 6.042341855197497
3.317936897277832 1.2915425555555555 1.327174758911133 0.03327348066880975 6.65469613376195
3.324575662612915 1.2915425555555555 1.329830265045166 0.035632203355577374 7.126440671115475
3.331357955932617 1.2915425555555555 1.332543182373047 0.03828770948961058 7.6575418979221155
3.3373985290527344 1.3089958333333334 1.3349594116210939 0.02354734903971356 4.709469807942712
3.34417462348938 1.3089958333333334 1.337669849395752 0.025963578287760525 5.192715657552105
3.349984645843506 1.3089958333333334 1.3399938583374025 0.028674016062418595 5.734803212483719
3.3566315174102783 1.3089958333333334 1.3426526069641114 0.03099802500406912 6.199605000813824
3.364417552947998 1.3089958333333334 1.3457670211791992 0.033656773630778014 6.731354726155603
3.371164321899414 1.3089958333333334 1.3484657287597657 0.03677118784586586 7.354237569173172
3.3770506381988525 1.3089958333333334 1.3508202552795412 0.03946989542643231 7.893979085286462
3.3839097023010254 1.326449111111111 1.3535638809204102 0.024371144168430225 4.874228833686045
3.389780044555664 1.326449111111111 1.3559120178222657 0.027114769809299277 5.4229539618598555
3.3964500427246094 1.326449111111111 1.3585800170898439 0.0294629067111547 5.89258134223094
3.4035913944244385 1.326449111111111 1.3614365577697756 0.032130905978732915 6.426181195746583
3.4093306064605713 1.326449111111111 1.3637322425842286 0.0349874466586646 6.99748933173292
3.4166982173919678 1.326449111111111 1.3666792869567872 0.03728313147311768 7.456626294623536
3.4282312393188477 1.326449111111111 1.3712924957275392 0.04023017584567623 8.046035169135246
3.436164617538452 1.3439023888888888 1.374465847015381 0.027390106838650397 5.478021367730079
3.4434635639190674 1.3439023888888888 1.377385425567627 0.030563458126492193 6.112691625298439
3.4492921829223633 1.3439023888888888 1.3797168731689453 0.0334830366787382 6.69660733574764
3.4561028480529785 1.3439023888888888 1.3824411392211915 0.03581448428005651 7.162896856011303
3.4639816284179688 1.3439023888888888 1.3855926513671877 0.038538750332302696 7.707750066460539
3.469849109649658 1.3613556666666666 1.3879396438598635 0.024236984700521047 4.847396940104209
3.476428508758545 1.3613556666666666 1.390571403503418 0.02658397719319683 5.316795438639366
3.4834864139556885 1.3613556666666666 1.3933945655822755 0.029215736836751383 5.8431473673502765
3.489267587661743 1.3613556666666666 1.3957070350646974 0.03203889891560885 6.40777978312177
3.495762348175049 1.3613556666666666 1.3983049392700195 0.03435136839803077 6.870273679606154
3.5025157928466797 1.3613556666666666 1.401006317138672 0.0369492726033529 7.38985452067058
3.508495569229126 1.3613556666666666 1.4033982276916506 0.03965065047200533 7.930130094401067
3.5161619186401367 1.3613556666666666 1.4064647674560549 0.04204256102498394 8.408512204996788
3.523186206817627 1.3613556666666666 1.409274482727051 0.045109100789388235 9.021820157877647
3.5291528701782227 1.3788089444444445 1.411661148071289 0.030465538282606452 6.0931076565212905
3.5356736183166504 1.3788089444444445 1.4142694473266602 0.0328522036268446 6.57044072536892
3.5424587726593018 1.3788089444444445 1.4169835090637208 0.035460502882215694 7.092100576443139
3.5484390258789062 1.3788089444444445 1.4193756103515627 0.038174564619276374 7.634912923855275
3.555307149887085 1.3788089444444445 1.4221228599548341 0.040566665907118216 8.113333181423643
3.5620434284210205 1.396262222222222 1.4248173713684082 0.025860637732612046 5.172127546522409
3.568803310394287 1.396262222222222 1.427521324157715 0.028555149146186176 5.711029829237235
3.5756359100341797 1.396262222222222 1.430254364013672 0.03125910193549286 6.251820387098572
3.5823824405670166 1.396262222222222 1.4329529762268067 0.03399214179144994 6.798428358289987
3.588383674621582 1.396262222222222 1.435353469848633 0.03669075400458466 7.338150800916932
3.5948164463043213 1.396262222222222 1.4379265785217286 0.03909124762641092 7.818249525282184
3.6015758514404297 1.4137155 1.440630340576172 0.024211078521728657 4.8422157043457315
3.6074204444885254 1.4137155 1.4429681777954102 0.026914840576172105 5.382968115234421
3.6151726245880127 1.4137155 1.4460690498352051 0.029252677795410298 5.85053555908206
3.621694326400757 1.4137155 1.448677730560303 0.03235354983520522 6.470709967041044
3.6277103424072266 1.4137155 1.4510841369628906 0.03496223056030301 6.992446112060602
3.6345980167388916 1.4137155 1.4538392066955568 0.03736863696289072 7.4737273925781444
3.641334295272827 1.4311687777777777 1.456533718109131 0.02267042891777904 4.534085783555808
3.647216320037842 1.4311687777777777 1.4588865280151369 0.02536494033135317 5.072988066270634
3.6539924144744873 1.4311687777777777 1.461596965789795 0.027717750237359118 5.543550047471824
3.659834384918213 1.4311687777777777 1.4639337539672852 0.030428188012017188 6.0856376024034375
3.667508363723755 1.4311687777777777 1.467003345489502 0.032764976189507466 6.552995237901493
3.674273729324341 1.4311687777777777 1.4697094917297364 0.03583456771172422 7.166913542344844
3.6800549030303955 1.4311687777777777 1.4720219612121583 0.03854071395195868 7.7081427903917366
3.6870694160461426 1.4311687777777777 1.474827766418457 0.0408531834343806 8.17063668687612
3.694042444229126 1.4486220555555556 1.4776169776916506 0.026205710862901466 5.241142172580293
3.6998496055603027 1.4486220555555556 1.4799398422241212 0.028994922136095003 5.7989844272190005
3.709171772003174 1.4486220555555556 1.4836687088012697 0.03131778666856566 6.263557333713132
3.7166101932525635 1.4486220555555556 1.4866440773010254 0.0350466532457141 7.00933064914282
3.7236385345458984 1.4486220555555556 1.4894554138183596 0.03802202174546987 7.604404349093974
3.729421615600586 1.4486220555555556 1.4917686462402344 0.04083335826280399 8.166671652560797
3.7359726428985596 1.4486220555555556 1.4943890571594238 0.043146590684678854 8.62931813693577
3.7428035736083984 1.4660753333333334 1.4971214294433595 0.02831372382609043 5.662744765218086
3.748741388320923 1.4660753333333334 1.4994965553283692 0.031046096110026067 6.209219222005213
3.7555654048919678 1.4660753333333334 1.5022261619567872 0.03342122199503583 6.6842443990071665
3.762366771697998 1.4660753333333334 1.5049467086791992 0.03615082862345376 7.230165724690751
3.7694272994995117 1.4660753333333334 1.5077709197998048 0.03887137534586582 7.774275069173164
3.776001214981079 1.4660753333333334 1.5104004859924318 0.041695586466471424 8.339117293294285
3.782818078994751 1.483528611111111 1.5131272315979005 0.026871874881320812 5.374374976264162
3.7887492179870605 1.483528611111111 1.5154996871948243 0.029598620486789518 5.9197240973579035
3.795366048812866 1.483528611111111 1.5181464195251466 0.0319710760837133 6.39421521674266
3.802027940750122 1.483528611111111 1.520811176300049 0.03461780841403561 6.923561682807122
3.8079302310943604 1.483528611111111 1.5231720924377443 0.03728256518893791 7.456513037787582
3.814746379852295 1.5009818888888888 1.525898551940918 0.02219020354885548 4.438040709771096
3.8224856853485107 1.5009818888888888 1.5289942741394045 0.02491666305202922 4.983332610405844
3.8352138996124268 1.5009818888888888 1.5340855598449707 0.028012385250515637 5.602477050103127
3.8417398929595947 1.5009818888888888 1.536695957183838 0.03310367095608191 6.620734191216382
3.848011016845703 1.5009818888888888 1.5392044067382813 0.03571406829494905 7.142813658989811
3.8547513484954834 1.5009818888888888 1.5419005393981935 0.03822251784939246 7.644503569878491
3.861511707305908 1.5009818888888888 1.5446046829223634 0.040918650509304655 8.183730101860931
3.8673787117004395 1.5184351666666667 1.546951484680176 0.026169516255696745 5.233903251139349
3.875225782394409 1.5184351666666667 1.5500903129577637 0.02851631801350929 5.703263602701858
3.881727695465088 1.5184351666666667 1.5526910781860352 0.031655146291097 6.3310292582194005
3.8877923488616943 1.5184351666666667 1.5551169395446778 0.034255911519368576 6.851182303873715
3.8944265842437744 1.5184351666666667 1.55777063369751 0.03668177287801111 7.336354575602222
3.9011754989624023 1.5184351666666667 1.560470199584961 0.03933546703084323 7.867093406168646
3.9070920944213867 1.5358884444444443 1.5628368377685549 0.024581755140516748 4.91635102810335
3.9139184951782227 1.5358884444444443 1.5655673980712892 0.026948393324110587 5.389678664822117
3.9213762283325195 1.5358884444444443 1.568550491333008 0.029678953626844917 5.9357907253689834
3.9272475242614746 1.5358884444444443 1.5708990097045898 0.03266204688856367 6.5324093777127334
3.9342334270477295 1.5358884444444443 1.5736933708190919 0.035010565260145565 7.002113052029113
3.940030813217163 1.5358884444444443 1.5760123252868654 0.03780492637464761 7.560985274929521
3.9468095302581787 1.5358884444444443 1.5787238121032716 0.040123880842421134 8.024776168484227
3.953840970993042 1.5358884444444443 1.5815363883972169 0.04283536765882734 8.567073531765468
3.9596729278564453 1.5533417222222223 1.5838691711425783 0.028194666174994554 5.638933234998911
3.966219902038574 1.5533417222222223 1.5864879608154299 0.03052744892035597 6.105489784071194
3.9741404056549072 1.5533417222222223 1.589656162261963 0.03314623859320753 6.629247718641507
3.979980945587158 1.5533417222222223 1.5919923782348633 0.0363144400397406 7.262888007948121
3.9865825176239014 1.5533417222222223 1.5946330070495607 0.03865065601264095 7.73013120252819
3.9939236640930176 1.570795 1.597569465637207 0.02383800704956074 4.767601409912148
3.999758005142212 1.570795 1.5999032020568849 0.02677446563720709 5.354893127441418
4.006249189376831 1.570795 1.6024996757507326 0.029108202056884913 5.821640411376983
4.013273477554321 1.570795 1.6053093910217286 0.03170467575073266 6.340935150146532
4.019176006317139 1.570795 1.6076704025268556 0.03451439102172871 6.9028782043457415
4.026580095291138 1.570795 1.6106320381164552 0.036875402526855616 7.375080505371123
4.033587694168091 1.570795 1.6134350776672364 0.039837038116455226 7.967407623291045
4.0393335819244385 1.570795 1.6157334327697754 0.04264007766723643 8.528015533447286
4.0459303855896 1.570795 1.61837215423584 0.044938432769775494 8.987686553955099
4.052854061126709 1.5882482777777776 1.6211416244506838 0.03012387645806247 6.024775291612494
4.058786630630493 1.5882482777777776 1.6235146522521973 0.03289334667290622 6.578669334581244
4.06544828414917 1.5882482777777776 1.626179313659668 0.035266374474419715 7.053274894883943
4.073206901550293 1.5882482777777776 1.6292827606201172 0.03793103588189051 7.586207176378101
4.079155206680298 1.6057015555555554 1.6316620826721193 0.02358120506456185 4.71624101291237
4.08570671081543 1.6057015555555554 1.634282684326172 0.025960527116563936 5.192105423312787
4.092449426651001 1.6057015555555554 1.6369797706604006 0.028581128770616582 5.716225754123316
4.098440647125244 1.6057015555555554 1.6393762588500977 0.031278215104845186 6.255643020969037
4.105197191238403 1.6057015555555554 1.6420788764953613 0.03367470329454236 6.734940658908473
4.11166787147522 1.6057015555555554 1.644667148590088 0.036377320939805946 7.275464187961189
4.1178998947143555 1.6057015555555554 1.6471599578857423 0.03896559303453251 7.793118606906502
4.12548303604126 1.6057015555555554 1.650193214416504 0.04145840233018694 8.291680466037388
4.132204055786133 1.6231548333333334 1.6528816223144531 0.02703838108317047 5.407676216634094
4.138108730316162 1.6231548333333334 1.655243492126465 0.02972678898111969 5.945357796223938
4.144675254821777 1.6231548333333334 1.657870101928711 0.0320886587931315 6.417731758626299
4.151350736618042 1.6231548333333334 1.660540294647217 0.034715268595377546 6.943053719075509
4.1571900844573975 1.6231548333333334 1.6628760337829591 0.03738546131388354 7.477092262776708
4.164000749588013 1.6231548333333334 1.665600299835205 0.03972120044962568 7.944240089925136
4.169826507568359 1.6231548333333334 1.6679306030273438 0.04244546650187164 8.489093300374329
4.177793025970459 1.640608111111111 1.6711172103881837 0.027322491916232705 5.464498383246541
4.184480667114258 1.640608111111111 1.6737922668457033 0.030509099277072682 6.101819855414536
4.1912078857421875 1.640608111111111 1.676483154296875 0.03318415573459221 6.636831146918443
4.197176694869995 1.640608111111111 1.678870677947998 0.035875043185763955 7.175008637152791
4.20412540435791 1.640608111111111 1.681650161743164 0.038262566836887 7.6525133673774
4.209949970245361 1.640608111111111 1.6839799880981445 0.04104205063205302 8.208410126410604
4.216431379318237 1.6580613888888889 1.686572551727295 0.025918599209255655 5.183719841851131
4.224371910095215 1.6580613888888889 1.689748764038086 0.028511162838406046 5.702232567681209
4.23718786239624 1.6580613888888889 1.6948751449584962 0.03168737514919706 6.337475029839412
4.244219064712524 1.6580613888888889 1.6976876258850098 0.03681375606960735 7.36275121392147
4.250043153762817 1.6755146666666665 1.700017261505127 0.02217295921834328 4.434591843668656
4.256806135177612 1.6755146666666665 1.702722454071045 0.024502594838460512 4.900518967692102
4.263963222503662 1.6755146666666665 1.7055852890014649 0.02720778740437857 5.441557480875714
4.269799470901489 1.6755146666666665 1.7079197883605959 0.030070622334798403 6.0141244669596805
4.277666807174683 1.6755146666666665 1.711066722869873 0.032405121693929395 6.481024338785879
4.2842795848846436 1.6755146666666665 1.7137118339538575 0.03555205620320656 7.110411240641312
4.290438175201416 1.6755146666666665 1.7161752700805666 0.038197167287191025 7.639433457438205
4.298006057739258 1.6929679444444443 1.7192024230957033 0.023207325636122267 4.641465127224453
4.304617643356323 1.6929679444444443 1.7218470573425293 0.02623447865125894 5.246895730251788
4.3138532638549805 1.6929679444444443 1.7255413055419924 0.02887911289808498 5.775822579616996
4.319619655609131 1.6929679444444443 1.7278478622436524 0.03257336109754805 6.51467221950961
4.327342510223389 1.6929679444444443 1.7309370040893555 0.03487991779920807 6.975983559841614
4.334288835525513 1.6929679444444443 1.733715534210205 0.03796905964491115 7.59381192898223
4.340482950210571 1.6929679444444443 1.7361931800842285 0.04074758976576076 8.149517953152152
4.346784830093384 1.710421222222222 1.7387139320373537 0.02577195786200659 5.154391572401318
4.353930711746216 1.710421222222222 1.7415722846984865 0.028292709815131767 5.658541963026353
4.3597705364227295 1.710421222222222 1.7439082145690918 0.031151062476264535 6.230212495252907
4.366265773773193 1.710421222222222 1.7465063095092774 0.033486992346869915 6.697398469373983
4.373328685760498 1.710421222222222 1.7493314743041992 0.036085087287055506 7.217017457411101
4.37998104095459 1.710421222222222 1.7519924163818361 0.03891025208197729 7.7820504163954585
4.38662576675415 1.710421222222222 1.7546503067016603 0.04157119415961419 8.314238831922838
4.393629789352417 1.710421222222222 1.757451915740967 0.04422908447943841 8.845816895887681
4.399353265762329 1.710421222222222 1.7597413063049316 0.047030693518745004 9.406138703749
4.405951976776123 1.7278745 1.7623807907104494 0.03186680630493166 6.373361260986332
4.413183689117432 1.7278745 1.7652734756469728 0.03450629071044942 6.901258142089883
4.419112205505371 1.7278745 1.7676448822021484 0.03739897564697281 7.479795129394562
4.425646543502808 1.7278745 1.7702586174011232 0.03977038220214846 7.9540764404296915
4.433584451675415 1.7453277777777778 1.773433780670166 0.024930839623345413 4.986167924669083
4.439354181289673 1.7453277777777778 1.7757416725158692 0.028106002892388293 5.621200578477659
4.445977449417114 1.7453277777777778 1.7783909797668458 0.030413894738091418 6.082778947618284
4.452704429626465 1.7453277777777778 1.781081771850586 0.03306320198906798 6.612640397813596
4.458650827407837 1.7453277777777778 1.783460330963135 0.035753994072808215 7.150798814561643
4.465458631515503 1.7453277777777778 1.7861834526062013 0.03813255318535713 7.626510637071426
4.472326993942261 1.7453277777777778 1.7889307975769044 0.04085567482842345 8.17113496568469
4.479279041290283 1.7627810555555554 1.7917116165161133 0.02614974202134901 5.229948404269802
4.485858201980591 1.7627810555555554 1.7943432807922364 0.028930560960557905 5.786112192111581
4.4926536083221436 1.7627810555555554 1.7970614433288574 0.03156222523668095 6.31244504733619
4.498609304428101 1.7627810555555554 1.7994437217712402 0.034280387773302 6.8560775546604
4.505322217941284 1.7627810555555554 1.8021288871765138 0.036662666215684814 7.332533243136963
4.5117576122283936 1.7627810555555554 1.8047030448913575 0.03934783162095834 7.869566324191668
4.517785549163818 1.7802343333333333 1.8071142196655274 0.024468711558024214 4.893742311604843
4.524432420730591 1.7802343333333333 1.8097729682922363 0.02687988633219418 5.375977266438836
4.532355785369873 1.7802343333333333 1.8129423141479493 0.029538634958903076 5.907726991780615
4.538362741470337 1.7802343333333333 1.8153450965881348 0.03270798081461601 6.541596162923202
4.544834613800049 1.7802343333333333 1.8179338455200196 0.03511076325480156 7.022152650960312
4.5515406131744385 1.7802343333333333 1.8206162452697754 0.037699512186686324 7.539902437337265
4.557441473007202 1.7802343333333333 1.8229765892028809 0.04038191193644214 8.076382387288428
4.564255952835083 1.7976876111111109 1.8257023811340334 0.025288978091769998 5.057795618354
4.570046424865723 1.7976876111111109 1.8280185699462892 0.02801477002292252 5.602954004584504
4.5766870975494385 1.7976876111111109 1.8306748390197756 0.030330958835178334 6.066191767035667
4.584405899047852 1.7976876111111109 1.8337623596191408 0.03298722790866471 6.597445581732941
4.591183662414551 1.7976876111111109 1.8364734649658203 0.03607474850802994 7.214949701605988
4.597248315811157 1.7976876111111109 1.838899326324463 0.03878585385470945 7.75717077094189
4.604025602340698 1.8151408888888887 1.8416102409362793 0.023758437435574375 4.751687487114875
4.609886646270752 1.8151408888888887 1.8439546585083009 0.02646935204739065 5.29387040947813
4.6164069175720215 1.8151408888888887 1.8465627670288087 0.028813769619412177 5.7627539238824355
4.623636484146118 1.8151408888888887 1.8494545936584474 0.031421878139920034 6.284375627984007
4.636356592178345 1.8151408888888887 1.854542636871338 0.03431370476955875 6.86274095391175
4.643813133239746 1.8151408888888887 1.8575252532958986 0.03940174798244933 7.880349596489866
4.649631977081299 1.8151408888888887 1.8598527908325195 0.04238436440700988 8.476872881401976
4.656408071517944 1.8325941666666667 1.8625632286071778 0.027258624165852785 5.451724833170557
4.6637091636657715 1.8325941666666667 1.8654836654663087 0.029969061940511077 5.993812388102215
4.669483184814453 1.8325941666666667 1.8677932739257814 0.03288949879964198 6.577899759928396
4.676028251647949 1.8325941666666667 1.8704113006591798 0.03519910725911468 7.039821451822936
4.683901071548462 1.8325941666666667 1.8735604286193848 0.037817133992513075 7.563426798502615
4.68976092338562 1.8325941666666667 1.875904369354248 0.04096626195271802 8.193252390543604
4.6962950229644775 1.8500474444444444 1.8785180091857911 0.025856924909803736 5.171384981960747
4.703330993652344 1.8500474444444444 1.8813323974609375 0.028470564741346793 5.694112948269359
4.709252595901489 1.8500474444444444 1.8837010383605959 0.031284953016493144 6.256990603298629
4.715980768203735 1.8500474444444444 1.8863923072814943 0.033653593916151525 6.730718783230305
4.72317099571228 1.8500474444444444 1.889268398284912 0.03634486283704996 7.2689725674099925
4.7291343212127686 1.8500474444444444 1.8916537284851076 0.039220953840467754 7.844190768093551
4.736295938491821 1.8500474444444444 1.8945183753967285 0.041606284040663244 8.321256808132649
4.7433106899261475 1.8500474444444444 1.8973242759704592 0.04447093095228416 8.894186190456832
4.749217510223389 1.8675007222222222 1.8996870040893556 0.029823553748236975 5.964710749647395
4.755767107009888 1.8675007222222222 1.9023068428039551 0.03218628186713346 6.437256373426692
4.762521028518677 1.8675007222222222 1.9050084114074708 0.034806120581732936 6.961224116346587
4.768491983413696 1.8675007222222222 1.9073967933654785 0.037507689185248605 7.501537837049721
4.775360822677612 1.8849539999999998 1.910144329071045 0.02244279336547872 4.488558673095744
4.782829761505127 1.8849539999999998 1.913131904602051 0.025190329071045126 5.038065814209025
4.788787841796875 1.8849539999999998 1.9155151367187502 0.028177904602051163 5.6355809204102325
4.795449256896973 1.8849539999999998 1.9181797027587892 0.03056113671875038 6.112227343750076
4.802128076553345 1.8849539999999998 1.920851230621338 0.033225702758789444 6.645140551757889
4.80803918838501 1.8849539999999998 1.923215675354004 0.035897230621338094 7.179446124267619
4.814582347869873 1.8849539999999998 1.9258329391479494 0.038261675354004154 7.652335070800831
4.82135009765625 1.8849539999999998 1.9285400390625 0.0408789391479496 8.17578782958992
4.827191352844238 1.8849539999999998 1.9308765411376954 0.04358603906250025 8.71720781250005
4.835115909576416 1.8849539999999998 1.9340463638305665 0.04592254113769556 9.184508227539112
4.841639757156372 1.9024072777777776 1.936655902862549 0.03163908605278887 6.3278172105577735
4.847669839859009 1.9024072777777776 1.9390679359436036 0.034248625084771334 6.849725016954267
4.854547500610352 1.9024072777777776 1.9418190002441407 0.03666065816582598 7.332131633165195
4.861260414123535 1.9024072777777776 1.9445041656494142 0.03941172246636304 7.882344493272608
4.867182493209839 1.9198605555555557 1.9468729972839356 0.024643610093858515 4.928722018771703
4.8740198612213135 1.9198605555555557 1.9496079444885255 0.02701244172837991 5.402488345675982
4.879816055297852 1.9198605555555557 1.9519264221191408 0.029747388932969798 5.94947778659396
4.887435674667358 1.9198605555555557 1.9549742698669434 0.03206586656358512 6.413173312717024
4.894319534301758 1.9198605555555557 1.9577278137207033 0.03511371431138777 7.022742862277553
4.903461933135986 1.9198605555555557 1.9613847732543945 0.03786725816514758 7.573451633029515
4.9093263149261475 1.9373138333333333 1.9637305259704592 0.02407093992106124 4.814187984212248
4.915909290313721 1.9373138333333333 1.9663637161254883 0.02641669263712587 5.283338527425174
4.92265772819519 1.9373138333333333 1.9690630912780762 0.029049882792155035 5.809976558431007
4.928626775741577 1.9373138333333333 1.971450710296631 0.031749257944742926 6.349851588948585
4.936142683029175 1.9373138333333333 1.97445707321167 0.0341368769632977 6.82737539265954
4.943166255950928 1.9373138333333333 1.9772665023803713 0.037143239878336676 7.428647975667335
4.949099779129028 1.9547671111111111 1.9796399116516115 0.02249939126926015 4.49987825385203
4.955763578414917 1.9547671111111111 1.982305431365967 0.02487280054050034 4.974560108100068
4.962661027908325 1.9547671111111111 1.9850644111633302 0.027538320254855808 5.507664050971162
4.96861457824707 1.9547671111111111 1.9874458312988281 0.03029730005221909 6.059460010443818
4.975281715393066 1.9547671111111111 1.9901126861572267 0.032678720187717 6.535744037543401
4.981750249862671 1.9547671111111111 1.9927000999450684 0.035345575046115574 7.069115009223115
4.9890851974487305 1.9547671111111111 1.9956340789794922 0.03793298883395724 7.5865977667914475
4.995626211166382 1.9547671111111111 1.9982504844665527 0.040866967868381066 8.173393573676213
5.00239109992981 1.9547671111111111 2.0009564399719237 0.04348337335544161 8.696674671088322
