0.06527495384216309 0.0 1.1791780187552214 0.958851077208406 95.88510772084061
0.07317137718200684 0.0 1.204541781827728 1.1791780187552214 100
0.07984638214111328 0.0 1.2257482184195247 1.204541781827728 100
0.08730459213256836 0.01745327777777778 1.2491843129043925 1.208294940641747 100
0.09550189971923828 0.03490655555555556 1.2746220754341901 1.2142777573488368 100
0.10339188575744629 0.08726638888888888 1.2987826776732772 1.1873556865453012 100
0.11013174057006836 0.12217294444444445 1.3191654714237055 1.1766097332288328 100
0.11864304542541504 0.17453277777777776 1.3445625886891823 1.144632693645928 100
0.12656831741333008 0.2443458888888889 1.3678608878144105 1.1002166998002934 100
0.13447260856628418 0.314159 1.3907552232892852 1.0537018878144104 100
0.1418626308441162 0.38397211111111107 1.411845744282244 1.0067831121781743 100
0.14954543113708496 0.4537852222222222 1.4334447843496452 0.9580605220600219 95.8060522031707
0.15751028060913086 0.5410516111111111 1.4554794014709165 0.8923931732385341 89.23931732003717
0.16655993461608887 0.628318 1.4800666009160948 0.8271614014709164 82.71614014330072
0.17500686645507812 0.7504909444444444 1.502578937117393 0.7295756564716503 72.95756564149387
0.18263888359069824 0.855210611111111 1.5225508104094432 0.647368326006282 64.73683259585074
0.19596290588378906 0.9424769999999999 1.5565648697653125 0.5800738104094433 58.00738103703353
0.20571088790893555 1.1170097777777779 1.5807511005825285 0.4395550919875346 43.955509190587264
0.21514177322387695 1.2042761666666666 1.6035788447179486 0.37647493391586195 37.64749338792031
0.22335433959960938 1.3089958333333334 1.6229931936347433 0.2945830113846153 29.45830113370241
0.23034358024597168 1.396262222222222 1.6391709502778284 0.2267309714125212 22.673097137308922
0.23850536346435547 1.4660753333333334 1.6576571398310045 0.17309561694449505 17.309561691332505
0.2464897632598877 1.5533417222222223 1.6753142024641376 0.10431541760878216 10.431541756881076
0.2550785541534424 1.6231548333333334 1.6938307878078427 0.05215936913080421 5.215936910049389
0.26271915435791016 1.6755146666666665 1.7098832658635474 0.0183161211411762 1.8316121121508304
0.27104854583740234 1.7278745 1.726927840830271 -0.01799123413645254 -1.7991234157552443
0.279386043548584 1.7802343333333333 1.7435090650060268 -0.053306492503062186 -5.330649252358553
0.28703975677490234 1.8151408888888887 1.758303745551054 -0.07163182388286193 -7.163182389351164
0.2952418327331543 1.8675007222222222 1.7737009978721385 -0.10919697667116823 -10.91969766929991
0.30326199531555176 1.8849539999999998 1.788295259994011 -0.11125300212786127 -11.125300212905612
0.31020236015319824 1.9198605555555557 1.8005533959745559 -0.13156529556154473 -13.156529557334915
0.3194899559020996 1.9373138333333333 1.8164140804255895 -0.1367604373587774 -13.676043736179654
0.3272209167480469 1.9547671111111111 1.8291387262857188 -0.13835303068552163 -13.835303068644716
0.335557222366333 1.9722203888888887 1.8423696567110897 -0.1430816626031699 -14.308166260591793
0.3436882495880127 1.9722203888888887 1.8547814470391686 -0.12985073217779908 -12.985073217010997
0.35068559646606445 1.9722203888888887 1.8650701440150315 -0.11743894184972015 -11.743894184250706
0.35871386528015137 1.9722203888888887 1.876424602071776 -0.10715024487385727 -10.715024486787803
0.3676626682281494 1.9722203888888887 1.8885107155711285 -0.09579578681711265 -9.579578681051403
0.37595462799072266 1.9722203888888887 1.8991698408995192 -0.08370967331776025 -8.370967331073643
0.384143590927124 1.9722203888888887 1.9091839591322508 -0.0730505479893695 -7.305054798317498
0.3913278579711914 1.9722203888888887 1.9175478303783349 -0.06303642975663792 -6.303642975081825
0.3996152877807617 1.9547671111111111 1.9267041601631116 -0.03721928073277625 -3.7219280717772696
0.4075140953063965 1.9547671111111111 1.9349385028115387 -0.028062950947999488 -2.8062950942678317
0.4157826900482178 1.9547671111111111 1.9430409871562973 -0.019828608299572448 -1.9828608294787085
0.4245014190673828 1.9547671111111111 1.9510089752998314 -0.011726123954813872 -1.1726123950105138
0.4324216842651367 1.9547671111111111 1.9577330979688088 -0.003758135811279706 -0.3758135806649135
0.43979930877685547 1.9547671111111111 1.963554665562915 0.0029659868576976667 0.2965986861605369
0.447512149810791 1.9547671111111111 1.9691836584873894 0.008787554451803903 0.8787554455187089
0.4559779167175293 1.9547671111111111 1.9748227004222536 0.014416547376278288 1.441654737954956
0.46405649185180664 1.9547671111111111 1.9796759793409326 0.020055589311142485 2.0055589314419597
0.47327208518981934 1.9547671111111111 1.9845812539339691 0.024908868229821524 2.4908868232641987
0.4801943302154541 1.9547671111111111 1.9878225248869639 0.029814142822857992 2.9814142825708676
0.4882321357727051 1.9547671111111111 1.9911080600583098 0.03305541377585275 3.30554137777364
0.49621033668518066 1.9547671111111111 1.9938604007475125 0.03634094894719864 3.634094894910801
0.5042085647583008 1.9547671111111111 1.9961100973465398 0.03909328963640135 3.9093289638000863
0.5134563446044922 1.9547671111111111 1.9980745353827356 0.04134298623542865 4.1342986236736055
0.5218532085418701 1.9547671111111111 1.9992661816703443 0.043307424271624484 4.330742427276611
0.5295302867889404 1.9547671111111111 1.99986227367717 0.04449907055923319 4.449907055992571
0.5371270179748535 1.9547671111111111 1.9999880442593123 0.045095162566058944 4.509516256640536
0.5453171730041504 1.9547671111111111 1.9996064659001231 0.04522093314820119 4.522093314827429
0.5533461570739746 1.9547671111111111 1.9987116164433993 0.04483935478901202 4.483935478879027
0.5602490901947021 1.9722203888888887 1.9975302342286385 0.02649122755451061 2.6491227543847655
0.5683062076568604 1.9722203888888887 1.9956698059432432 0.02530984533974978 2.530984533906323
0.5773248672485352 1.9722203888888887 1.9929727250929787 0.023449417054354438 2.344941705327326
0.5855402946472168 1.9722203888888887 1.9899514923622303 0.020752336204090005 2.0752336202522605
0.5994699001312256 1.9722203888888887 1.9836017079973995 0.017731103473341614 1.7731103471585834
0.6073298454284668 1.9722203888888887 1.9793390038674425 0.011381319108510812 1.1381319104820655
0.6157231330871582 1.9722203888888887 1.9742470553874438 0.007118614978553817 0.7118614976076559
0.6250972747802734 1.9722203888888887 1.9679025011213127 0.0020266664985550964 0.20266664955959265
0.6327114105224609 1.9722203888888887 1.9622399480631418 -0.004317887767576023 -0.431788777126314
0.6401758193969727 1.9722203888888887 1.9562470352713832 -0.009980440825746895 -0.9980440829037669
0.6483156681060791 1.9547671111111111 1.94921494268821 0.0014799241602720947 0.14799241669322494
0.6562871932983398 1.9547671111111111 1.9418275802988512 -0.0055521684229011825 -0.555216842698786
0.6643571853637695 1.9547671111111111 1.9338462274697903 -0.012939530812259958 -1.29395308165531
0.6735689640045166 1.9547671111111111 1.9241200478115135 -0.02092088364132083 -2.092088364595917
0.680567741394043 1.9547671111111111 1.916293675983579 -0.030647063299597654 -3.0647063305249995
0.6885652542114258 1.9547671111111111 1.9068909162123815 -0.03847343512753221 -3.847343513208048
0.696681022644043 1.9547671111111111 1.8968504107228426 -0.04787619489872963 -4.787619490419401
0.7050414085388184 1.9547671111111111 1.8859847436252408 -0.05791670038826857 -5.7916700394103575
0.7127211093902588 1.9547671111111111 1.8755390291278329 -0.0687823674858703 -6.878236749218485
0.7201714515686035 1.9547671111111111 1.864982429504524 -0.07922808198327824 -7.922808198934874
0.7291831970214844 1.9547671111111111 1.8516603212694303 -0.08978468160658704 -8.978468161272197
0.7367134094238281 1.9547671111111111 1.8400668933919473 -0.10310678984168087 -10.310678984942296
0.7450995445251465 1.9547671111111111 1.8266646147699552 -0.11470021771916383 -11.470021772590131
0.7527120113372803 1.9547671111111111 1.814053744547407 -0.1281024963411559 -12.810249634894458
0.7602324485778809 1.9547671111111111 1.8011824267299321 -0.14071336656370415 -14.071336657103291
0.7682890892028809 1.9547671111111111 1.7869413847196707 -0.153584684381179 -15.358468438865913
0.7774250507354736 1.9547671111111111 1.7702313823103937 -0.16782572639144044 -16.782572639971658
0.7880129814147949 1.9373138333333333 1.7501267034597332 -0.16708245102293962 -16.708245102250764
0.7961287498474121 1.9373138333333333 1.7341844514717433 -0.1871871298736001 -18.718712988528384
0.8085381984710693 1.9198605555555557 1.7089259576867042 -0.1856761040838124 -18.56761040829343
0.8170123100280762 1.9024072777777776 1.691071748356412 -0.19348132009107344 -19.348132009560942
0.8286399841308594 1.8849539999999998 1.6657838054119993 -0.19388225164358786 -19.388225164382085
0.8476808071136475 1.8500474444444444 1.622434784018281 -0.18426363903244503 -18.42636390268552
0.8643436431884766 1.8151408888888887 1.5825671235961425 -0.1927061048706078 -19.270610487551412
0.8850147724151611 1.7802343333333333 1.5306718737873868 -0.19766720973719076 -19.76672097400739
0.8984231948852539 1.7453277777777778 1.495605350916423 -0.21465590399039103 -21.465590400026397
0.9165241718292236 1.6929679444444443 1.4465654226182694 -0.1973625935280212 -19.736259351797123
0.9337491989135742 1.6580613888888889 1.3981374113730005 -0.2114959662706195 -21.14959662788331
0.950310468673706 1.6057015555555554 1.3500103501319656 -0.20756414418255487 -20.75641441802699
0.9590592384338379 1.570795 1.3239851866603232 -0.22078464986803437 -22.078464987571742
0.966731071472168 1.5358884444444443 1.300829766634497 -0.2119032577841211 -21.19032577789597
0.9752249717712402 1.5184351666666667 1.274836154019498 -0.21760540003216966 -21.760540003548346
0.983299970626831 1.5009818888888888 1.2497832543625316 -0.22614573486939094 -22.614573487435415
1.001105546951294 1.4660753333333334 1.1933985576768407 -0.21629207897080183 -21.62920789650754
1.0175831317901611 1.4137155 1.139869412075238 -0.22031694232315924 -22.031694232549828
1.0295965671539307 1.3613556666666666 1.1000589308938662 -0.22148625459142868 -22.148625459210823
1.0380184650421143 1.326449111111111 1.0717701820979038 -0.22639018021724477 -22.639018022009466
1.0479135513305664 1.3089958333333334 1.0381451640359503 -0.2372256512354296 -23.72256512417266
1.0571839809417725 1.2740892777777777 1.0062736835349506 -0.23594411374182744 -23.59441137410827
1.0655303001403809 1.256636 0.9772830487348981 -0.2503623164650495 -25.036231647342856
1.0738143920898438 1.2217294444444444 0.9482392678932898 -0.2444463957095463 -24.444639570610825
1.0811138153076172 1.2042761666666666 0.9224317221759379 -0.25603689877337676 -25.603689878011256
1.089242935180664 1.1693696111111112 0.8934596016877011 -0.2469378889351732 -24.693788892988536
1.0970382690429688 1.1519163333333333 0.8654551760301832 -0.2584567316456322 -25.845673165232636
1.1060783863067627 1.1170097777777779 0.8327159425092832 -0.2515546017475947 -25.155460174358357
1.1143031120300293 1.0821032222222222 0.8026929261426357 -0.24938727971293906 -24.938727971167953
1.122333288192749 1.0646499444444444 0.7731704731519097 -0.26195701830180873 -26.19570183091136
1.1297969818115234 1.029743388888889 0.7455516799952395 -0.25657291573697927 -25.65729157338503
1.1376628875732422 0.9948368333333333 0.7162648579367488 -0.24928515333809376 -24.92851533338585
1.1460070610046387 0.9773835555555556 0.6850037221582984 -0.2611186976188068 -26.11186976256838
1.1550641059875488 0.9424769999999999 0.650856208414534 -0.2574732778417015 -25.747327783958298
1.1627182960510254 0.9075704444444443 0.6218308860553221 -0.2567142360299104 -25.67142360294693
1.1702911853790283 0.8726638888888889 0.5929704314723016 -0.2508330028335668 -25.083300283014893
1.1784887313842773 0.855210611111111 0.561576287750658 -0.2622401796388094 -26.224017964543865
1.1865062713623047 0.8203040555555555 0.5307254408956945 -0.2587277678048975 -25.872776780285626
1.1946125030517578 0.8028507777777777 0.4993946134565661 -0.2721253368820832 -27.212533688986912
1.203787088394165 0.7679442222222221 0.4637766562394394 -0.26854960876565603 -26.854960876357804
1.2110815048217773 0.7330376666666667 0.4353459571945326 -0.2692610104272273 -26.926101042764074
1.2191834449768066 0.698131111111111 0.40365950961814234 -0.2627851539165784 -26.2785153912815
1.2270243167877197 0.6632245555555555 0.3728930901419965 -0.25956504593741314 -25.95650459355418
1.2354609966278076 0.6457712777777778 0.33968660715743504 -0.27287818763578126 -27.28781876435181
1.2435495853424072 0.6108647222222222 0.3077592695565637 -0.2711781150647872 -27.11781150637992
1.2506024837493896 0.5759581666666667 0.2798539942335018 -0.268198897110103 -26.819889710837163
1.259859323501587 0.5410516111111111 0.24314505182826593 -0.2611976168776093 -26.119761687354053
1.2676477432250977 0.5061450555555556 0.21219420672717848 -0.2630000037272896 -26.300000372833704
1.2759416103363037 0.4886917777777778 0.1791783086552856 -0.2764975710505993 -27.649757105844337
1.2839758396148682 0.4537852222222222 0.14714886664500565 -0.27460691356693656 -27.460691356583784
1.2911434173583984 0.4188786666666666 0.11854212022271832 -0.27172980002166097 -27.17298000199889
1.2995073795318604 0.38397211111111107 0.08513006188758207 -0.26542999088839275 -26.542999088473163
1.3082232475280762 0.36651883333333335 0.050287017017337864 -0.28138877144575125 -28.138877145502565
1.3162736892700195 0.33161227777777774 0.01809030341475907 -0.2813252607604399 -28.1325260760403
1.3243091106414795 0.2967057222222222 -0.014051019795884943 -0.2786154188074631 -27.86154188058883
1.3318803310394287 0.26179916666666664 -0.04433238579533784 -0.2758501864625516 -27.58501864609446
1.3395977020263672 0.2268926111111111 -0.07518777916471553 -0.2712249969064489 -27.122499690376102
1.3473083972930908 0.2094393333333333 -0.10599859546850424 -0.28462711249804884 -28.462711250583745
1.3564138412475586 0.17453277777777776 -0.14234959600481076 -0.28053137324628197 -28.053137324390175
1.3645787239074707 0.12217294444444445 -0.1749058704965413 -0.2645225404492552 -26.452254043995172
1.3725297451019287 0.08726638888888888 -0.20656465332421406 -0.2621722593854302 -26.217225938406436
1.3799099922180176 0.06981311111111112 -0.23590419775428004 -0.2763777644353252 -27.63777644435807
1.3876457214355469 0.03490655555555556 -0.2666016519942588 -0.2708107533098356 -27.08107533066004
1.401841402053833 0.0 -0.32276262144096807 -0.2666016519942588 -26.660165199181268
1.4106078147888184 -0.05235983333333333 -0.35731725602790887 -0.27040278810763474 -27.040278810984375
1.419255018234253 -0.08726638888888888 -0.391294443274546 -0.27005086713902 -27.00508671388155
1.4272494316101074 -0.12217294444444445 -0.42260275675397635 -0.26912149883010156 -26.912149882956143
1.4354898929595947 -0.1570795 -0.4547615042042831 -0.26552325675397637 -26.552325675188527
1.4435815811157227 -0.19198605555555553 -0.4862195140248111 -0.26277544864872754 -26.277544864713064
1.4506092071533203 -0.2268926111111111 -0.5134377456104416 -0.25932690291370003 -25.932690291169592
1.4599223136901855 -0.26179916666666664 -0.5493505542186634 -0.251638578943775 -25.163857893930697
1.4677181243896484 -0.2967057222222222 -0.579266410742105 -0.2526448319964412 -25.264483199702596
1.4761686325073242 -0.314159 -0.6115353405300651 -0.26510741074210503 -26.510741074934764
1.484212875366211 -0.3490655555555555 -0.6420907684903765 -0.26246978497450957 -26.246978497297675
1.491886854171753 -0.38397211111111107 -0.6710849937134387 -0.2581186573792654 -25.811865737673678
1.4997107982635498 -0.4188786666666666 -0.7004830384846151 -0.25220632704677204 -25.22063270433361
1.5083980560302734 -0.4537852222222222 -0.7329236823230614 -0.24669781626239295 -24.66978162591917
1.5173211097717285 -0.4886917777777778 -0.7660144281676021 -0.2442319045452836 -24.423190454385054
1.5255675315856934 -0.5235983333333333 -0.7963792411316494 -0.24241609483426885 -24.241609483321362
1.533843755722046 -0.5410516111111111 -0.8266359846584547 -0.25532763002053827 -25.532763002804177
1.5410773754119873 -0.5759581666666667 -0.8528959123164965 -0.250677817991788 -25.067781798908577
1.5492007732391357 -0.6108647222222222 -0.8821729038498359 -0.24203119009427432 -24.203119008924936
1.5571634769439697 -0.628318 -0.9106448095991765 -0.2538549038498359 -25.38549038567072
1.5661327838897705 -0.6632245555555555 -0.9424390317482273 -0.247420254043621 -24.74202540398815
1.5741791725158691 -0.698131111111111 -0.9707039468516842 -0.24430792063711626 -24.430792063530753
1.5843424797058105 -0.7330376666666667 -1.0060448571659957 -0.23766628018501745 -23.766628018115767
1.5923941135406494 -0.7679442222222221 -1.033748466034924 -0.23810063494377354 -23.8100634944026
1.5999691486358643 -0.8028507777777777 -1.0595676196282393 -0.2308976882571464 -23.089768825296044
1.6080286502838135 -0.8377573333333332 -1.0867708972750445 -0.22181028629490607 -22.181028628962494
1.617004156112671 -0.855210611111111 -1.1167333333841216 -0.23156028616393354 -23.156028616959972
1.6253082752227783 -0.8901171666666666 -1.1441342526251872 -0.226616166717455 -22.661616671458173
1.6333580017089844 -0.9075704444444443 -1.1703946013009519 -0.23656380818074285 -23.65638081865239
1.6403331756591797 -0.9424769999999999 -1.1929044042773245 -0.22791760130095196 -22.791760129592724
1.648390531539917 -0.9773835555555556 -1.218617300544467 -0.2155208487217689 -21.552084871456458
1.6566245555877686 -0.9948368333333333 -1.2445670036811605 -0.22378046721113365 -22.37804672159337
1.665921926498413 -1.029743388888889 -1.2734617973569256 -0.21482361479227152 -21.482361478706625
1.6739881038665771 -1.0471966666666666 -1.298173879554541 -0.226265130690259 -22.62651306969082
1.6812455654144287 -1.0821032222222222 -1.3201197721371214 -0.21607065733231878 -21.60706573263943
1.689648151397705 -1.0995564999999998 -1.3451807048424682 -0.22056327213712157 -22.056327213973244
1.6974656581878662 -1.1344630555555555 -1.3681556377701574 -0.21071764928691272 -21.071764928119098
1.705761432647705 -1.1519163333333333 -1.3921702703420304 -0.21623930443682404 -21.623930444003296
1.715137004852295 -1.1868228888888888 -1.4188490675524308 -0.2053473814531417 -20.53473814468119
1.7231814861297607 -1.2217294444444444 -1.4413428585536752 -0.19711962310798636 -19.711962310320484
1.7302193641662598 -1.239182722222222 -1.4607162216865606 -0.20216013633145313 -20.21601363343824
1.7382876873016357 -1.256636 -1.4825698286934186 -0.20408022168656048 -20.408022168767634
1.746382236480713 -1.2915425555555555 -1.5041065403686276 -0.19102727313786305 -19.10272731302774
1.7544708251953125 -1.3089958333333334 -1.5252336320147764 -0.1951107070352942 -19.511070703766727
1.7634809017181396 -1.326449111111111 -1.5482974262314162 -0.19878452090366538 -19.87845209058004
1.7704944610595703 -1.3613556666666666 -1.5659029627837908 -0.18694175956474957 -18.69417595578672
1.7786922454833984 -1.396262222222222 -1.5860903866465217 -0.16964074056156875 -16.964074055151432
1.7866530418395996 -1.4137155 -1.6052862208031022 -0.17237488664652179 -17.237488664811075
1.800569772720337 -1.4311687777777777 -1.63786323527528 -0.1741174430253245 -17.411744302633718
1.808716058731079 -1.4660753333333334 -1.6563453535572692 -0.1717879019419466 -17.178790194059278
1.8180887699127197 -1.5009818888888888 -1.677065726529077 -0.15536346466838036 -15.536346465883536
1.8262667655944824 -1.5184351666666667 -1.6946637711072154 -0.15863055986241026 -15.863055986430894
1.8344793319702148 -1.5358884444444443 -1.7118799786428234 -0.15877532666277117 -15.877532666285529
1.8425312042236328 -1.5533417222222223 -1.7283109851853624 -0.15853825642060104 -15.853825642046326
1.8499019145965576 -1.570795 -1.7429591615657594 -0.15751598518536247 -15.75159851847684
1.8578708171844482 -1.6057015555555554 -1.7583699493705136 -0.13725760601020398 -13.72576059984309
1.8666858673095703 -1.6057015555555554 -1.7748966196279106 -0.15266839381495823 -15.266839382391414
1.8751132488250732 -1.640608111111111 -1.7901807460778747 -0.13428850851679952 -13.428850850611813
1.8832476139068604 -1.640608111111111 -1.8044511642206493 -0.14957263496676365 -14.957263497564597
1.890228271484375 -1.6755146666666665 -1.8163169525172735 -0.12893649755398284 -12.893649754199021
1.8985202312469482 -1.6755146666666665 -1.8299514920323519 -0.14080228585060706 -14.080228585750282
1.9065008163452148 -1.6929679444444443 -1.8425987983529006 -0.13698354758790754 -13.69835475856883
1.915752649307251 -1.710421222222222 -1.8566729947362168 -0.1321775761306787 -13.217757612788573
1.9238779544830322 -1.7278745 -1.8685093463527276 -0.12879849473621685 -12.879849473425312
1.9310979843139648 -1.7453277777777778 -1.87861302408421 -0.12318156857494977 -12.318156857168551
1.9392280578613281 -1.7627810555555554 -1.8895212260571015 -0.11583196852865463 -11.583196852438343
1.9471635818481445 -1.7802343333333333 -1.8996866448642749 -0.10928689272376824 -10.928689271996458
1.9555063247680664 -1.7976876111111109 -1.9098577016736067 -0.10199903375316399 -10.199903374892868
1.9637019634246826 -1.7976876111111109 -1.9193317097202445 -0.11217009056249583 -11.217009056840672
1.9725632667541504 -1.8151408888888887 -1.9289949511785105 -0.10419082083135578 -10.419082082671865
1.9799413681030273 -1.8325941666666667 -1.9365786492666859 -0.09640078451184375 -9.640078450731659
1.9877288341522217 -1.8500474444444444 -1.944125670838315 -0.08653120482224153 -8.653120481650586
1.996020793914795 -1.8500474444444444 -1.9516431581986875 -0.09407822639387065 -9.407822639825657
2.004082441329956 -1.8675007222222222 -1.958437276033861 -0.08414243597646531 -8.414243597069115
2.011291980743408 -1.8849539999999998 -1.9640820807315782 -0.07348327603386129 -7.348327602766676
2.0203630924224854 -1.8849539999999998 -1.970604177735675 -0.0791280807315784 -7.912808073485886
2.0285191535949707 -1.9024072777777776 -1.975914666128005 -0.06819689995789746 -6.819689995154484
2.036473274230957 -1.9024072777777776 -1.9805872941489753 -0.0735073883502273 -7.350738835331347
2.044583320617676 -1.9198605555555557 -1.9848354575891205 -0.060726738593419594 -6.072673858599216
2.052510976791382 -1.9198605555555557 -1.9884833912488864 -0.06497490203356482 -6.497490203603363
2.0599021911621094 -1.9198605555555557 -1.9914342135862924 -0.06862283569333072 -6.86228356954507
2.0686638355255127 -1.9373138333333333 -1.9943684446953038 -0.054120380252959066 -5.412038024453101
2.0769920349121094 -1.9373138333333333 -1.9965898359648666 -0.05705461136197054 -5.7054611363675765
2.085261106491089 -1.9547671111111111 -1.998247429805616 -0.04182272485375549 -4.182272484490353
2.0933034420013428 -1.9547671111111111 -1.9993353203260014 -0.04348031869450497 -4.348031869546828
2.100215435028076 -1.9547671111111111 -1.99985700530136 -0.04456820921489024 -4.4568209215522465
2.1082682609558105 -1.9547671111111111 -1.9999827979239417 -0.04508989419024889 -4.508989419055206
2.117356777191162 -1.9722203888888887 -1.9995016340945808 -0.027762409035053004 -2.7762409024983192
2.125678062438965 -1.9722203888888887 -1.998481753778237 -0.027281245205692084 -2.728124520541246
2.1338469982147217 -1.9722203888888887 -1.99694213472981 -0.02626136488934816 -2.626136488875546
2.1410655975341797 -1.9722203888888887 -1.9951379946936867 -0.02472174584092124 -2.4721745840026492
2.149085760116577 -1.9722203888888887 -1.9926458672207383 -0.022917605804797958 -2.2917605803749486
2.1566996574401855 -1.9722203888888887 -1.989805584624972 -0.0204254783318496 -2.0425478330401305
2.1651015281677246 -1.9722203888888887 -1.9861358909769147 -0.017585195736083303 -1.7585195734432684
2.173917770385742 -1.9722203888888887 -1.9816822594086525 -0.013915502088025944 -1.3915502085893312
2.181143045425415 -1.9722203888888887 -1.9775728966442285 -0.009461870519763771 -0.9461870517175557
2.189241409301758 -1.9722203888888887 -1.9724761995782765 -0.005352507755339797 -0.5352507752951654
2.204561233520508 -1.9722203888888887 -1.9614206080060521 -0.00025581068938773655 -0.025581068642580723
2.21260142326355 -1.9722203888888887 -1.9548809305981893 0.010799780882836618 1.0799780889261539
2.2211203575134277 -1.9722203888888887 -1.9474003709449774 0.017339458290699383 1.7339458294499894
2.229461431503296 -1.9722203888888887 -1.9395282618395369 0.02482001794391131 2.4820017948258615
2.237144708633423 -1.9722203888888887 -1.9317993358608925 0.03269212704935187 3.2692127053926727
2.2453391551971436 -1.9722203888888887 -1.9230535703656584 0.04042105302799626 4.04210530324879
2.253523588180542 -1.9722203888888887 -1.9138029249561632 0.04916681852323035 4.916681852831292
2.2605769634246826 -1.9722203888888887 -1.9054192144259856 0.05841746393272551 5.8417463938101495
2.269787073135376 -1.9722203888888887 -1.8939014436252561 0.06680117446290312 6.68011744677753
2.279888391494751 -1.9722203888888887 -1.8805304472995983 0.07831894526363259 7.831894527032611
2.2876663208007812 -1.9722203888888887 -1.8697115886822395 0.09168994158929045 9.168994159706095
2.2959930896759033 -1.9547671111111111 -1.8576279347667324 0.0850555224288716 8.505552242501603
2.3040378093719482 -1.9547671111111111 -1.8454642454737769 0.09713917634437874 9.713917635140113
2.3112430572509766 -1.9547671111111111 -1.83416419984985 0.10930286563733427 10.930286564440316
2.3202648162841797 -1.9547671111111111 -1.8194785716367943 0.12060291126126121 12.06029112678282
2.328373432159424 -1.9547671111111111 -1.8057737664373588 0.13528853947431685 13.528853948285136
2.3365747928619385 -1.9547671111111111 -1.791429138130509 0.14899334467375236 14.899334468171684
2.3450536727905273 -1.9373138333333333 -1.7760924490402117 0.14588469520282432 14.588469520101773
2.35272479057312 -1.9373138333333333 -1.7617766607644323 0.1612213842931216 16.12213843020345
2.360152006149292 -1.9198605555555557 -1.747520887877635 0.1580838947911234 15.808389478930005
2.3682639598846436 -1.9198605555555557 -1.7315103911226315 0.17233966767792075 17.233966768620547
2.377328634262085 -1.9024072777777776 -1.7130805345621483 0.17089688665514613 17.089688665430767
2.385540246963501 -1.8849539999999998 -1.6958988709066831 0.17187346543785154 17.187346543841908
2.3936965465545654 -1.8849539999999998 -1.6783801315418427 0.18905512909331668 18.905512910330174
2.4006717205047607 -1.8675007222222222 -1.6630438443560256 0.18912059068037945 18.91205906804175
2.4086787700653076 -1.8500474444444444 -1.6450399585000905 0.18700360008841876 18.700360008718846
2.4166259765625 -1.8325941666666667 -1.6267534723270152 0.1875542081665762 18.755420816689618
2.425809860229492 -1.8151408888888887 -1.6051098380708446 0.18838741656187352 18.838741656235776
2.434060573577881 -1.7976876111111109 -1.5852034188427604 0.19257777304026624 19.257777304270146
2.441269636154175 -1.7802343333333333 -1.5674566557005873 0.19503091449057286 19.50309144919985
2.449322462081909 -1.7627810555555554 -1.5472476695712056 0.19532439985496808 19.532439985513864
2.457064628601074 -1.7453277777777778 -1.5274398251153034 0.19808010820657218 19.808010820817366
2.4654693603515625 -1.7278745 -1.5055224343826756 0.20043467488469657 20.043467488606492
2.4742019176483154 -1.710421222222222 -1.4822996456666808 0.2048987878395463 20.48987878421406
2.4817914962768555 -1.6755146666666665 -1.461748925042598 0.19321502099998566 19.321502099319567
2.4896318912506104 -1.6580613888888889 -1.4401654411592284 0.19631246384629097 19.631246384809103
2.4975621700286865 -1.640608111111111 -1.4179743173099684 0.20044266995188265 20.044266995428288
2.505901336669922 -1.6231548333333334 -1.3942543610085822 0.20518051602336507 20.518051602611845
2.515005111694336 -1.6057015555555554 -1.367916987473383 0.21144719454697314 21.1447194550615
2.5237667560577393 -1.570795 -1.3421410695641822 0.20287801252661697 20.2878012521637
2.5310897827148438 -1.5533417222222223 -1.3202809215288256 0.2112006526580401 21.12006526628768
2.5392091274261475 -1.5358884444444443 -1.2957127926321337 0.2156075229156187 21.560752291817973
2.5470399856567383 -1.5009818888888888 -1.27169384283244 0.20526909625675516 20.5269096250747
2.55544114112854 -1.483528611111111 -1.2455789988833934 0.21183476827867098 21.183476828248658
2.5635032653808594 -1.4660753333333334 -1.2201872921825117 0.22049633444994 22.049633445497363
2.570645332336426 -1.4311687777777777 -1.1974281066070591 0.21098148559526608 21.098148558973655
2.579878807067871 -1.4137155 -1.167642934576252 0.21628739339294079 21.62873933960243
2.587642192840576 -1.3788089444444445 -1.1422913875337715 0.21116600986819245 21.116600986521618
2.60357403755188 -1.3613556666666666 -1.0894098703180337 0.21906427913289517 21.906427913748523
2.6106433868408203 -1.326449111111111 -1.0655875637056749 0.23703924079307725 23.703924080352333
2.619262456893921 -1.2915425555555555 -1.0362553074719707 0.22595499184988066 22.595499184343907
2.6282620429992676 -1.2740892777777777 -1.0052996137707921 0.237833970305807 23.783397031271043
2.6362712383270264 -1.239182722222222 -0.9774763455795441 0.2338831084514299 23.388310844913388
2.6443443298339844 -1.2217294444444444 -0.949177313343933 0.24425309886490032 24.42530988709268
2.652392625808716 -1.1868228888888888 -0.9207188850353532 0.2376455755449558 23.764557554111587
2.659823179244995 -1.1519163333333333 -0.8942328082461619 0.23119744829798017 23.119744829423286
2.6676604747772217 -1.1344630555555555 -0.8660830213066059 0.24023024730939357 24.023024731464297
2.6771528720855713 -1.1170097777777779 -0.8317042042537925 0.250926756471172 25.092675647738826
2.685344934463501 -1.0821032222222222 -0.801793405761742 0.25039901796842967 25.0399017968123
2.693390369415283 -1.0471966666666666 -0.772208441130899 0.2454032609049246 24.540326090202132
2.70035457611084 -1.029743388888889 -0.7464376949698862 0.2575349477579899 25.75349477650402
2.708397150039673 -0.9948368333333333 -0.7164966430229904 0.24839913836344707 24.839913835813782
2.716475009918213 -0.9773835555555556 -0.6862376409436427 0.26088691253256513 26.088691253982237
2.730642318725586 -0.9424769999999999 -0.6327403487226034 0.2562393590563572 25.62393590536563
2.742325782775879 -0.8726638888888889 -0.58823823873288 0.23992354016628548 23.99235401568036
2.759967565536499 -0.8377573333333332 -0.5204402522523334 0.2495190946004533 24.951909460602973
2.773643970489502 -0.7853975 -0.4674311862890189 0.2649572477476666 26.49572477566384
2.782499313354492 -0.7330376666666667 -0.4329193027275135 0.2656064803776478 26.56064803780251
2.789916515350342 -0.698131111111111 -0.40390732496070625 0.26521180838359754 26.521180838336818
2.7980310916900635 -0.6632245555555555 -0.37206602544740536 0.25931723059484924 25.931723059142364
2.8061442375183105 -0.6457712777777778 -0.34013237001948854 0.2737052523303724 27.370525233873394
2.8142659664154053 -0.628318 -0.3080752397667925 0.2881856299805115 28.818562998892673
2.822312355041504 -0.5934114444444444 -0.2762353015962729 0.28533620467765186 28.53362046759959
2.8305156230926514 -0.5585048888888889 -0.24370099652287566 0.28226958729261603 28.22695872908339
2.8385980129241943 -0.5235983333333333 -0.21158190061708249 0.2798973368104576 27.989733680907896
2.8465518951416016 -0.4886917777777778 -0.17991947175007822 0.2771098771606953 27.710987715907535
2.855214834213257 -0.4537852222222222 -0.1453829369922385 0.27386575047214395 27.386575047025865
2.86323881149292 -0.4188786666666666 -0.1133545920322436 0.27349572967442815 27.34957296742131
2.8701934814453125 -0.38397211111111107 -0.08557055975325763 0.27061751907886744 27.06175190771948
2.8783061504364014 -0.3490655555555555 -0.05313975821600591 0.2634949958022979 26.349499579815866
2.88713002204895 -0.33161227777777774 -0.0178502891678752 0.2784725195617718 27.847251957047597
2.8953561782836914 -0.2967057222222222 0.01505395662397318 0.278855433054347 27.885543305456956
2.903393507003784 -0.26179916666666664 0.047199031408649686 0.2768531232906398 27.68531232894762
2.9103174209594727 -0.2268926111111111 0.0748815634526573 0.27409164251976076 27.409164251815593
2.9184703826904297 -0.19198605555555553 0.10745914574258679 0.2668676190082128 26.68676190040146
2.9264652729034424 -0.1570795 0.1393774152167091 0.2645386457425868 26.45386457412333
2.935730218887329 -0.12217294444444445 0.17632105589954208 0.26155035966115353 26.155035965941693
2.9438767433166504 -0.10471966666666666 0.2087554334977253 0.2810407225662087 28.104072257753547
2.951094150543213 -0.06981311111111112 0.23744462339077763 0.2785685446088364 27.85685446073997
2.9591798782348633 -0.03490655555555556 0.26952634198467107 0.2723511789463332 27.235117894271998
2.967139720916748 0.0 0.30103978302085105 0.26952634198467107 26.952634198302945
2.9754459857940674 0.03490655555555556 0.3338432590526063 0.2661332274652955 26.613322746332358
2.9844894409179688 0.06981311111111112 0.3694530176446572 0.2640301479414952 26.403014794027303
2.9924628734588623 0.10471966666666666 0.4007495517088308 0.26473335097799056 26.47333509783992
3.0064280033111572 0.13962622222222223 0.45531376458739986 0.26112332948660855 26.112332948451062
3.017033338546753 0.2094393333333333 0.49651566661677704 0.24587443125406655 24.58744312452047
3.025423526763916 0.2443458888888889 0.5289543375140906 0.2521697777278882 25.21697777315467
3.0343821048736572 0.27925244444444447 0.5634259094944916 0.24970189306964613 24.97018930682119
3.0423967838287354 0.2967057222222222 0.5941125074717313 0.26672018727226937 26.672018728215953
3.049813985824585 0.3490655555555555 0.6223756569959719 0.24504695191617576 24.504695190358042
3.05766224861145 0.36651883333333335 0.6521320995626226 0.2558568236626385 25.585682366892065
3.0659945011138916 0.40142538888888885 0.6835475722544535 0.2507067106737338 25.07067106707408
3.074028730392456 0.4188786666666666 0.713659734410155 0.2646689055877869 26.466890559590095
3.0812392234802246 0.4537852222222222 0.740527881428765 0.2598745121879328 25.98745121851465
3.0902557373046875 0.4886917777777778 0.7739083806182544 0.25183610365098724 25.183610364631576
3.1166839599609375 0.5585048888888889 0.8702599199449498 0.21540349172936546 21.540349170819276
3.1312193870544434 0.628318 0.9222337517642916 0.24194191994494973 24.194191996037244
3.140367269515991 0.6806778333333333 0.9545466991800933 0.24155591843095825 24.155591843073392
3.148513078689575 0.7155843888888889 0.9830514374696209 0.2389623102912044 23.896231028969712
3.156622886657715 0.7504909444444444 1.0111710217803873 0.23256049302517645 23.256049302145605
3.1651148796081543 0.7679442222222221 1.0403305451608749 0.24322679955816517 24.322679956436385
3.1732027530670166 0.8028507777777777 1.0678235382295773 0.23747976738309717 23.747976737975733
3.1802000999450684 0.8377573333333332 1.0913843522382944 0.23006620489624408 23.006620489193573
3.1892457008361816 0.855210611111111 1.1215244398627475 0.23617374112718348 23.617374113073286
3.1969990730285645 0.8901171666666666 1.1470670251062995 0.2314072731960809 23.140727319331088
3.2052342891693115 0.9075704444444443 1.1738947897645982 0.2394965806618552 23.949658066655626
3.2134220600128174 0.9424769999999999 1.2002523115610355 0.23141778976459826 23.14177897599033
3.22052264213562 0.9773835555555556 1.2228496956930632 0.22286875600547995 22.28687560005117
3.228592872619629 0.9948368333333333 1.2482332794555895 0.22801286235972995 22.80128623627194
3.237424850463867 1.029743388888889 1.275639914010831 0.21848989056670054 21.84898905611663
3.2459022998809814 1.0471966666666666 1.3015721483485427 0.22844324734416444 22.84432473499488
3.253944158554077 1.0821032222222222 1.3258262330490387 0.21946892612632052 21.94689261211051
3.261143922805786 1.1170097777777779 1.347249786036355 0.2088164552712608 20.881645526507015
3.2692551612854004 1.1344630555555555 1.3710506638371398 0.21278673048079955 21.278673048310687
3.277160167694092 1.1693696111111112 1.3938992778040178 0.20168105272602865 20.16810527195746
3.285337448120117 1.1868228888888888 1.417168189827195 0.20707638891512903 20.707638891826452
3.294128179550171 1.2217294444444444 1.4417597761281813 0.19543874538275063 19.543874537598747
3.301337242126465 1.239182722222222 1.4615944802314016 0.20257705390595926 20.257705391010767
3.3094840049743652 1.2740892777777777 1.483643234473607 0.1875052024536239 18.750520244486495
3.317188024520874 1.2915425555555555 1.5041314838144648 0.1921006789180515 19.210067892072214
3.3253562450408936 1.326449111111111 1.5254641273440044 0.17768237270335385 17.76823726949747
3.3336660861968994 1.3439023888888888 1.5467488484994076 0.18156173845511558 18.156173845737005
3.34250807762146 1.3613556666666666 1.5689273390817768 0.185393181832741 18.539318183496764
3.349914312362671 1.396262222222222 1.5871271916424774 0.17266511685955477 17.26651168521579
3.357637882232666 1.4137155 1.6057358696677477 0.1734116916424775 17.341169164291138
3.3659420013427734 1.4311687777777777 1.625315738936923 0.17456709188997 17.456709189064146
3.3741519451141357 1.4486220555555556 1.6442328676379567 0.17669368338136748 17.669368338260334
3.3813493251800537 1.4660753333333334 1.660452386672642 0.17815753430462333 17.815753430547403
3.390225887298584 1.5009818888888888 1.6799818177436512 0.1594704977837531 15.947049777289319
3.405177354812622 1.5184351666666667 1.7116766234250407 0.16154665107698452 16.154665107819106
3.4133613109588623 1.5533417222222223 1.7283789768673357 0.15833490120281835 15.833490120095185
3.4203433990478516 1.570795 1.7422626188390302 0.15758397686733572 15.758397686689932
3.4285693168640137 1.6057015555555554 1.7581834648181203 0.13656106328347484 13.656106327125745
3.4366884231567383 1.6231548333333334 1.7734309644632134 0.13502863148478683 13.502863148389627
3.4460012912750244 1.640608111111111 1.7903442944131929 0.1328228533521023 13.282285335082042
3.454190731048584 1.6580613888888889 1.8047043082690108 0.132282905524304 13.228290552399022
3.4613866806030273 1.6755146666666665 1.816922785297914 0.12918964160234436 12.918964160054673
3.4695162773132324 1.6755146666666665 1.8302737000046843 0.14140811863124747 14.14081186383482
3.477185010910034 1.6929679444444443 1.8424243397626134 0.13730575556023994 13.730575555785588
3.485398530960083 1.710421222222222 1.854957411179938 0.1320031175403915 13.20031175373099
3.49414324760437 1.7278745 1.8677508124000146 0.12708291117993809 12.708291117707873
3.501328229904175 1.7453277777777778 1.877834977709054 0.1224230346222368 12.242303461952874
3.509613037109375 1.7627810555555554 1.888981291666577 0.11505392215349852 11.5053922149216
3.5184638500213623 1.7802343333333333 1.900316062526601 0.10874695833324366 10.874695832957839
3.526470422744751 1.7976876111111109 1.9100567954466805 0.10262845141549004 10.262845141193429
3.5345499515533447 1.8151408888888887 1.9193897963868518 0.09491590655779181 9.491590655330969
3.5436151027679443 1.8151408888888887 1.9292646111285499 0.10424890749796312 10.424890750338696
3.5506296157836914 1.8325941666666667 1.9364705977512198 0.09667044446188311 9.66704444574789
3.5586392879486084 1.8500474444444444 1.9442327721077022 0.08642315330677541 8.642315330082024
3.5665411949157715 1.8500474444444444 1.9514016261436762 0.09418532766325782 9.41853276677688
3.575118064880371 1.8675007222222222 1.9586311763871895 0.083900903921454 8.390090391547723
3.5826973915100098 1.8849539999999998 1.9645402805387069 0.07367717638718974 7.367717638124825
3.5910260677337646 1.8849539999999998 1.9705129907484213 0.07958628053870709 7.958628054214115
3.600679397583008 1.9024072777777776 1.9767514504716557 0.06810571297064372 6.810571296397182
3.608694553375244 1.9024072777777776 1.9813714720546602 0.07434417269387805 7.434417269750352
3.6165924072265625 1.9198605555555557 1.9854258633251296 0.06151091649910456 6.1510916491646555
3.6250813007354736 1.9198605555555557 1.989231286156089 0.06556530776957392 6.556530777193012
3.6326744556427 1.9198605555555557 1.9921493818687208 0.06937073060053334 6.937073060274485
3.640223264694214 1.9373138333333333 1.9945950246293802 0.054835548535387524 5.483554852694045
3.6492955684661865 1.9373138333333333 1.9969326771973377 0.05728119129604692 5.72811912974682
3.657064914703369 1.9547671111111111 1.9984120438509243 0.04216556608622657 4.216556607744217
3.665252685546875 1.9547671111111111 1.9994488903931646 0.04364493273981318 4.364493274067291
3.673278331756592 1.9547671111111111 1.9999448700669265 0.044681779282053524 4.468177928265608
3.680190086364746 1.9547671111111111 1.9999590588414828 0.04517775895581533 4.517775895610356
3.688249349594116 1.9547671111111111 1.9994930031960878 0.04519194773037172 4.519194773037996
3.6972496509552 1.9722203888888887 1.9983585431659003 0.027272614307199072 2.727261429678531
3.7054436206817627 1.9722203888888887 1.9967626256076223 0.026138154277011605 2.6138154276352314
3.7135119438171387 1.9722203888888887 1.9946672007624766 0.024542236718733568 2.4542236717806105
3.7205164432525635 1.9722203888888887 1.9924268636309055 0.02244681187358788 2.2446811872370134
3.7285268306732178 1.9722203888888887 1.989385559346348 0.020206474742016756 2.020647474071479
3.7365007400512695 1.9722203888888887 1.9858509906443627 0.017165170457459356 1.7165170455691912
3.7457191944122314 1.9722203888888887 1.9811353715506246 0.013630601755473926 1.3630601753419822
3.7539706230163574 1.9722203888888887 1.9763432224474633 0.008914982661735849 0.8914982658995381
3.764263391494751 1.9722203888888887 1.9696112605906633 0.004122833558574568 0.41228335557896256
3.771894931793213 1.9722203888888887 1.9640808692071805 -0.0026091282982254604 -0.2609128302137719
3.779595375061035 1.9722203888888887 1.9580367878652125 -0.00813951968170823 -0.8139519684922198
3.7873423099517822 1.9722203888888887 1.9514875916998373 -0.014183601023676218 -1.4183601027188717
3.7963297367095947 1.9722203888888887 1.9433028135900743 -0.02073279718905141 -2.0732797192857455
3.8125510215759277 1.9722203888888887 1.9269428863201126 -0.028917575298814446 -2.8917575303571
3.8203070163726807 1.9722203888888887 1.9184028263320887 -0.04527750256877616 -4.527750257828369
3.8284575939178467 1.9722203888888887 1.908930910481542 -0.053817562556800036 -5.381756256176306
3.836603879928589 1.9722203888888887 1.8989571374759768 -0.06328947840734678 -6.328947841285134
3.845853805541992 1.9722203888888887 1.8870211691598493 -0.0732632514129119 -7.326325141870813
3.853931188583374 1.9722203888888887 1.8760698886182259 -0.08519921972903943 -8.519921973597597
3.861109495162964 1.9722203888888887 1.8659265921818426 -0.09615050027066285 -9.615050027702715
3.8692283630371094 1.9722203888888887 1.8539908778848604 -0.10629379670704608 -10.629379671294084
3.877159357070923 1.9722203888888887 1.8418593529569944 -0.11822951100402834 -11.822951101096473
3.8853936195373535 1.9722203888888887 1.8287736547207176 -0.1303610359318943 -13.036103593894449
3.893648386001587 1.9547671111111111 1.8151575462603025 -0.1259934563903935 -12.59934563878553
3.902383804321289 1.9547671111111111 1.8002099047364073 -0.13960956485080867 -13.960956485872162
3.909864664077759 1.9547671111111111 1.7869720653494792 -0.15455720637470383 -15.45572063833906
3.9176440238952637 1.9373138333333333 1.7727817826628465 -0.15034176798385412 -15.034176798140434
3.9259586334228516 1.9373138333333333 1.7571408031052749 -0.16453205067048682 -16.453205067873345
3.9341626167297363 1.9198605555555557 1.7412316698311014 -0.1627197524502808 -16.27197524492276
3.941389560699463 1.9198605555555557 1.7268287134864653 -0.17862888572445423 -17.86288857336998
3.9504501819610596 1.9024072777777776 1.7082620259792414 -0.17557856429131236 -17.557856428953965
3.9584739208221436 1.8849539999999998 1.6913515550253493 -0.17669197402075842 -17.66919740214055
3.966460943222046 1.8675007222222222 1.6740858942384875 -0.1761491671968729 -17.614916719655746
3.974557638168335 1.8500474444444444 1.656147167460706 -0.17596155020595683 -17.59615502058478
3.982525587081909 1.8500474444444444 1.6380696887725368 -0.19390027698373835 -19.390027699416336
3.9899239540100098 1.8151408888888887 1.620911921402296 -0.1770712001163519 -17.707120010657174
3.9991703033447266 1.8151408888888887 1.5989699746758725 -0.19422896748659269 -19.42289674965639
4.006707191467285 1.7976876111111109 1.5806797911024169 -0.19871763643523832 -19.87176364378469
4.015130043029785 1.7802343333333333 1.5598148241267862 -0.1995545422309164 -19.955454223140276
4.02298378944397 1.7627810555555554 1.5399607343218924 -0.20296623142876924 -20.296623143075195
4.03031063079834 1.7453277777777778 1.5210959886423945 -0.2053670434558854 -20.53670434572806
4.038363218307495 1.710421222222222 1.4999860371926392 -0.18932523357982745 -18.932523357050478
4.046413898468018 1.710421222222222 1.478492170695379 -0.2104351850295827 -21.04351850418507
4.055778741836548 1.6755146666666665 1.4530078569679286 -0.1970224959712874 -19.702249596349265
4.063907146453857 1.6580613888888889 1.4304747088296708 -0.20505353192096032 -20.505353192562755
4.071113348007202 1.640608111111111 1.4101817141630018 -0.21013340228144028 -21.013340228439244
4.079193830490112 1.6057015555555554 1.387078533331736 -0.19551984139255363 -19.5519841384061
4.08704400062561 1.5882482777777776 1.364286866875259 -0.20116974444604163 -20.116974444932506
4.095235347747803 1.570795 1.3401462057079911 -0.20650813312474092 -20.65081331278433
4.104048252105713 1.5533417222222223 1.313772291538154 -0.2131955165142312 -21.319551651811754
4.11124062538147 1.5358884444444443 1.2919452146290247 -0.22211615290629028 -22.211615291147446
4.11957311630249 1.5009818888888888 1.2663242151264467 -0.20903667425986416 -20.903667425226306
4.127312421798706 1.483528611111111 1.24221199262686 -0.21720439598466434 -21.7204395989411
4.135503530502319 1.4660753333333334 1.2163680961105965 -0.2238633407064734 -22.386334071034323
4.143639087677002 1.4311687777777777 1.1903763307688495 -0.21480068166718125 -21.48006816619145
4.1524457931518555 1.4137155 1.1618853588243636 -0.22333916923115038 -22.33391692361125
4.160030841827393 1.3788089444444445 1.1370573814026836 -0.21692358562008085 -21.692358561635245
4.168523073196411 1.3613556666666666 1.1089497313627041 -0.224298285263983 -22.429828526826878
4.17670464515686 1.326449111111111 1.0815676558606844 -0.21749937974840683 -21.749937974445565
4.18513035774231 1.3089958333333334 1.0530658907431791 -0.22742817747264898 -22.742817747841908
4.1927196979522705 1.2915425555555555 1.0271371211411289 -0.2384766648123764 -23.847666481879717
4.206146240234375 1.256636 0.980689852093261 -0.2294988788588712 -22.94988788536538
4.2154905796051025 1.2217294444444444 0.9479450613967073 -0.24103959235118344 -24.10395923578903
4.223757028579712 1.1868228888888888 0.9187010929467314 -0.23887782749218145 -23.887782749092516
4.230959892272949 1.1693696111111112 0.8930147321582472 -0.25066851816437974 -25.066851817123187
4.239442348480225 1.1519163333333333 0.8625279557982485 -0.2589016011750861 -25.890160117987072
4.247129440307617 1.1170097777777779 0.8346851446555327 -0.2544818219795294 -25.448182197696084
4.256189584732056 1.0821032222222222 0.8016163209838562 -0.24741807756668954 -24.741807756258446
4.2642433643341064 1.0646499444444444 0.7719993409574399 -0.26303362346058823 -26.303362346966313
4.27189564704895 1.029743388888889 0.7436731423232654 -0.257744047931449 -25.774404792837498
4.279703140258789 1.0122901111111111 0.7145929303361704 -0.2686169687878457 -26.861696879416446
4.2876551151275635 0.9773835555555556 0.6847955189498849 -0.2627906252193851 -26.279062521599915
4.296132564544678 0.9424769999999999 0.6528384960178112 -0.257681481050115 -25.768148104714584
4.305374383926392 0.9250237222222222 0.6177865710345462 -0.272185226204411 -27.21852262128398
4.313529014587402 0.8901171666666666 0.5866824156827768 -0.2723305956321205 -27.233059563220497
4.320571184158325 0.855210611111111 0.5596956407948082 -0.26852819542833417 -26.852819542612444
4.328603506088257 0.8203040555555555 0.5287792060857546 -0.26060841476074736 -26.06084147561448
4.336574077606201 0.8028507777777777 0.4979655376384807 -0.2740715716920231 -27.40715716998472
4.345154047012329 0.7679442222222221 0.4646547812474938 -0.2699786845837414 -26.99786845813629
4.354109525680542 0.7330376666666667 0.42974037227653894 -0.2683828854191729 -26.83828854182455
4.361339330673218 0.698131111111111 0.40145268942334705 -0.2683907388345721 -26.839073883457665
4.36949896812439 0.6632245555555555 0.3694263837358384 -0.26177186613220843 -26.177186612836188
4.377242088317871 0.6457712777777778 0.3389437818574284 -0.27634489404193935 -27.634489405040842
4.385545492172241 0.6108647222222222 0.3061653683070207 -0.2719209403647938 -27.192094036222286
4.393639087677002 0.5759581666666667 0.27413385720211886 -0.269792798359646 -26.97927983584092
4.400645971298218 0.5410516111111111 0.2463448436721083 -0.26691775390899225 -26.691775390732143
4.409886360168457 0.5061450555555556 0.20962476079711206 -0.25980021188344726 -25.98002118793109
4.418046951293945 0.47123849999999995 0.1771357118083739 -0.2616137392028879 -26.161373920394183
4.4261555671691895 0.4537852222222222 0.14480683441269404 -0.2766495104138483 -27.66495104225863
4.4341349601745605 0.4188786666666666 0.11295594406361595 -0.2740718322539726 -27.407183225247454
4.441323518753052 0.38397211111111107 0.08423692106950556 -0.2710161670474951 -27.101616704571928
4.449450969696045 0.3490655555555555 0.05174626769180246 -0.26482863448605 -26.482863448245414
4.45818018913269 0.33161227777777774 0.016834966197481947 -0.2798660100859753 -27.986601009471418
4.4661781787872314 0.2967057222222222 -0.015156648529506626 -0.27987075602474026 -27.987075602474302
4.476560592651367 0.2443458888888889 -0.05667885963822832 -0.2595025374183955 -25.95025374065586
4.4850804805755615 0.2094393333333333 -0.09073484677640482 -0.26611819297156164 -26.611819297540627
4.492718458175659 0.17453277777777776 -0.1212435264613346 -0.26526762455418257 -26.526762455368825
4.500091075897217 0.13962622222222223 -0.15066551182337076 -0.26086974868355683 -26.086974868100103
4.509256362915039 0.12217294444444445 -0.18719512637348648 -0.2728384562678152 -27.28384562747708
4.518090724945068 0.06981311111111112 -0.22234639765912764 -0.2570082374845976 -25.700823747539793
4.5261595249176025 0.05235983333333333 -0.2543911815894331 -0.27470623099246094 -27.470623100274604
4.534349679946899 0.01745327777777778 -0.28685012786243996 -0.27184445936721086 -27.184445936554773
4.542410850524902 0.0 -0.3187227761200909 -0.28685012786243996 -28.685012787116047
4.549945831298828 -0.05235983333333333 -0.3484402033514728 -0.2663629427867576 -26.63629427748515
4.5585362911224365 -0.08726638888888888 -0.382223447616063 -0.2611738144625839 -26.117381445956827
4.566500425338745 -0.10471966666666666 -0.4134430059631393 -0.2775037809493963 -27.750378095888646
4.57462739944458 -0.13962622222222223 -0.44519271301041263 -0.2738167837409171 -27.381678373877445
4.5826575756073 -0.17453277777777776 -0.47644877116772183 -0.2706599352326349 -27.065993523080028
4.590071439743042 -0.2094393333333333 -0.5051970205587822 -0.2670094378343885 -26.700943783226705
4.598275661468506 -0.2443458888888889 -0.5368802624574364 -0.2608511316698934 -26.08511316663145
4.61399507522583 -0.26179916666666664 -0.5971747975722023 -0.2750810957907697 -27.508109579903945
4.621255874633789 -0.33161227777777774 -0.6248291729467007 -0.2655625197944245 -26.556251978889282
4.629622936248779 -0.36651883333333335 -0.6565332274157001 -0.25831033961336736 -25.831033960915278
4.637561798095703 -0.38397211111111107 -0.6864449349021738 -0.272561116304589 -27.256111631287084
4.645898103713989 -0.4188786666666666 -0.7176677167453459 -0.2675662682355072 -26.756626823260447
4.654089450836182 -0.4537852222222222 -0.7481533035276758 -0.26388249452312373 -26.388249452098293
4.66330623626709 -0.4886917777777778 -0.7822147666198392 -0.25946152574989806 -25.946152574732885
4.670276880264282 -0.5235983333333333 -0.8077995120049513 -0.25861643328650596 -25.861643328601485
4.678483724594116 -0.5585048888888889 -0.8377199432230444 -0.24929462311606232 -24.929462311064498
4.686497688293457 -0.5934114444444444 -0.8667194422501229 -0.24430849877860006 -24.43084987757024
4.6950600147247314 -0.628318 -0.8974570471353057 -0.23840144225012283 -23.840144224668997
4.702702760696411 -0.6632245555555555 -0.9246714553197851 -0.23423249157975023 -23.423249157732744
4.7110466957092285 -0.6806778333333333 -0.9541357651950775 -0.2439936219864518 -24.399362199212447
4.719432592391968 -0.7155843888888889 -0.983480523338086 -0.2385513763061886 -23.855137630302586
4.727084159851074 -0.7504909444444444 -1.0100144893406489 -0.23298957889364158 -23.298957889040935
4.735342264175415 -0.7679442222222221 -1.0383862160867854 -0.24207026711842672 -24.207026712370393
4.743524551391602 -0.8028507777777777 -1.0662181259884684 -0.2355354383090077 -23.553543830521
4.750540494918823 -0.8377573333333332 -1.089855641307582 -0.2284607926551352 -22.84607926510238
4.759858846664429 -0.855210611111111 -1.120917686180894 -0.23464503019647098 -23.464503020006493
4.767642021179199 -0.8901171666666666 -1.1465643909861694 -0.23080051951422742 -23.08005195119932
4.776140451431274 -0.9075704444444443 -1.1742504636297042 -0.238993946541725 -23.89939465464866
4.784171104431152 -0.9424769999999999 -1.2001010204874152 -0.2317734636297043 -23.177346362550814
4.79178261756897 -0.9773835555555556 -1.2243167150480192 -0.22271746493185962 -22.271746492659673
4.799566268920898 -0.9948368333333333 -1.248786600879461 -0.22947988171468592 -22.94798817186159
4.810621500015259 -1.029743388888889 -1.283019961428166 -0.21904321199057208 -21.904321198450685
4.818705081939697 -1.0646499444444444 -1.3076553461866893 -0.21837001698372172 -21.83700169833305
4.826682806015015 -1.0995564999999998 -1.3316330482277279 -0.2080988461866895 -20.809884618072044
4.8352580070495605 -1.1170097777777779 -1.3570283196542994 -0.21462327044995 -21.462327045374167
4.843315601348877 -1.1519163333333333 -1.3805271155519359 -0.20511198632096606 -20.511198631543863
4.850261688232422 -1.1693696111111112 -1.4004968431050704 -0.2111575044408247 -21.115750444433804
4.858335971832275 -1.2042761666666666 -1.4233701370605705 -0.1962206764384038 -19.62206764297233
4.867234945297241 -1.2217294444444444 -1.4481494522012524 -0.20164069261612605 -20.164069261927587
4.875431299209595 -1.256636 -1.4705666769190047 -0.19151345220125227 -19.151345219536687
4.88352108001709 -1.2740892777777777 -1.4923049575537355 -0.19647739914122697 -19.647739914411176
4.89056134223938 -1.2915425555555555 -1.5109053324377466 -0.20076240199817996 -20.076240200067016
4.898727178573608 -1.326449111111111 -1.5321040178415415 -0.18445622132663564 -18.445622131715936
4.906619548797607 -1.3439023888888888 -1.5522044976569298 -0.1882016289526527 -18.82016289548293
4.915969371795654 -1.3613556666666666 -1.5755160048053074 -0.19084883099026317 -19.084883099180157
4.9240710735321045 -1.396262222222222 -1.5952704117088017 -0.17925378258308533 -17.92537825763469
4.931283473968506 -1.4137155 -1.6125041973427863 -0.18155491170880178 -18.155491171013907
4.939586877822876 -1.4311687777777777 -1.631929194585317 -0.18133541956500854 -18.1335419564881
4.947321176528931 -1.4660753333333334 -1.6496180935566882 -0.16585386125198354 -16.585386124298648
4.955669403076172 -1.483528611111111 -1.6682680177808005 -0.1660894824455772 -16.608948244571412
4.964587926864624 -1.5009818888888888 -1.687678062457236 -0.16728612889191163 -16.728612889260706
4.9725661277771 -1.5358884444444443 -1.7045867885844452 -0.15178961801279178 -15.178961800378604
4.9799582958221436 -1.5533417222222223 -1.7198662457337501 -0.1512450663622229 -15.124506636190644
4.988003253936768 -1.570795 -1.7360677205944999 -0.1490712457337502 -14.907124573248687
4.9960997104644775 -1.5882482777777776 -1.7519191400004896 -0.14781944281672232 -14.781944281599484
5.008648872375488 -1.6057015555555554 -1.7755789234035875 -0.14621758444493427 -14.621758444400335
