0.02815842628479004 0.0 0.011263370513916016 0.0 0.0
0.03403759002685547 0.0 0.013615036010742189 0.011263370513916016 2.2558307061524374
0.04166054725646973 0.0 0.01666421890258789 0.013615036010742189 2.7269503625664133
0.0489809513092041 0.0 0.019592380523681643 0.01666421890258789 3.3380396068314444
0.05479931831359863 0.0 0.021919727325439453 0.019592380523681643 3.925058292795939
0.061475276947021484 0.0 0.024590110778808596 0.021919727325439453 4.391780446706207
0.06850790977478027 0.0 0.027403163909912112 0.024590110778808596 4.927473963616421
0.07450032234191895 0.0 0.02980012893676758 0.027403163909912112 5.491918391117679
0.08102822303771973 0.0 0.032411289215087895 0.02980012893676758 5.972995969321573
0.08917093276977539 0.0 0.035668373107910156 0.032411289215087895 6.497310341886078
0.0950613021850586 0.0 0.03802452087402344 0.035668373107910156 7.1511881788710525
0.10158848762512207 0.0 0.04063539505004883 0.03802452087402344 7.62461780884678
0.1086275577545166 0.0 0.043451023101806645 0.04063539505004883 8.149403138473872
0.11456179618835449 0.0 0.0458247184753418 0.043451023101806645 8.71554212925753
0.12117433547973633 0.01745327777777778 0.048469734191894535 0.02837144069756402 5.701213359876874
0.12812185287475586 0.01745327777777778 0.05124874114990235 0.031016456414116756 6.232235310741918
0.13448524475097656 0.01745327777777778 0.05379409790039063 0.033795463372124565 6.790348792314696
0.1418309211730957 0.01745327777777778 0.056732368469238285 0.036340820122612846 7.301612390353231
0.1493086814880371 0.01745327777777778 0.05972347259521485 0.0392790906914605 7.892110051728647
0.1552741527557373 0.01745327777777778 0.062109661102294926 0.04227019481743707 8.493446490558027
0.16199970245361328 0.01745327777777778 0.06479988098144532 0.04465638332451714 8.97330237397118
0.1693863868713379 0.01745327777777778 0.06775455474853516 0.04734660320366754 9.514424897666581
0.1753382682800293 0.01745327777777778 0.07013530731201172 0.05030127697075738 10.109022119750172
0.18210268020629883 0.01745327777777778 0.07284107208251954 0.05268202953423394 10.588253064322446
0.18924212455749512 0.01745327777777778 0.07569684982299806 0.055387794304741764 11.133000417812278
0.1969006061553955 0.03490655555555556 0.07876024246215821 0.040790294267442496 8.216370111745656
0.20308208465576172 0.03490655555555556 0.08123283386230469 0.04385368690660265 8.832361475437072
0.21002888679504395 0.03490655555555556 0.08401155471801758 0.04632627830674913 9.329651951423601
0.21688532829284668 0.03490655555555556 0.08675413131713867 0.04910499916246202 9.888756187730657
0.22287654876708984 0.05235983333333333 0.08915061950683595 0.03439429798380535 6.948937193838319
0.22972583770751953 0.05235983333333333 0.09189033508300781 0.03679078617350262 7.4304015064138325
0.23656463623046875 0.05235983333333333 0.09462585449218751 0.039530501749674485 7.981011182026288
0.24361586570739746 0.05235983333333333 0.09744634628295899 0.04226602115885418 8.53072601578232
0.2502169609069824 0.06981311111111112 0.10008678436279297 0.027633235171847875 5.606071249151034
0.2570638656616211 0.06981311111111112 0.10282554626464845 0.030273673251681857 6.136125572940538
0.2632617950439453 0.06981311111111112 0.10530471801757812 0.03301243515353733 6.686102864803313
0.27014780044555664 0.06981311111111112 0.10805912017822267 0.03549160690646701 7.184077811731128
0.2780578136444092 0.06981311111111112 0.11122312545776368 0.03824600906711155 7.737551744450092
0.28413844108581543 0.08726638888888888 0.11365537643432617 0.0239567365688748 4.8815675511490335
0.2916381359100342 0.08726638888888888 0.11665525436401368 0.026388987545437295 5.3695955601575935
0.2991213798522949 0.08726638888888888 0.11964855194091797 0.0293888654751248 5.97152780938987
0.30498647689819336 0.08726638888888888 0.12199459075927735 0.032382163052029095 6.572577362835689
0.3115975856781006 0.10471966666666666 0.12463903427124023 0.017274924092610694 3.552125340070764
0.3188502788543701 0.10471966666666666 0.12754011154174805 0.01991936760457358 4.082310654664889
0.32482457160949707 0.10471966666666666 0.12992982864379884 0.02282044487508139 4.6641385496012555
0.3316524028778076 0.10471966666666666 0.13266096115112305 0.02521016197713219 5.143560931111062
0.3388690948486328 0.10471966666666666 0.13554763793945312 0.027941294484456397 5.691665705581363
0.34656214714050293 0.10471966666666666 0.13862485885620118 0.03082797127278647 6.271166802787296
0.35259103775024414 0.10471966666666666 0.14103641510009765 0.03390519218953453 6.888989836109999
0.35954904556274414 0.10471966666666666 0.14381961822509767 0.036316748433430995 7.373450319493209
0.36584043502807617 0.10471966666666666 0.14633617401123047 0.03909995155843102 7.932771343689741
0.3722090721130371 0.10471966666666666 0.14888362884521486 0.04161650734456382 8.438502314504252
0.37936830520629883 0.12217294444444445 0.15174732208251954 0.026710684400770415 5.459011002724613
0.38533473014831543 0.12217294444444445 0.15413389205932618 0.02957437763807509 6.0338370522327
0.3933277130126953 0.12217294444444445 0.15733108520507813 0.03196094761488173 6.5130236831675
0.4001007080078125 0.12217294444444445 0.16004028320312502 0.035158140760633685 7.155189678827159
0.4069678783416748 0.12217294444444445 0.16278715133666993 0.03786733875868058 7.6995543972589715
0.42093968391418457 0.13962622222222223 0.16837587356567385 0.023160929114447698 4.759839279503566
0.4280884265899658 0.13962622222222223 0.17123537063598634 0.028749651343451615 5.88157095946441
0.4344925880432129 0.13962622222222223 0.17379703521728518 0.03160914841376411 6.455696720168544
0.441378116607666 0.13962622222222223 0.17655124664306643 0.034170812995062944 6.970102303677531
0.44968390464782715 0.13962622222222223 0.17987356185913086 0.036925024420844194 7.523448864262256
0.4565300941467285 0.13962622222222223 0.1826120376586914 0.04024733963690863 8.191212353143392
0.4625813961029053 0.13962622222222223 0.18503255844116212 0.04298581543646918 8.74156395459172
0.4695448875427246 0.1570795 0.18781795501708987 0.02795305844116211 5.736672223056457
0.4759025573730469 0.1570795 0.19036102294921875 0.030738455017089855 6.2958600551480215
0.4824678897857666 0.1570795 0.19298715591430665 0.03328152294921874 6.806427222179805
0.4894263744354248 0.1570795 0.19577054977416994 0.03590765591430664 7.333900834595081
0.4970369338989258 0.1570795 0.19881477355957033 0.03869104977416993 7.893230959813971
0.5032839775085449 0.17453277777777776 0.20131359100341797 0.024281995781792576 5.0132430315958345
0.5101263523101807 0.17453277777777776 0.20405054092407227 0.026780813225640215 5.514635536497301
0.5170564651489258 0.17453277777777776 0.20682258605957032 0.029517763146294507 6.064014904632322
0.5232720375061035 0.17453277777777776 0.20930881500244142 0.032289808281792565 6.620627855509255
0.5300552845001221 0.17453277777777776 0.21202211380004884 0.03477603722466366 7.119977217978992
0.5369031429290771 0.17453277777777776 0.21476125717163086 0.037489336022271086 7.665141984603825
0.5430347919464111 0.17453277777777776 0.21721391677856447 0.0402284793938531 8.215682863234221
0.55069899559021 0.19198605555555553 0.220279598236084 0.025227861223008935 5.217057032277017
0.5576379299163818 0.19198605555555553 0.22305517196655275 0.028293542680528472 5.832332252316658
0.5637485980987549 0.19198605555555553 0.22549943923950197 0.031069116410997216 6.389563160037293
0.5707597732543945 0.19198605555555553 0.2283039093017578 0.033513383683946435 6.880430388089877
0.5776190757751465 0.19198605555555553 0.2310476303100586 0.03631785374620228 7.443832696523693
0.5836985111236572 0.19198605555555553 0.2334794044494629 0.03906157475450306 7.995214620632607
0.5905442237854004 0.2094393333333333 0.23621768951416017 0.024040071116129602 4.992332463858175
0.598109245300293 0.2094393333333333 0.2392436981201172 0.026778356180826857 5.54172592158419
0.6042211055755615 0.2094393333333333 0.24168844223022462 0.029804364786783888 6.149150799124586
0.611083984375 0.2094393333333333 0.24443359375 0.03224910889689131 6.64003673407243
0.617927074432373 0.2094393333333333 0.24717082977294924 0.0349942604166667 7.191431774400908
0.6271467208862305 0.2094393333333333 0.2508586883544922 0.03773149643961593 7.741422566822799
0.6336879730224609 0.2094393333333333 0.2534751892089844 0.0414193550211589 8.482768760583715
0.640556812286377 0.2268926111111111 0.2562227249145508 0.02658257809787329 5.517096627049311
0.6480333805084229 0.2268926111111111 0.25921335220336916 0.029330113803439695 6.068515471871142
0.6541152000427246 0.2268926111111111 0.26164608001708983 0.032320741092258076 6.669022889616505
0.6609280109405518 0.2268926111111111 0.2643712043762207 0.034753468905978746 7.157645803499091
0.6677758693695068 0.2443458888888889 0.26711034774780273 0.020025315487331802 4.2133579218128565
0.6738736629486084 0.2443458888888889 0.2695494651794434 0.022764458858913844 4.762721756000425
0.6807048320770264 0.2443458888888889 0.27228193283081054 0.025203576290554502 5.252055544601561
0.6877241134643555 0.2443458888888889 0.2750896453857422 0.027936043941921646 5.800428526836394
0.6938657760620117 0.2443458888888889 0.2775463104248047 0.03074375649685332 6.36409655721974
0.7014570236206055 0.2443458888888889 0.2805828094482422 0.03320042153591582 6.857433794275732
0.7085747718811035 0.2443458888888889 0.2834299087524414 0.03623692055935332 7.467446246476913
0.7146153450012207 0.2443458888888889 0.2858461380004883 0.039084019863552505 8.039509259132712
0.7213864326477051 0.26179916666666664 0.28855457305908205 0.024046971333821665 5.033525124490425
0.7285199165344238 0.26179916666666664 0.29140796661376955 0.026755406392415415 5.576996657535783
0.7345964908599854 0.26179916666666664 0.2938385963439942 0.029608799947102915 6.149685430141903
0.7413296699523926 0.26179916666666664 0.29653186798095704 0.032039429677327536 6.637720387519974
0.7495725154876709 0.26179916666666664 0.29982900619506836 0.034732701314290404 7.178677142269607
0.7559196949005127 0.26179916666666664 0.3023678779602051 0.03802983952840172 7.841199268451363
0.7624533176422119 0.27925244444444447 0.3049813270568848 0.02311543351576062 4.8596747454267195
0.7693862915039062 0.27925244444444447 0.3077545166015625 0.02572888261244033 5.383968301418421
0.7753033638000488 0.27925244444444447 0.3101213455200196 0.02850207215711803 5.94055214784035
0.782120943069458 0.27925244444444447 0.31284837722778325 0.030868901075575106 6.415711274390339
0.789240837097168 0.27925244444444447 0.3156963348388672 0.03359593278333878 6.963350854644731
0.7951927185058594 0.27925244444444447 0.31807708740234375 0.03644389039442275 7.535499346519728
0.8032746315002441 0.27925244444444447 0.3213098526000977 0.03882464295789928 8.013918446207326
0.8101358413696289 0.27925244444444447 0.3240543365478516 0.04205740815565323 8.663800739111197
0.8230726718902588 0.27925244444444447 0.3292290687561035 0.044801892103407126 9.21572501552961
0.8300189971923828 0.2967057222222222 0.33200759887695314 0.03252334653388134 6.764160040275721
0.8369202613830566 0.2967057222222222 0.3347681045532227 0.035301876654730946 7.3222813828259055
0.8433241844177246 0.2967057222222222 0.3373296737670899 0.03806238233100051 7.876969283865859
0.8512072563171387 0.314159 0.3404829025268555 0.023170673767089867 4.900069915561824
0.8580985069274902 0.314159 0.3432394027709961 0.02632390252685546 5.532763749654813
0.8641960620880127 0.314159 0.3456784248352051 0.029080402770996105 6.086036810028253
0.8710906505584717 0.314159 0.3484362602233887 0.03151942483520509 6.575729846548635
0.8780755996704102 0.314159 0.3512302398681641 0.03427726022338867 7.129625140896644
0.8841147422790527 0.314159 0.3536458969116211 0.037071239868164074 7.690971852967577
0.8908851146697998 0.314159 0.35635404586791997 0.039486896911621105 8.176446225839546
0.897653341293335 0.33161227777777774 0.359061336517334 0.024741768090142224 5.2290696752208525
0.904761552810669 0.33161227777777774 0.3619046211242676 0.027449058739556276 5.772356235403719
0.9114158153533936 0.33161227777777774 0.3645663261413574 0.030292343346489836 6.343134189360793
0.9185488224029541 0.33161227777777774 0.3674195289611817 0.03295404836357968 6.877633707208551
0.9246087074279785 0.33161227777777774 0.3698434829711914 0.03580725118340394 7.45069368926646
0.9314591884613037 0.3490655555555555 0.37258367538452153 0.02077792741563589 4.446063285005164
0.9385807514190674 0.3490655555555555 0.375432300567627 0.02351811982896601 4.995688424806199
0.9446322917938232 0.3490655555555555 0.3778529167175293 0.02636674501207148 5.567196890945021
0.9526615142822266 0.3490655555555555 0.38106460571289064 0.02878736116197378 6.053031039683505
0.9595792293548584 0.3490655555555555 0.38383169174194337 0.03199905015733512 6.697902790638912
0.965900182723999 0.3490655555555555 0.38636007308959963 0.03476613618638785 7.25368887912003
0.9724617004394531 0.3490655555555555 0.38898468017578125 0.037294517534044114 7.761541927167458
0.9794692993164062 0.3490655555555555 0.3917877197265625 0.03991912462022573 8.288959108194188
0.9854097366333008 0.36651883333333335 0.39416389465332036 0.025268886393229162 5.360655696877232
0.992595911026001 0.36651883333333335 0.3970383644104004 0.027645061319987008 5.837503853033318
0.9995322227478027 0.36651883333333335 0.3998128890991211 0.030519531077067064 6.414557519629484
1.0074784755706787 0.36651883333333335 0.4029913902282715 0.033294055765787756 6.97173762442484
1.0136001110076904 0.36651883333333335 0.4054400444030762 0.03647255689493817 7.610291094885824
1.0202257633209229 0.36651883333333335 0.40809030532836915 0.038921211069742834 8.102338845354048
1.0270557403564453 0.38397211111111107 0.41082229614257815 0.024118194217258082 5.1433084490688215
1.0332767963409424 0.38397211111111107 0.41331071853637696 0.026850185031467078 5.691511922322246
1.0400536060333252 0.38397211111111107 0.4160214424133301 0.029338607425265895 6.190971978653123
1.0469236373901367 0.38397211111111107 0.4187694549560547 0.03204933130221904 6.735256201320657
1.0541553497314453 0.38397211111111107 0.42166213989257817 0.03479734384494365 7.287212462579317
1.0609333515167236 0.38397211111111107 0.42437334060668946 0.0376900287814671 7.868434916912944
1.0678389072418213 0.38397211111111107 0.42713556289672855 0.040401229495578395 8.413370880567202
1.0740454196929932 0.40142538888888885 0.4296181678771973 0.025710174007839703 5.4769080584732155
1.0810015201568604 0.40142538888888885 0.43240060806274416 0.028192778988308465 5.975149334719879
1.0878937244415283 0.40142538888888885 0.43515748977661134 0.030975219173855317 6.533760800357334
1.094024419784546 0.40142538888888885 0.4376097679138184 0.033732100887722494 7.087426883322168
1.1008024215698242 0.40142538888888885 0.4403209686279297 0.03618437902492955 7.580062129446595
1.108877182006836 0.4188786666666666 0.4435508728027344 0.021442301961263066 4.633077582453106
1.1148457527160645 0.4188786666666666 0.4459383010864258 0.024672206136067798 5.281002874577944
1.1214702129364014 0.4188786666666666 0.44858808517456056 0.02705963441975917 5.7600749599832435
1.1286334991455078 0.4188786666666666 0.45145339965820314 0.029709418507893937 6.291969266462809
1.1346421241760254 0.4188786666666666 0.4538568496704102 0.032574732991536515 6.867330868643011
1.1413590908050537 0.4188786666666666 0.4565436363220215 0.03497818300374356 7.350084801241032
1.1481809616088867 0.4188786666666666 0.4592723846435547 0.037664969655354874 7.889932922081414
1.1551945209503174 0.4188786666666666 0.46207780838012696 0.040393717976888066 8.438397263536709
1.1619491577148438 0.43633194444444445 0.46477966308593754 0.02574586393568251 5.510605332403353
1.1693391799926758 0.43633194444444445 0.46773567199707033 0.02844771864149309 6.052839213132858
1.1752886772155762 0.43633194444444445 0.4701154708862305 0.03140372755262588 6.646328794000378
1.1821260452270508 0.43633194444444445 0.47285041809082035 0.03378352644178606 7.124263081470232
1.1892521381378174 0.4537852222222222 0.47570085525512695 0.019065195868598173 4.18186838777315
1.1951560974121094 0.4537852222222222 0.4780624389648438 0.02191563303290478 4.75349502885086
1.2017948627471924 0.4537852222222222 0.480717945098877 0.02427721674262162 5.227219619969755
1.2099671363830566 0.4537852222222222 0.48398685455322266 0.026932722876654824 5.760080015582302
1.2347002029418945 0.4537852222222222 0.49388008117675786 0.030201632331000483 6.416298527727451
1.2415447235107422 0.4537852222222222 0.4966178894042969 0.040094858954535684 8.404818479405463
1.2489817142486572 0.4537852222222222 0.4995926856994629 0.042832667182074735 8.955266576009574
1.2548959255218506 0.4537852222222222 0.5019583702087402 0.04580746347724074 9.5535200419502
1.2626187801361084 0.47123849999999995 0.5050475120544434 0.030719870208740285 6.537786219576396
1.2695612907409668 0.47123849999999995 0.5078245162963867 0.03380901205444348 7.15819078735514
1.2774062156677246 0.47123849999999995 0.5109624862670898 0.03658601629638675 7.716093330774436
1.2834892272949219 0.47123849999999995 0.5133956909179688 0.039723986267089895 8.346682603248928
1.2906129360198975 0.4886917777777778 0.516245174407959 0.02470391314019099 5.344144804341613
1.2974271774291992 0.4886917777777778 0.5189708709716797 0.02755339663018125 5.915973122161484
1.3034496307373047 0.4886917777777778 0.5213798522949219 0.03027909319390193 6.463081732751548
1.3110342025756836 0.4886917777777778 0.5244136810302734 0.03268807451714412 6.94681295374581
1.3178982734680176 0.4886917777777778 0.527159309387207 0.035721903252495635 7.55624989912127
1.323991298675537 0.4886917777777778 0.5295965194702149 0.03846753160942923 8.107975563387845
1.3307669162750244 0.5061450555555556 0.5323067665100097 0.023451463914659354 5.106167500642613
1.337740182876587 0.5061450555555556 0.5350960731506348 0.026161710954454187 5.649962517987
1.3438630104064941 0.5061450555555556 0.5375452041625977 0.02895101759507923 6.209812514000489
1.3508930206298828 0.5061450555555556 0.5403572082519531 0.0314001486070421 6.701528652724775
1.3586976528167725 0.5061450555555556 0.543479061126709 0.034212152696397546 7.266299269428492
1.3647081851959229 0.5235983333333333 0.5458832740783691 0.019880727793375685 4.401545287787776
1.3713655471801758 0.5235983333333333 0.5485462188720703 0.02228494074503584 4.8837048471002324
1.3785648345947266 0.5235983333333333 0.5514259338378906 0.024947885538737058 5.417928802916721
1.3894329071044922 0.5235983333333333 0.5557731628417969 0.027827600504557348 5.995778385960053
1.3954098224639893 0.5235983333333333 0.5581639289855957 0.03217482950846362 6.868687984910503
1.4025747776031494 0.5235983333333333 0.5610299110412598 0.03456559565226247 7.3488704972590195
1.410712480545044 0.5235983333333333 0.5642849922180176 0.03743157770792649 7.924619192849194
1.4175984859466553 0.5410516111111111 0.5670393943786621 0.023233381106906537 5.08684621878901
1.4236748218536377 0.5410516111111111 0.5694699287414551 0.025987783267551023 5.63948971428403
1.4305627346038818 0.5410516111111111 0.5722250938415527 0.02841831763034397 6.12727317316007
1.4374074935913086 0.5410516111111111 0.5749629974365235 0.031173482730441626 6.680344437404148
1.443462610244751 0.5410516111111111 0.5773850440979004 0.03391138632541235 7.230142415468185
1.450101375579834 0.5410516111111111 0.5800405502319336 0.03633343298678926 7.716714357212301
1.4569268226623535 0.5410516111111111 0.5827707290649414 0.03898893912082246 8.250363903780835
1.4648058414459229 0.5410516111111111 0.5859223365783691 0.04171911795383032 8.799202824808443
1.4716517925262451 0.5585048888888889 0.588660717010498 0.02741744768948018 5.941000693322618
1.4788691997528076 0.5585048888888889 0.5915476799011231 0.030155828121609107 6.490710748620379
1.484842300415039 0.5585048888888889 0.5939369201660156 0.033042791012234174 7.0704256080904235
1.4915032386779785 0.5585048888888889 0.5966012954711915 0.035432031277126685 7.550352797807208
1.4986255168914795 0.5585048888888889 0.5994502067565918 0.03809640658230251 8.085725018099707
1.504624605178833 0.5585048888888889 0.6018498420715332 0.040945317867702835 8.658378120754755
1.5124378204345703 0.5759581666666667 0.6049751281738281 0.025891675404866588 5.6491745583249635
1.5194151401519775 0.5759581666666667 0.607766056060791 0.029016961507161487 6.276412735890327
1.525345802307129 0.5759581666666667 0.6101383209228516 0.03180788939412438 6.836784131945565
1.5325360298156738 0.5759581666666667 0.6130144119262696 0.034180154256184925 7.313228601897463
1.5394971370697021 0.5934114444444444 0.6157988548278809 0.019602967481825218 4.399138163986856
1.545400619506836 0.5934114444444444 0.6181602478027344 0.0223874103834365 4.957561136871722
1.5521678924560547 0.5934114444444444 0.6208671569824219 0.024748803358289995 5.431275223614358
1.5593180656433105 0.5934114444444444 0.6237272262573242 0.027455712537977517 5.974471335600291
1.567030429840088 0.5934114444444444 0.6268121719360352 0.03031578181287986 6.548620946684249
1.5731709003448486 0.5934114444444444 0.6292683601379395 0.03340072749159084 7.168150631249716
1.5799617767333984 0.5934114444444444 0.6319847106933594 0.03585691569349514 7.661553037987975
1.5868446826934814 0.5934114444444444 0.6347378730773926 0.038573266248914995 8.20740177907195
1.5932648181915283 0.6108647222222222 0.6373059272766114 0.02387315085517039 5.26899670907814
1.6001274585723877 0.6108647222222222 0.6400509834289552 0.026441205054389183 5.784262998895788
1.6070261001586914 0.6108647222222222 0.6428104400634767 0.029186261206732955 6.335247394930935
1.6140732765197754 0.6108647222222222 0.6456293106079102 0.03194571784125444 6.88930803988074
1.6271471977233887 0.6108647222222222 0.6508588790893555 0.03476458838568797 7.455496595740471
1.6336736679077148 0.628318 0.653469467163086 0.022540879089355426 5.013677959438216
1.6406645774841309 0.628318 0.6562658309936524 0.025151467163085917 5.537392642553595
1.6477370262145996 0.628318 0.6590948104858398 0.02794783099365239 6.098590031084389
1.6538286209106445 0.628318 0.6615314483642578 0.0307768104858398 6.66652488756035
1.6606314182281494 0.628318 0.6642525672912598 0.03321344836425777 7.155842670910671
1.668497085571289 0.628318 0.6673988342285156 0.03593456729125977 7.70247382927764
1.6745357513427734 0.628318 0.6698143005371094 0.039080834228515604 8.334670738786611
1.6811745166778564 0.628318 0.6724698066711426 0.0414963005371094 8.820129236923474
1.6880977153778076 0.6457712777777778 0.675239086151123 0.02669852889336488 5.8623196076013135
1.6942088603973389 0.6457712777777778 0.6776835441589356 0.029467808373345283 6.418184775819125
1.701052188873291 0.6457712777777778 0.6804208755493164 0.03191226638115785 6.908992952789957
1.708066463470459 0.6457712777777778 0.6832265853881836 0.03464959777153864 7.458795059115547
1.7151694297790527 0.6632245555555555 0.6860677719116212 0.02000202983262811 4.530663151846681
1.7217891216278076 0.6632245555555555 0.6887156486511231 0.022843216356065676 5.100499529170394
1.7292301654815674 0.6632245555555555 0.691692066192627 0.02549109309556763 5.631735749988236
1.735159158706665 0.6632245555555555 0.694063663482666 0.028467510637071536 6.2291073352733015
1.741786241531372 0.6632245555555555 0.6967144966125489 0.03083910792711053 6.7052225962844405
1.7491247653961182 0.6632245555555555 0.6996499061584474 0.03348994105699343 7.2375741348164375
1.754993200302124 0.6632245555555555 0.7019972801208496 0.03642535060289187 7.82729282591514
1.7615971565246582 0.6632245555555555 0.7046388626098633 0.038772724565294125 8.29900359047054
1.7698261737823486 0.6632245555555555 0.7079304695129395 0.04141430705430782 8.830013106734983
1.7767002582550049 0.6806778333333333 0.710680103302002 0.02725263617960616 5.9998938764308205
1.782698154449463 0.6806778333333333 0.7130792617797852 0.030002269968668727 6.551852114238847
1.7895793914794922 0.6806778333333333 0.7158317565917969 0.032401428446451885 7.0335943049024365
1.795902967453003 0.6806778333333333 0.7183611869812012 0.03515392325846356 7.586475078902498
1.8025503158569336 0.6806778333333333 0.7210201263427735 0.0376833536478679 8.094560900127469
1.8094298839569092 0.698131111111111 0.7237719535827637 0.022889015231662424 5.137141767159098
1.8170645236968994 0.698131111111111 0.7268258094787599 0.02564084247165266 5.689244418327247
1.823312759399414 0.698131111111111 0.7293251037597657 0.02869469836764882 6.302174795751456
1.8301277160644531 0.698131111111111 0.7320510864257813 0.031193992648654634 6.803928806239654
1.8370671272277832 0.698131111111111 0.7348268508911133 0.03391997531467028 7.3514013067195485
1.845374584197998 0.698131111111111 0.7381498336791993 0.03669573978000229 7.9090617352384
1.8521268367767334 0.7155843888888889 0.7408507347106934 0.02256544479031042 5.084853787422896
1.8594305515289307 0.7155843888888889 0.7437722206115723 0.025266345821804537 5.626697391527833
1.8669641017913818 0.7155843888888889 0.7467856407165527 0.028187831722683465 6.213023558700125
1.8730974197387695 0.7155843888888889 0.7492389678955078 0.031201251827663867 6.818025633438142
1.8799350261688232 0.7155843888888889 0.7519740104675293 0.033654579006618945 7.310689816966696
1.8867497444152832 0.7155843888888889 0.7546998977661133 0.03638962157864045 7.860149117080267
1.8930981159210205 0.7330376666666667 0.7572392463684082 0.02166223109944665 4.916124619965619
1.8998525142669678 0.7330376666666667 0.7599410057067871 0.024201579701741527 5.425483374042051
1.9067573547363281 0.7330376666666667 0.7627029418945312 0.026903339040120433 5.967624754962176
1.912750482559204 0.7330376666666667 0.7651001930236817 0.02966527522786455 6.522029353783154
1.9205818176269531 0.7330376666666667 0.7682327270507813 0.03206252635701501 7.00336688132821
1.9273879528045654 0.7330376666666667 0.7709551811218263 0.035195060384114574 7.632506495945101
1.9334189891815186 0.7330376666666667 0.7733675956726075 0.03791751445515956 8.179465114847313
1.9400780200958252 0.7330376666666667 0.7760312080383301 0.04032992900594079 8.664337741451353
1.9469895362854004 0.7504909444444444 0.7787958145141602 0.025540263593885726 5.708078904749554
1.9533929824829102 0.7504909444444444 0.7813571929931641 0.028304870069715826 6.262925992793676
1.960066556930542 0.7504909444444444 0.7840266227722168 0.030866248548719666 6.777145002730535
1.9677271842956543 0.7504909444444444 0.7870908737182618 0.03353567832777238 7.313233406897746
1.973853588104248 0.7679442222222221 0.7895414352416993 0.01914665149603967 4.43687484548598
1.9806323051452637 0.7679442222222221 0.7922529220581055 0.021597213019477146 4.9282886046199526
1.9876220226287842 0.7679442222222221 0.7950488090515138 0.02430869983588335 5.4722084589078195
1.9937374591827393 0.7679442222222221 0.7974949836730958 0.02710458682929162 6.033155605835922
2.0005671977996826 0.7679442222222221 0.8002268791198731 0.029550761450873653 6.524166124601573
2.0075860023498535 0.7679442222222221 0.8030344009399415 0.032282656897650974 7.0726348141675
2.0136730670928955 0.7679442222222221 0.8054692268371583 0.035090178717719356 7.6364381963523975
2.0280182361602783 0.7679442222222221 0.8112072944641113 0.03752500461493613 8.125619194652227
2.0340898036956787 0.7853975 0.8136359214782716 0.025809794464111357 5.786252732193227
2.0410845279693604 0.7853975 0.8164338111877442 0.028238421478271603 6.273663161224517
2.0480566024780273 0.7853975 0.819222640991211 0.031036311187744192 6.835379967099523
2.054110288619995 0.7853975 0.8216441154479981 0.03382514099121103 7.395468919131268
2.0608909130096436 0.8028507777777777 0.8243563652038575 0.0187933376702204 4.39022609519507
2.0688841342926025 0.8028507777777777 0.827553653717041 0.021505587426079775 4.93411205812728
2.074892044067383 0.8028507777777777 0.8299568176269532 0.024702875939263347 5.575253545535502
2.0815269947052 0.8028507777777777 0.8326107978820801 0.02710603984917548 6.057486204690652
2.088655948638916 0.8028507777777777 0.8354623794555665 0.029760020104302454 6.590225669809676
2.0946881771087646 0.8028507777777777 0.8378752708435059 0.03261160167778876 7.162832095371143
2.101375102996826 0.8028507777777777 0.8405500411987306 0.03502449306572819 7.647486471750628
2.108485698699951 0.8028507777777777 0.8433942794799805 0.03769926342095287 8.184920568268945
2.1144983768463135 0.8028507777777777 0.8457993507385254 0.04054350170220278 8.756513557217378
2.122523069381714 0.8028507777777777 0.8490092277526856 0.04294857296074772 9.239964149726784
2.129580497741699 0.8203040555555555 0.8518321990966797 0.02870517219713009 6.3934947646955465
2.1358933448791504 0.8203040555555555 0.8543573379516602 0.03152814354112421 6.960281636650821
2.1424670219421387 0.8203040555555555 0.8569868087768555 0.03405328239610472 7.467290103078955
2.1494333744049072 0.8377573333333332 0.859773349761963 0.01922947544352227 4.503732874617776
2.155360698699951 0.8377573333333332 0.8621442794799805 0.022016016428629714 5.0625520566535
2.1621077060699463 0.8377573333333332 0.8648430824279786 0.02438694614664727 5.538158841004333
2.1693105697631836 0.8377573333333332 0.8677242279052735 0.02708574909464534 6.07967128788811
2.1769521236419678 0.8377573333333332 0.8707808494567871 0.02996689457194024 6.6580269927128715
2.183070659637451 0.8377573333333332 0.8732282638549805 0.03302351612345389 7.271840957087744
2.1899755001068115 0.8377573333333332 0.8759902000427247 0.03547093052164729 7.7634224236216385
2.1968274116516113 0.8377573333333332 0.8787309646606446 0.03823286670939141 8.318409562904542
2.2028605937957764 0.855210611111111 0.8811442375183106 0.023520353549533635 5.377494075227992
2.209681987762451 0.855210611111111 0.8838727951049805 0.02593362640719965 5.861686435205652
2.2164900302886963 0.855210611111111 0.8865960121154786 0.02866218399386955 6.409323113537679
2.2236106395721436 0.855210611111111 0.8894442558288574 0.0313854010043676 6.955901434277356
2.230231761932373 0.855210611111111 0.8920927047729492 0.03423364471774648 7.527929871284755
2.237057685852051 0.8726638888888889 0.8948230743408203 0.019428815884060313 4.568230174903279
2.243260622024536 0.8726638888888889 0.8973042488098145 0.022159185451931407 5.11579357020187
2.2501652240753174 0.8726638888888889 0.900066089630127 0.024640359920925614 5.613516765464404
2.257038116455078 0.8726638888888889 0.9028152465820313 0.027402200741238114 6.167748457716426
2.2632927894592285 0.8726638888888889 0.9053171157836915 0.030151357693142367 6.719620775975338
2.2699806690216064 0.8726638888888889 0.9079922676086426 0.032653226894802545 7.221982005815073
2.278632164001465 0.8726638888888889 0.911452865600586 0.035328378719753695 7.759338787346021
2.2846431732177734 0.8901171666666666 0.9138572692871094 0.0213356989339194 4.962625389433577
2.291376829147339 0.8901171666666666 0.9165507316589356 0.023740102620442793 5.444908411938426
2.298494815826416 0.8901171666666666 0.9193979263305665 0.02643356499226901 5.985354299135012
2.304535388946533 0.8901171666666666 0.9218141555786133 0.02928075966389987 6.5567778140631745
2.311370372772217 0.8901171666666666 0.9245481491088867 0.03169698891194672 7.04182717777258
2.318493604660034 0.8901171666666666 0.9273974418640137 0.03443098244222009 7.590943855178929
2.3253352642059326 0.8901171666666666 0.9301341056823731 0.03728027519734711 8.16333086381861
2.332170009613037 0.9075704444444443 0.9328680038452148 0.022563661237928745 5.221528291983178
2.339301109313965 0.9075704444444443 0.9357204437255859 0.025297559400770497 5.7699958744411655
2.34527850151062 0.9075704444444443 0.9381114006042481 0.02814999928114159 6.342461724505479
2.352019786834717 0.9075704444444443 0.9408079147338868 0.03054095615980379 6.8224471967526705
2.3592472076416016 0.9075704444444443 0.9436988830566406 0.03323747028944246 7.363915531786564
2.3651745319366455 0.9075704444444443 0.9460698127746583 0.03612843861219628 7.944682191975662
2.3721506595611572 0.9075704444444443 0.948860263824463 0.038499368330213946 8.421109822336666
2.3805346488952637 0.9250237222222222 0.9522138595581056 0.0238365416022408 5.490167903769286
2.387392520904541 0.9250237222222222 0.9549570083618164 0.02719013733588338 6.1630694940296715
2.3934693336486816 0.9250237222222222 0.9573877334594727 0.02993328613959423 6.713656766925283
2.400146007537842 0.9250237222222222 0.9600584030151368 0.03236401123725052 7.2017353072351575
2.406961679458618 0.9250237222222222 0.9627846717834473 0.03503468079291461 7.7381714498514675
2.413085699081421 0.9424769999999999 0.9652342796325684 0.02030767178344739 4.794132254976976
2.425048828125 0.9424769999999999 0.9700195312500001 0.02275727963256846 5.285402288505081
2.4338796138763428 0.9424769999999999 0.9735518455505372 0.02754253125000017 6.245718601615088
2.440833330154419 0.9424769999999999 0.9763333320617676 0.0310748455505373 6.9548936827391925
2.44997239112854 0.9424769999999999 0.979988956451416 0.03385633206176775 7.5135086921960355
2.456881046295166 0.9424769999999999 0.9827524185180665 0.03751195645141614 8.248022637960975
2.4633162021636963 0.9599302777777778 0.9853264808654786 0.022822140740288654 5.31161182206466
2.470000982284546 0.9599302777777778 0.9880003929138184 0.02539620308770074 5.828013467596882
2.4778242111206055 0.9599302777777778 0.9911296844482422 0.02807011513604052 6.364642722169961
2.4839439392089844 0.9599302777777778 0.9935775756835938 0.03119940667046439 6.992908951783583
2.4909794330596924 0.9599302777777778 0.996391773223877 0.033647297905816 7.484511666345892
2.499547004699707 0.9599302777777778 0.9998188018798828 0.03646149544609911 8.049878692627459
2.505896806716919 0.9773835555555556 1.0023587226867676 0.02243524632432725 5.24652743507472
2.5127575397491455 0.9773835555555556 1.0051030158996583 0.02497516713121206 5.755975580605162
2.5198123455047607 0.9773835555555556 1.0079249382019044 0.027719460344102775 6.306707827721161
2.527833938598633 0.9773835555555556 1.0111335754394533 0.03054138264634887 6.873215539552696
2.5339338779449463 0.9773835555555556 1.0135735511779786 0.0337500198838977 7.517614951613111
2.5407330989837646 0.9773835555555556 1.0162932395935058 0.03618999562242309 8.00777892573126
2.5476632118225098 0.9773835555555556 1.019065284729004 0.038909684037950254 8.554320789769486
2.553758382797241 0.9773835555555556 1.0215033531188966 0.04168172917344848 9.111572694320227
2.560596227645874 0.9948368333333333 1.0242384910583497 0.026666519785563336 6.110128975359861
2.567440986633301 0.9948368333333333 1.0269763946533204 0.02940165772501646 6.659131602986286
2.5735185146331787 0.9948368333333333 1.0294074058532716 0.032139561319987076 7.208814651721827
2.581094264984131 0.9948368333333333 1.0324377059936525 0.034570572519938336 7.697082321344212
2.587993621826172 1.0122901111111111 1.0351974487304687 0.020147594882541364 4.813992614149607
2.5940427780151367 1.0122901111111111 1.0376171112060548 0.022907337619357593 5.367498572801005
2.6008036136627197 1.0122901111111111 1.040321445465088 0.025327000094943708 5.852936749784319
2.6078009605407715 1.0122901111111111 1.0431203842163086 0.028031334353976867 6.395669281164548
2.6138901710510254 1.0122901111111111 1.0455560684204102 0.03083027310519748 6.95758132877181
2.6206915378570557 1.0122901111111111 1.0482766151428222 0.033265957309299043 7.446709223631822
2.6285011768341064 1.029743388888889 1.0514004707336426 0.018533226253933277 4.501404171502433
2.634615659713745 1.029743388888889 1.0538462638854982 0.02165708184475368 5.1277905203085155
2.6413962841033936 1.029743388888889 1.0565585136413576 0.024102874996609236 5.618395907950713
2.6485018730163574 1.029743388888889 1.059400749206543 0.02681512475246861 6.162636281487522
2.654493808746338 1.029743388888889 1.0617975234985353 0.02965736031765398 6.733089116290997
2.6611313819885254 1.029743388888889 1.0644525527954103 0.032054134609646345 7.21425627000267
2.668217182159424 1.0471966666666666 1.0672868728637697 0.017255886128743736 4.25573392604006
2.674482583999634 1.0471966666666666 1.0697930335998536 0.02009020619710311 4.8240005119095235
2.6818008422851562 1.0471966666666666 1.0727203369140625 0.022596366933187007 5.326572881056323
2.6890556812286377 1.0471966666666666 1.075622272491455 0.02552367024739599 5.913875386853179
2.695016860961914 1.0471966666666666 1.0780067443847656 0.02842560582478848 6.496279598150585
2.701598882675171 1.0471966666666666 1.0806395530700683 0.03081007771809907 6.974978226406706
2.708700180053711 1.0471966666666666 1.0834800720214843 0.03344288640340176 7.50370673640028
2.714651346206665 1.0471966666666666 1.085860538482666 0.03628340535481778 8.074348796870673
2.7213327884674072 1.0471966666666666 1.0885331153869628 0.038663871815999507 8.552702019435008
2.7294135093688965 1.0646499444444444 1.0917654037475586 0.02388317094251846 5.598133099991132
2.7353737354278564 1.0646499444444444 1.0941494941711427 0.02711545930311421 6.2467526756693825
2.7421066761016846 1.0646499444444444 1.096842670440674 0.029499549726698326 6.7252982649743025
2.7492482662200928 1.0646499444444444 1.0996993064880372 0.032192725996229576 7.26601123449849
2.7551584243774414 1.0646499444444444 1.1020633697509765 0.03504936204359277 7.839805426016901
2.7617573738098145 1.0646499444444444 1.1047029495239258 0.03741342530653213 8.314791004173514
2.769251823425293 1.0646499444444444 1.1077007293701173 0.040053005079481396 8.845307446077411
2.775184392929077 1.0821032222222222 1.1100737571716308 0.025597507147895104 5.956099948445441
2.7832632064819336 1.0821032222222222 1.1133052825927734 0.0279705349494086 6.432335804663525
2.7901225090026855 1.0821032222222222 1.1160490036010742 0.031202060370551177 7.081112546778097
2.7969205379486084 1.0821032222222222 1.1187682151794434 0.03394578137885196 7.632150067332523
2.8028979301452637 1.0821032222222222 1.1211591720581056 0.03666499295722114 8.178445804819221
2.809706211090088 1.0821032222222222 1.1238824844360351 0.03905594983588334 8.658929246661343
2.816561698913574 1.0995564999999998 1.1266246795654298 0.024325984436035286 5.714567467055827
2.829188108444214 1.0995564999999998 1.1316752433776855 0.02706817956542995 6.264679254886054
2.836843967437744 1.0995564999999998 1.1347375869750977 0.03211874337768572 7.278813078316007
2.8432796001434326 1.1170097777777779 1.1373118400573732 0.017727809197319866 4.401964607507331
2.8501968383789062 1.1170097777777779 1.1400787353515625 0.0203020622795953 4.918088149419964
2.857027530670166 1.1170097777777779 1.1428110122680664 0.023068957573784576 5.473039567722273
2.8631505966186523 1.1170097777777779 1.145260238647461 0.025801234490288483 6.0212302258713635
2.8699114322662354 1.1170097777777779 1.1479645729064942 0.02825046086968319 6.512775323415516
2.8767478466033936 1.1170097777777779 1.1506991386413574 0.03095479512871635 7.0557022837675065
2.883629560470581 1.1170097777777779 1.1534518241882326 0.03368936086357954 7.604884197350654
2.89047908782959 1.1170097777777779 1.156191635131836 0.036442046410454676 8.157866239629902
2.8970823287963867 1.1344630555555555 1.1588329315185548 0.021728579576280493 5.21658885805879
2.903468608856201 1.1344630555555555 1.1613874435424805 0.024369875962999332 5.746432062529984
2.9105725288391113 1.1344630555555555 1.1642290115356446 0.02692438798692498 6.259025368365595
2.9173784255981445 1.1344630555555555 1.1669513702392578 0.02976595598008913 6.829348697593537
2.9234368801116943 1.1344630555555555 1.1693747520446778 0.03248831468370228 7.375931560964178
2.9300949573516846 1.1519163333333333 1.172037982940674 0.01745841871134446 4.370992261728309
2.9380300045013428 1.1519163333333333 1.1752120018005372 0.02012164960734064 4.904957431239893
2.9440722465515137 1.1519163333333333 1.1776288986206056 0.02329566846720388 5.5415859538548915
2.950901746749878 1.1519163333333333 1.1803606986999513 0.025712565287272282 6.02649257278143
2.957660675048828 1.1519163333333333 1.1830642700195313 0.028444365366617985 6.57476495041303
2.9637503623962402 1.1519163333333333 1.185500144958496 0.031147936686197975 7.117551434237961
2.9706971645355225 1.1519163333333333 1.188278865814209 0.033583811625162774 7.606735619707365
2.9775099754333496 1.1519163333333333 1.1910039901733398 0.03636253248087562 8.164967938304676
2.9845919609069824 1.1519163333333333 1.193836784362793 0.03908765684000648 8.712612723462696
2.991251230239868 1.1693696111111112 1.1965004920959472 0.024467173251681906 5.790219600309869
2.9981019496917725 1.1693696111111112 1.199240779876709 0.02713088098483607 6.3247401801717835
3.004220724105835 1.1693696111111112 1.201688289642334 0.029871168765597922 6.874812861408608
3.011052370071411 1.1693696111111112 1.2044209480285646 0.03231867853122283 7.366259111407109
3.0178933143615723 1.1868228888888888 1.207157325744629 0.017598059139675826 4.423319134967348
3.02400541305542 1.1868228888888888 1.209602165222168 0.020334436855740323 4.971963929193327
3.031040668487549 1.1868228888888888 1.2124162673950196 0.022779276333279252 5.462300002900376
3.0390567779541016 1.1868228888888888 1.2156227111816407 0.02559337850613086 6.026894392577266
3.047877550125122 1.1868228888888888 1.2191510200500488 0.02879982229275191 6.6704458388816095
3.053997039794922 1.1868228888888888 1.221598815917969 0.03232813116116007 7.3789245961144525
3.0607824325561523 1.1868228888888888 1.2243129730224611 0.03477592702908017 7.870575231736772
3.0676040649414062 1.1868228888888888 1.2270416259765626 0.037490084133572354 8.415911084043467
3.0736896991729736 1.1868228888888888 1.2294758796691896 0.04021873708767387 8.964343441679391
3.08054780960083 1.1868228888888888 1.2322191238403322 0.042652990780300826 9.453716259730593
3.0885093212127686 1.2042761666666666 1.2354037284851076 0.027942957173665572 6.513528030718387
3.0946102142333984 1.2042761666666666 1.2378440856933595 0.031127561818441007 7.1528198708363595
3.101280927658081 1.2042761666666666 1.2405123710632324 0.03356791902669287 7.64290220042777
3.1081995964050293 1.2042761666666666 1.2432798385620119 0.03623620439656583 8.178938906431654
3.114480495452881 1.2217294444444444 1.2457921981811524 0.02155039411756743 5.243245449272088
3.1211400032043457 1.2217294444444444 1.2484560012817383 0.024062753736707965 5.7471491007056645
3.1280698776245117 1.2217294444444444 1.2512279510498048 0.026726556837293858 6.281662432768298
3.1351377964019775 1.2217294444444444 1.254055118560791 0.029498506605360353 6.8380660726597595
3.1418304443359375 1.2217294444444444 1.2567321777343752 0.03232567411634668 7.4057501850549174
3.1493332386016846 1.2217294444444444 1.259733295440674 0.035002733289930754 7.943467576337496
3.1552445888519287 1.239182722222222 1.2620978355407715 0.020550573218451884 5.054555625879558
3.162454128265381 1.239182722222222 1.2649816513061525 0.02291511331854945 5.528794909837577
3.1693620681762695 1.239182722222222 1.2677448272705079 0.025798929083930444 6.107338945734303
3.175264596939087 1.239182722222222 1.2701058387756348 0.028562105048285824 6.661917228818792
3.182102680206299 1.239182722222222 1.2728410720825196 0.030923116553412733 7.1359132944967705
3.1899287700653076 1.239182722222222 1.2759715080261231 0.03365834986029759 7.6851690161968715
3.19679594039917 1.239182722222222 1.278718376159668 0.0367887858039011 8.31409734935956
3.2027931213378906 1.256636 1.2811172485351563 0.022082376159668016 5.374307952484279
3.2097878456115723 1.256636 1.283915138244629 0.024481248535156208 5.855525105604406
3.216601848602295 1.256636 1.286640739440918 0.02727913824462891 6.416983766780667
3.2271194458007812 1.256636 1.2908477783203125 0.03000473944091797 6.963952161163754
3.2351503372192383 1.256636 1.2940601348876954 0.034211778320312414 7.808920591585128
3.2431628704071045 1.2740892777777777 1.2972651481628419 0.01997085710991775 4.96231966562128
3.250135660171509 1.2740892777777777 1.3000542640686037 0.02317587038506419 5.605155369290232
3.2569520473480225 1.2740892777777777 1.3027808189392092 0.025964986290825998 6.164761981710457
3.2633349895477295 1.2740892777777777 1.305333995819092 0.028691541161431466 6.711998788957424
3.270160436630249 1.2740892777777777 1.3080641746520998 0.031244718041314234 7.224575607045929
3.2940473556518555 1.2915425555555555 1.3176189422607423 0.01652161909654426 4.281066357545414
3.30964994430542 1.2915425555555555 1.323859977722168 0.02607638670518675 6.19822056120929
3.338759660720825 1.2915425555555555 1.3355038642883301 0.032317422166612486 7.4514359515120105
3.3551464080810547 1.3089958333333334 1.342058563232422 0.026508030954996764 6.297241447390594
3.3754138946533203 1.3089958333333334 1.3501655578613283 0.03306272989908865 7.613564300388581
3.4026389122009277 1.326449111111111 1.3610555648803713 0.023716446750217335 5.7490886705658495
3.416804075241089 1.326449111111111 1.3667216300964355 0.034606453769260304 7.936473403673805
3.4324610233306885 1.3439023888888888 1.3729844093322754 0.022819241207546748 5.582239172500053
3.444782257080078 1.3439023888888888 1.3779129028320314 0.02908202044338659 6.8386739360976945
3.4518399238586426 1.3613556666666666 1.3807359695434571 0.016557236165364753 4.335739372276459
3.45918607711792 1.3613556666666666 1.383674430847168 0.01938030287679049 4.9017005506624605
3.4650471210479736 1.3613556666666666 1.3860188484191895 0.022318764180501383 5.4910095540444095
3.4716672897338867 1.3613556666666666 1.3886669158935547 0.02466318175252291 5.961313362476164
3.4788687229156494 1.3613556666666666 1.3915474891662598 0.0273112492268881 6.492706648168177
3.4848403930664062 1.3613556666666666 1.3939361572265625 0.03019182249959318 7.070936520643206
3.5013327598571777 1.3613556666666666 1.4005331039428712 0.03258049055989587 7.5505810100931114
3.51468563079834 1.3613556666666666 1.405874252319336 0.039177437276204596 8.876390821461257
3.521804094314575 1.3788089444444445 1.4087216377258303 0.027065307874891475 6.457548866444326
3.5290863513946533 1.3788089444444445 1.4116345405578614 0.029912693281385794 7.029125033315793
3.5349440574645996 1.3788089444444445 1.4139776229858398 0.032825596113416955 7.614061373811384
3.5417356491088867 1.3788089444444445 1.4166942596435548 0.03516867854139538 8.084700121477395
3.5498738288879395 1.3788089444444445 1.4199495315551758 0.037885315199110314 8.630561177272726
3.556741237640381 1.396262222222222 1.4226964950561525 0.02368730933295371 5.792861741384425
3.5627365112304688 1.396262222222222 1.4250946044921875 0.026434272833930406 6.3440420604902235
3.5697572231292725 1.396262222222222 1.4279028892517092 0.02883238226996543 6.825362762716448
3.5766074657440186 1.396262222222222 1.4306429862976076 0.03164066702948709 7.389208299501275
3.582636594772339 1.396262222222222 1.4330546379089357 0.034380764075385484 7.939539102383933
3.5895659923553467 1.396262222222222 1.4358263969421388 0.03679241568671365 8.424048739204068
3.595900774002075 1.4137155 1.4383603096008302 0.022110896942138858 5.489254052426393
3.6035139560699463 1.4137155 1.4414055824279786 0.024644809600830264 5.997477208024541
3.6101720333099365 1.4137155 1.4440688133239747 0.027690082427978657 6.608610689755129
3.616987943649292 1.4137155 1.446795177459717 0.03035331332397484 7.14324655305101
3.627747058868408 1.4137155 1.4510988235473634 0.03307967745971707 7.69074014807396
3.6367125511169434 1.4311687777777777 1.4546850204467774 0.01993004576958568 5.061975836618229
3.6428656578063965 1.4311687777777777 1.4571462631225587 0.023516242668999654 5.781299342431076
3.650881052017212 1.4311687777777777 1.4603524208068848 0.02597748534478095 6.275119667860715
3.6578168869018555 1.4311687777777777 1.4631267547607423 0.02918364302910703 6.918659634741439
3.6639013290405273 1.4311687777777777 1.465560531616211 0.03195797698296454 7.475709300389405
3.670668363571167 1.4311687777777777 1.468267345428467 0.03439175383843329 7.9645211394603646
3.6776278018951416 1.4486220555555556 1.4710511207580568 0.019645289872911365 5.016537328528178
3.683772563934326 1.4486220555555556 1.4735090255737306 0.02242906520250121 5.574747825115017
3.690746307373047 1.4486220555555556 1.476298522949219 0.02488697001817508 6.067832341211762
3.697502613067627 1.4486220555555556 1.4790010452270508 0.027676467393663362 6.627632472453576
3.70459246635437 1.4486220555555556 1.4818369865417482 0.030378989671495216 7.170155456155141
3.7112765312194824 1.4486220555555556 1.4845106124877931 0.03321493098619266 7.739658380163057
3.7181315422058105 1.4660753333333334 1.4872526168823244 0.01843527915445975 4.7849406806901005
3.7242093086242676 1.4660753333333334 1.4896837234497071 0.021177283548990955 5.33477130130857
3.731023073196411 1.4660753333333334 1.4924092292785645 0.023608390116373723 5.822402261110414
3.737929582595825 1.4660753333333334 1.4951718330383301 0.026333895945231056 6.369270319552728
3.744004726409912 1.4660753333333334 1.497601890563965 0.029096499704996726 6.92377044740728
3.751800298690796 1.4660753333333334 1.5007201194763184 0.03152655723063158 7.411665215863312
3.7590742111206055 1.4660753333333334 1.5036296844482422 0.03464478614298505 8.037975992049573
3.764925479888916 1.4660753333333334 1.5059701919555666 0.03755435111490879 8.62258027606381
3.7716012001037598 1.483528611111111 1.508640480041504 0.022441580844455578 5.601315261980052
3.778728485107422 1.483528611111111 1.5114913940429688 0.025111868930393078 6.137024011563684
3.7876734733581543 1.483528611111111 1.5150693893432619 0.027962782931857832 6.709170731638336
3.7937698364257812 1.483528611111111 1.5175079345703126 0.031540778232150846 7.427558323807164
3.8006272315979004 1.5009818888888888 1.5202508926391602 0.016526045681423795 4.425602398308162
3.8087105751037598 1.5009818888888888 1.523484230041504 0.019269003750271407 4.97549427694438
3.8147122859954834 1.5009818888888888 1.5258849143981934 0.02250234115261507 5.62395709305004
3.8214077949523926 1.5009818888888888 1.5285631179809571 0.024903025509304566 6.105562388295449
3.828545093536377 1.5009818888888888 1.531418037414551 0.027581229092068282 6.64302238710351
3.834613084793091 1.5009818888888888 1.5338452339172364 0.03043614852566212 7.216073808134987
3.8412387371063232 1.5009818888888888 1.5364954948425293 0.032863345028347535 7.703469331052047
3.8481462001800537 1.5009818888888888 1.5392584800720215 0.035513605953640504 8.235838030949063
3.855288505554199 1.5009818888888888 1.5421154022216799 0.03827659118313265 8.791039777092275
3.862567663192749 1.5184351666666667 1.5450270652770997 0.023680235555013196 5.873435632772069
3.869640588760376 1.5184351666666667 1.5478562355041505 0.026591898610432985 6.457671576061284
3.876504421234131 1.5184351666666667 1.5506017684936524 0.029421068837483855 7.025555617696757
3.882556915283203 1.5184351666666667 1.5530227661132814 0.03216660182698572 7.576659560038501
3.8894758224487305 1.5184351666666667 1.5557903289794923 0.034587599446614714 8.062841088494013
3.8954153060913086 1.5358884444444443 1.5581661224365235 0.019901884535048042 5.127054221188106
3.902195692062378 1.5358884444444443 1.5608782768249512 0.022277677992079248 5.603512615192123
3.909972667694092 1.5358884444444443 1.5639890670776369 0.024989832380506893 6.1476103738202585
3.9168789386749268 1.5358884444444443 1.5667515754699708 0.028100622633192573 6.771925463156438
3.922854423522949 1.5358884444444443 1.5691417694091798 0.030863131025526513 7.326526109205219
3.9298202991485596 1.5358884444444443 1.571928119659424 0.03325332496473554 7.806517694572447
3.9366984367370605 1.5358884444444443 1.5746793746948242 0.03603967521497964 8.366260846075138
3.943063259124756 1.5533417222222223 1.5772253036499024 0.021337652472601887 5.427301088750209
3.9497668743133545 1.5533417222222223 1.5799067497253418 0.0238835814276801 5.937958284185014
3.957608938217163 1.5533417222222223 1.5830435752868652 0.02656502750311951 6.476001272036057
3.963740587234497 1.5533417222222223 1.5854962348937989 0.029701853064642902 7.10566446415482
3.9705920219421387 1.570795 1.5882368087768555 0.014701234893798931 4.1064266606494
3.9771454334259033 1.570795 1.5908581733703615 0.017441808776855527 4.65571520171493
3.9833319187164307 1.570795 1.5933327674865723 0.020063173370361564 5.181282708800994
3.990161657333374 1.570795 1.5960646629333497 0.022537767486572324 5.677557246539963
3.9970920085906982 1.570795 1.5988368034362794 0.025269662933349757 6.225636221119946
4.003183364868164 1.570795 1.6012733459472657 0.02804180343627949 6.781977631591726
4.010867595672607 1.570795 1.604347038269043 0.030478345947265728 7.271111286699106
4.01765251159668 1.570795 1.607061004638672 0.03355203826904307 7.888393249591644
4.029037714004517 1.570795 1.6116150856018068 0.03626600463867202 8.433608923958502
4.036754131317139 1.5882482777777776 1.6147016525268556 0.023366807824029223 5.856362397893788
4.042893409729004 1.5882482777777776 1.6171573638916017 0.02645337474907805 6.475689348067737
4.049954175949097 1.5882482777777776 1.6199816703796388 0.028909086113824145 6.968576379160107
4.057894229888916 1.5882482777777776 1.6231576919555666 0.031733392601861254 7.535645461729026
4.063998460769653 1.5882482777777776 1.6255993843078613 0.03490941417778903 8.173584565644855
4.070994138717651 1.6057015555555554 1.6283976554870607 0.019897828752305946 5.172461406062958
4.0778467655181885 1.6057015555555554 1.6311387062072755 0.022696099931505342 5.733679795251331
4.083993434906006 1.6057015555555554 1.6335973739624023 0.025437150651720142 6.283606488957945
4.090799808502197 1.6057015555555554 1.636319923400879 0.02789581840684696 6.777026237941465
4.097589015960693 1.6057015555555554 1.6390356063842775 0.03061836784532357 7.32358859019429
4.103675127029419 1.6057015555555554 1.6414700508117677 0.033334050828722095 7.8689534154026965
4.1114842891693115 1.6231548333333334 1.6445937156677246 0.01831521747843423 4.8662673259890665
4.1185808181762695 1.6231548333333334 1.6474323272705078 0.021438882334391174 5.492652361780278
4.124617099761963 1.6231548333333334 1.6498468399047852 0.024277493937174377 6.062014075811457
4.1313183307647705 1.6231548333333334 1.6525273323059082 0.026692006571451765 6.546498660818576
4.1384758949279785 1.6231548333333334 1.6553903579711915 0.029372498972574768 7.084535137279422
4.1445393562316895 1.6231548333333334 1.6578157424926758 0.03223552463785806 7.659341027000369
4.151163339614868 1.640608111111111 1.6604653358459474 0.01720763138156478 4.654744255552655
4.159043312072754 1.640608111111111 1.6636173248291017 0.01985722473483631 5.1859577658192
4.164895534515381 1.640608111111111 1.6659582138061524 0.023009213717990695 5.818131543125074
4.171705007553101 1.640608111111111 1.6686820030212404 0.025350102695041343 6.287766712693791
4.1788718700408936 1.640608111111111 1.6715487480163576 0.028073891910129323 6.834406655260253
4.184828281402588 1.640608111111111 1.6739313125610353 0.03094063690524651 7.409913891297356
4.19148588180542 1.640608111111111 1.676594352722168 0.03332320144992429 7.888376709760656
4.198749542236328 1.640608111111111 1.6794998168945314 0.03598624161105701 8.423342639488085
4.204726457595825 1.640608111111111 1.6818905830383302 0.03889170578342038 9.007220100006897
4.212191581726074 1.6580613888888889 1.6848766326904299 0.02382919414944129 5.996117026156756
4.219323396682739 1.6580613888888889 1.6877293586730957 0.02681524380154099 6.5952995945817054
4.225276470184326 1.6580613888888889 1.6901105880737306 0.029667969784206827 7.167929603616351
4.232191324234009 1.6580613888888889 1.6928765296936037 0.032049199184841726 7.646050692114481
4.239312171936035 1.6755146666666665 1.6957248687744142 0.017361863026937208 4.7097646770675645
4.2452497482299805 1.6755146666666665 1.6980998992919922 0.02021020210774771 5.280850670520666
4.25197958946228 1.6755146666666665 1.700791835784912 0.022585232625325746 5.757173988907872
4.259972810745239 1.6755146666666665 1.7039891242980958 0.025277169118245624 6.2972065347532
4.266862630844116 1.6755146666666665 1.7067450523376466 0.028474457631429306 6.938909442465169
4.273826837539673 1.6755146666666665 1.7095307350158693 0.031230385670980132 7.492214154703958
4.280649185180664 1.6755146666666665 1.7122596740722658 0.03401606834920279 8.051683793180972
4.287657976150513 1.6929679444444443 1.7150631904602052 0.01929172962782144 5.108112281901575
4.293745040893555 1.6929679444444443 1.717498016357422 0.02209524601576085 5.670339567923838
4.300588607788086 1.6929679444444443 1.7202354431152345 0.024530071912977736 6.158771532329816
4.307380437850952 1.6929679444444443 1.722952175140381 0.027267498670790147 6.70802751757502
4.314509630203247 1.6929679444444443 1.7258038520812988 0.029984230695936587 7.2533213265797665
4.3211822509765625 1.710421222222222 1.7284729003906252 0.015382629859076902 4.334045517861535
4.3282294273376465 1.710421222222222 1.7312917709350586 0.01805167816840325 4.869041537484163
4.3344645500183105 1.710421222222222 1.7337858200073244 0.020870548712836667 5.434264586428528
4.3411195278167725 1.710421222222222 1.736447811126709 0.02336459778510247 5.934456622496626
4.34818172454834 1.710421222222222 1.739272689819336 0.026026588904487058 6.468560661996311
4.354498386383057 1.710421222222222 1.7417993545532227 0.0288514675971141 7.035544369401962
4.361952304840088 1.710421222222222 1.7447809219360353 0.03137813233100073 7.542753733136967
4.369194507598877 1.710421222222222 1.7476778030395508 0.03435969971381336 8.141555772659895
4.375041723251343 1.710421222222222 1.750016689300537 0.037256580817328855 8.72359137325794
4.381634950637817 1.710421222222222 1.752653980255127 0.03959546707831518 9.193643453341279
4.391029357910156 1.7278745 1.7564117431640627 0.024779480255127107 6.232054924892713
4.397906064987183 1.7278745 1.759162425994873 0.028537243164062698 6.986258814957956
4.40397834777832 1.7278745 1.7615913391113283 0.03128792599487307 7.538514212396824
4.411717414855957 1.7278745 1.764686965942383 0.03371683911132828 8.026310133330439
4.419600009918213 1.7453277777777778 1.7678400039672852 0.019359188164605134 5.156257717479258
4.431569814682007 1.7453277777777778 1.7726279258728028 0.022512226189507434 5.788615931784643
4.439054727554321 1.7453277777777778 1.7756218910217285 0.027300148095025012 6.749105022964101
4.444939613342285 1.7453277777777778 1.777975845336914 0.030294113243950704 7.350116932098394
4.451726198196411 1.7453277777777778 1.7806904792785645 0.032648067559136296 7.822795158793718
4.459304571151733 1.7627810555555554 1.7837218284606935 0.017909423723009077 4.8762630847723445
4.466910362243652 1.7627810555555554 1.786764144897461 0.020940772905138072 5.484098172957075
4.473323583602905 1.7627810555555554 1.7893294334411622 0.023983089341905517 6.0943605190816115
4.480031251907349 1.7627810555555554 1.7920125007629395 0.026548377885606822 6.609074501196746
4.486914157867432 1.7627810555555554 1.7947656631469728 0.029231445207384077 7.147620139726815
4.49305534362793 1.7627810555555554 1.7972221374511719 0.03198460759141741 7.700420838836031
4.499800205230713 1.7627810555555554 1.7999200820922852 0.034441081895616454 8.193760829417727
4.506667375564575 1.7802343333333333 1.8026669502258301 0.019685748758951904 5.2440022191769575
4.513803243637085 1.7802343333333333 1.805521297454834 0.02243261689249687 5.794892317794925
4.5206098556518555 1.7802343333333333 1.8082439422607424 0.025286964121500777 6.36754016322448
4.527554988861084 1.7802343333333333 1.8110219955444338 0.028009608927409113 6.9139431078983336
4.533673286437988 1.7802343333333333 1.8134693145751954 0.03078766221110052 7.471551074056161
4.540544748306274 1.7802343333333333 1.8162178993225098 0.033234981241862194 7.96298886648297
4.547151327133179 1.7802343333333333 1.8188605308532715 0.035983565989176514 8.515048524620424
4.553342819213867 1.7976876111111109 1.821337127685547 0.021172919742160623 5.554295617172358
4.560039520263672 1.7976876111111109 1.824015808105469 0.023649516574436147 6.0510390391813855
4.56787371635437 1.7976876111111109 1.8271494865417481 0.026328196994358066 6.588511691544811
4.574032783508301 1.7976876111111109 1.8296131134033204 0.029461875430637274 7.217524713641755
4.5808351039886475 1.8151408888888887 1.832334041595459 0.014472224514431753 4.22047039191921
4.587808847427368 1.8151408888888887 1.8351235389709473 0.01719315270657029 4.765807486368053
4.5938873291015625 1.8151408888888887 1.837554931640625 0.019982650082058573 5.325079299368765
4.600718975067139 1.8151408888888887 1.8402875900268556 0.022414042751736307 5.812696806958075
4.607507228851318 1.8151408888888887 1.8430028915405274 0.02514670113796691 6.360919977904237
4.614582777023315 1.8151408888888887 1.8458331108093262 0.02786200265163874 6.905841797830267
4.62126612663269 1.8151408888888887 1.8485064506530762 0.030692221920437524 7.473945481671102
4.6281819343566895 1.8151408888888887 1.851272773742676 0.03336556176418748 8.010808385695688
4.63422155380249 1.8325941666666667 1.8536886215209962 0.018678607076009213 5.074689719038853
4.641050100326538 1.8325941666666667 1.8564200401306152 0.02109445485432948 5.559111220829579
4.648064851760864 1.8325941666666667 1.8592259407043459 0.023825873463948488 6.106997647740696
4.654191732406616 1.8325941666666667 1.8616766929626465 0.026631774037679135 6.670018866326692
4.660985231399536 1.8325941666666667 1.8643940925598146 0.029082526295979738 7.161920244848638
4.668751001358032 1.8325941666666667 1.867500400543213 0.03179992589314784 7.707527359928506
4.674748659133911 1.8500474444444444 1.8698994636535646 0.017452956098768624 4.839470406983586
4.681421279907227 1.8500474444444444 1.8725685119628908 0.019852019209120275 5.320451960343608
4.688521385192871 1.8500474444444444 1.8754085540771486 0.022521067518446403 5.855741279042496
4.694584846496582 1.8500474444444444 1.877833938598633 0.025361109632704215 6.425461966676436
4.701208591461182 1.8500474444444444 1.8804834365844727 0.027786494154188546 6.912188980255779
4.708521127700806 1.8500474444444444 1.8834084510803224 0.030435992140028345 7.444073086684503
4.715222120285034 1.8500474444444444 1.8860888481140137 0.03336100663587804 8.031400428856013
4.722162961959839 1.8500474444444444 1.8888651847839357 0.036041403669569316 8.569856299150286
4.729270935058594 1.8500474444444444 1.8917083740234375 0.03881774033949137 9.127754792816617
4.735199451446533 1.8500474444444444 1.8940797805786134 0.041660929578993144 9.699308793746198
4.741842269897461 1.8675007222222222 1.8967369079589844 0.026579058356391183 6.684483044208518
4.749191045761108 1.8675007222222222 1.8996764183044434 0.029236185736762232 7.217821072315783
4.755093097686768 1.8675007222222222 1.9020372390747071 0.03217569608222126 7.808055288377851
4.761821508407593 1.8675007222222222 1.9047286033630373 0.03453651685248493 8.282222316413778
4.770017862319946 1.8849539999999998 1.9080071449279785 0.01977460336303749 5.331149673550459
4.776861667633057 1.8849539999999998 1.9107446670532227 0.02305314492797872 5.988723485062418
4.782852411270142 1.8849539999999998 1.9131409645080568 0.02579066705322286 6.537965917666873
4.789687156677246 1.8849539999999998 1.9158748626708986 0.028186964508057022 7.01888471692578
4.796525955200195 1.8849539999999998 1.9186103820800782 0.030920862670898774 7.567744758411969
4.802574872970581 1.9024072777777776 1.9210299491882326 0.01620310430230054 4.6251914310794335
4.809556722640991 1.9024072777777776 1.9238226890563965 0.018622671410454927 5.110210144034191
4.8158628940582275 1.9024072777777776 1.926345157623291 0.0214154112786189 5.670230129011807
4.823286294937134 1.9024072777777776 1.9293145179748536 0.023937879845513432 6.176117435106137
4.836534023284912 1.9024072777777776 1.934613609313965 0.02690724019707602 6.771942031422107
4.842731714248657 1.9198605555555557 1.937092685699463 0.014753053758409296 4.342962424441509
4.849935531616211 1.9198605555555557 1.9399742126464845 0.017232130143907343 4.839827906082177
4.856859445571899 1.9198605555555557 1.9427437782287598 0.020113657090928827 5.417561194497942
4.86319637298584 1.9198605555555557 1.945278549194336 0.022883222673204084 5.973034447355989
4.871009111404419 1.9198605555555557 1.9484036445617676 0.02541799363878039 6.481572695741741
4.877886772155762 1.9198605555555557 1.9511547088623047 0.02854308900621194 7.108791755164676
4.883978366851807 1.9198605555555557 1.9535913467407227 0.031294153306749006 7.661124688986849
4.891000509262085 1.9373138333333333 1.956400203704834 0.016277513407389366 4.658771387510255
4.897910833358765 1.9373138333333333 1.959164333343506 0.019086370371500738 5.221862984536179
4.9039623737335205 1.9373138333333333 1.9615849494934083 0.021850500010172746 5.776175982646953
4.910776138305664 1.9373138333333333 1.9643104553222657 0.024271116160075046 6.261742701207671
4.917543411254883 1.9373138333333333 1.9670173645019533 0.02699662198893238 6.80865522575526
4.924595594406128 1.9373138333333333 1.9698382377624513 0.029703531168620012 7.35201679948437
4.9312520027160645 1.9373138333333333 1.9725008010864258 0.03252440442911797 7.918448066014608
4.938128471374512 1.9373138333333333 1.9752513885498049 0.03518696775309249 8.453265838672348
4.94419264793396 1.9373138333333333 1.9776770591735842 0.037937555216471575 9.005952478263524
4.9511353969573975 1.9547671111111111 1.9804541587829592 0.02290994806247304 6.00179653215833
4.958028078079224 1.9547671111111111 1.9832112312316896 0.02568704767184804 6.558973751897043
4.964122533798218 1.9547671111111111 1.9856490135192872 0.02844412012057851 7.112319371967867
4.971621036529541 1.9547671111111111 1.9886484146118164 0.03088190240817612 7.601725885090918
4.979072093963623 1.9547671111111111 1.9916288375854494 0.033881303500705284 8.20411123194263
4.984928846359253 1.9722203888888887 1.9939715385437013 0.019408448696560665 5.310966091773552
4.991577386856079 1.9722203888888887 1.9966309547424317 0.021751149654812618 5.780757532114718
5.000921249389648 1.9722203888888887 2.0003684997558593 0.024410565853542954 6.314238343311686
