0.020406007766723633 0.0 4.1640515297558524e-05 0.0 1.4321251726030946
0.028455495834350586 0.0 8.097152431787436e-05 4.1640515297558524e-05 1.4404617176304213
0.03712964057922363 0.0 0.00013786102095423303 8.097152431787436e-05 1.4483343526712653
0.04348134994506836 0.0 0.00018906277930454964 0.00013786102095423303 1.459723738926905
0.0503230094909668 0.0 0.00025324052842279343 0.00018906277930454964 1.4699759081926531
0.05786848068237305 0.0 0.0003348761056486183 0.00025324052842279343 1.4828285115697049
0.06399822235107422 0.0 0.0004095772464097536 0.0003348761056486183 1.4991805540752223
0.07115697860717773 0.0 0.000506331560450235 0.0004095772464097536 1.5141454458963501
0.0782773494720459 0.0 0.0006127343440368805 0.000506331560450235 1.5335309538075517
0.08654665946960449 0.0 0.0007490324265347682 0.0006127343440368805 1.5548545010813026
0.09281587600708008 0.0 0.0008614786838961664 0.0007490324265347682 1.5821752841287537
0.10005998611450195 0.0 0.0010012000821234325 0.0008614786838961664 1.6047176644851495
0.10730552673339844 0.0 0.0011514476067532088 0.0010012000821234325 1.6327333884476047
0.11350512504577637 0.0 0.001288341341165733 0.0011514476067532088 1.6628650948441472
0.12026286125183105 0.0 0.0014463155796477169 0.001288341341165733 1.6903223406893284
0.12769436836242676 0.0 0.0016305851711479137 0.0014463155796477169 1.7220133817456005
0.13551044464111328 0.0 0.0018363080606832228 0.0016305851711479137 1.7589867509961876
0.1419389247894287 0.0 0.00201466583703791 0.0018363080606832228 1.800272899131469
0.1492598056793213 0.0 0.002227848959142875 0.00201466583703791 1.836070570836068
0.15621042251586914 0.0 0.002440169610258636 0.002227848959142875 1.8788679456959885
0.16245365142822266 0.0 0.002639118886236247 0.002440169610258636 1.9214991810972957
0.16942214965820312 0.0 0.002870386479480658 0.002639118886236247 1.9614510402724148
0.17638802528381348 0.0 0.0031112735463523222 0.002870386479480658 2.007901584284132
0.1835927963256836 0.0 0.0033706314862683943 0.0031112735463523222 2.0562924909196534
0.19032812118530273 0.0 0.0036224793713927287 0.0033706314862683943 2.1084034937217244
0.19784760475158691 0.0 0.003914367470594016 0.0036224793713927287 2.159013316824782
0.2039790153503418 0.0 0.0041607438703294974 0.003914367470594016 2.217681235876876
0.21781659126281738 0.0 0.004744406742935326 0.0041607438703294974 2.2672073426804933
0.22399616241455078 0.0 0.005017428077644582 0.004744406742935326 2.3844993184540835
0.2313981056213379 0.0 0.005354508328514385 0.005017428077644582 2.4394085090297466
0.23948001861572266 0.0 0.0057350679316186875 0.005354508328514385 2.507215394661694
0.2466292381286621 0.0 0.0060825981099924325 0.0057350679316186875 2.5837847748103338
0.26846790313720703 0.0 0.007207501501488878 0.0060825981099924325 2.65371946190123
0.2857785224914551 0.0 0.00816693639173991 0.007207501501488878 2.880266395130669
0.3094794750213623 0.0 0.009577754545949802 0.00816693639173991 3.0735583777518807
0.32059311866760254 0.0 0.010277994773701948 0.009577754545949802 3.3574684405827524
0.3427119255065918 0.0 0.011745146388443574 0.010277994773701948 3.4986363240923843
0.36121296882629395 0.0 0.013047480884830522 0.011745146388443574 3.7946521561292053
0.3685314655303955 0.0 0.01358154410859811 0.013047480884830522 4.057517888302238
0.37552595138549805 0.0 0.014101974016398344 0.01358154410859811 4.165310315068785
0.38210344314575195 0.0 0.014600304126383891 0.014101974016398344 4.270367762782048
0.38998913764953613 0.0 0.015209152748462886 0.014600304126383891 4.370979219969532
0.3972513675689697 0.0 0.01578086490354167 0.015209152748462886 4.493932663024515
0.4034585952758789 0.0 0.016277883810198547 0.01578086490354167 4.6094042433261135
0.41023874282836914 0.0 0.01682958261174008 0.016277883810198547 4.709801392601267
0.41764140129089355 0.0 0.01744243400722212 0.01682958261174008 4.821264929632021
0.42375779151916504 0.0 0.017957066587320016 0.01744243400722212 4.945097718203244
0.43079066276550293 0.0 0.01855805951259413 0.017957066587320016 5.049104619848975
0.43882203102111816 0.0 0.01925647749094992 0.01855805951259413 5.170578636116008
0.44628190994262695 0.0 0.0199167543142039 0.01925647749094992 5.311788681380756
0.45261645317077637 0.0 0.02048616536808936 0.0199167543142039 5.44522463197604
0.45963430404663086 0.0 0.021126369345643072 0.02048616536808936 5.560383594182504
0.46671223640441895 0.0 0.021782031160961425 0.021126369345643072 5.68988449176165
0.47318339347839355 0.0 0.022390252386372822 0.021782031160961425 5.822535098808091
0.48006272315979004 0.0 0.023046021816759323 0.022390252386372822 5.945549406307153
0.48842763900756836 0.0 0.023856155854650753 0.023046021816759323 6.078264308180671
0.4955103397369385 0.0 0.02455304967862162 0.023856155854650753 6.2422615232622585
0.5019001960754395 0.0 0.025190380682056458 0.02455304967862162 6.3833531986767555
0.5092158317565918 0.0 0.025930076331155762 0.025190380682056458 6.512386446990114
0.516721248626709 0.0 0.026700084878234522 0.025930076331155762 6.662192481176106
0.5231776237487793 0.0 0.02737148259914193 0.026700084878234522 6.818169178893485
0.5300061702728271 0.0 0.028090654052726906 0.02737148259914193 6.954122021398895
0.5381958484649658 0.0 0.028965477130492447 0.028090654052726906 7.099844692361268
0.5452487468719482 0.0 0.02972961959654299 0.028965477130492447 7.276888676783202
0.5514342784881592 0.0 0.03040797634917567 0.02972961959654299 7.431782073438761
0.5584137439727783 0.0 0.031182590945769563 0.03040797634917567 7.569302347221296
0.5654289722442627 0.0 0.03197099226532032 0.031182590945769563 7.726369378943172
0.5720236301422119 0.0 0.032721103344107404 0.03197099226532032 7.886258713361424
0.5791621208190918 0.0 0.03354287621916683 0.032721103344107404 8.038403902049042
0.5861001014709473 0.0 0.03435133289442547 0.03354287621916683 8.205033613258873
0.5934100151062012 0.0 0.03521354460283419 0.03435133289442547 8.36906638626102
0.6002070903778076 0.0 0.03602485513397937 0.03521354460283419 8.544047294408513
0.6076288223266602 0.0 0.036921278572208394 0.03602485513397937 8.70871947257096
0.6202986240386963 0.01745327777777778 0.038477038298429994 0.019468000794430614 5.3987426891239965
0.6291680335998535 0.01745327777777778 0.03958524145039064 0.021023760520652215 5.71253539621884
0.6363959312438965 0.01745327777777778 0.040499978130378624 0.022131963672612862 5.936060959144027
0.643822431564331 0.01745327777777778 0.041450732338540776 0.023046700352600844 6.120650404631153
0.6512508392333984 0.01745327777777778 0.04241276556022058 0.023997454560762996 6.312558586258095
0.6583437919616699 0.01745327777777778 0.04334165484144706 0.024959487782442804 6.506792961029785
0.6655018329620361 0.01745327777777778 0.044289268967582986 0.02588837706366928 6.694380650306403
0.6719756126403809 0.01745327777777778 0.04515512239834152 0.026835991189805206 6.885795870818767
0.6792163848876953 0.03490655555555556 0.046133489749990986 0.01024856684278596 3.568956536138724
0.6863884925842285 0.03490655555555556 0.047112916275204954 0.011226934194435427 3.7654295931896953
0.6938040256500244 0.03490655555555556 0.048136402600817974 0.012206360719649395 3.9621775174849105
0.7010750770568848 0.03490655555555556 0.04915062636703169 0.013229847045262415 4.167841999170253
0.7082934379577637 0.03490655555555556 0.05016795942540284 0.014244070811476134 4.371678976669748
0.7153995037078857 0.03490655555555556 0.051179644990548924 0.015261403869847284 4.576230765071784
0.721808910369873 0.03490655555555556 0.05210081030893435 0.016273089434993365 4.779706873001091
0.728771448135376 0.03490655555555556 0.053110782361733305 0.01719425475337879 4.965024440828329
0.7361276149749756 0.05235983333333333 0.05418838655287459 0.0007509490283999776 1.6764148092790059
0.7434914112091064 0.05235983333333333 0.05527794785417087 0.0018285532195412638 1.8920680576005322
0.7506935596466064 0.05235983333333333 0.05635408204948931 0.002918114520837539 2.110192168472331
0.758063554763794 0.05235983333333333 0.05746603530611197 0.003994248716155981 2.325695670633644
0.7653100490570068 0.05235983333333333 0.05856994711876382 0.00510620197277864 2.548457511309615
0.771683931350708 0.03490655555555556 0.059549608990488424 0.023663391563208264 6.261584356306503
0.7812411785125732 0.03490655555555556 0.061033777900371435 0.024643053434932866 6.459040094454956
0.7883119583129883 0.03490655555555556 0.06214357436192586 0.026127222344815876 6.758342639010451
0.7963581085205078 0.03490655555555556 0.0634186237006361 0.0272370188063703 6.982199358051737
0.8026671409606934 0.03490655555555556 0.06442745391780136 0.02851206814508054 7.2394725555593205
0.8100075721740723 0.05235983333333333 0.0656112266979335 0.01206762058446803 3.951332136896752
0.8174538612365723 0.05235983333333333 0.06682308152505811 0.01325139336460017 4.189045627448198
0.8236870765686035 0.05235983333333333 0.06784604001061326 0.014463248191724787 4.432467085142906
0.8307232856750488 0.05235983333333333 0.06901011773627488 0.015486206677279929 4.638007862107563
0.8381197452545166 0.05235983333333333 0.07024447073854959 0.016650284402941556 4.87194839105054
0.846278190612793 0.05235983333333333 0.07161867759068628 0.017884637405216258 5.120123571434386
0.8526124954223633 0.05235983333333333 0.07269480673503495 0.019258844257352956 5.396515593482149
0.8596856594085693 0.05235983333333333 0.07390594329927468 0.020334973401701623 5.613008169314047
0.8672456741333008 0.05235983333333333 0.07521150593029234 0.02154610996594135 5.856737179303244
0.8735575675964355 0.05235983333333333 0.07631028239050011 0.022851672596959013 6.119553050548222
0.8807001113891602 0.05235983333333333 0.07756326862008792 0.023950449057166784 6.340795115704223
0.8881053924560547 0.05235983333333333 0.0788731188109523 0.02520343528675459 6.5931233648116
0.8961248397827148 0.05235983333333333 0.08030397284755963 0.02651328547761897 6.857029415239007
0.9025232791900635 0.05235983333333333 0.08145482694799853 0.027944139514226307 7.145410607684356
0.9096002578735352 0.05235983333333333 0.08273726291236017 0.029094993614665207 7.377413710699978
0.9167535305023193 0.05235983333333333 0.0840437035688467 0.030377429579026838 7.636018550894627
0.923229455947876 0.05235983333333333 0.0852352628329811 0.031683870235513376 7.899539727026148
0.930229663848877 0.05235983333333333 0.08653272275043947 0.03287542949964778 8.139942474927237
0.9378011226654053 0.05235983333333333 0.08794709456724946 0.03417288941710614 8.401791190308822
0.945580244064331 0.05235983333333333 0.089412199796476 0.03558726123391613 8.687322271743131
0.9520604610443115 0.05235983333333333 0.09064191214839071 0.037052366463142666 8.983186619998044
0.9592306613922119 0.05235983333333333 0.09201234617549403 0.03828207881505738 9.231571609357127
0.9663574695587158 0.05235983333333333 0.09338467589719245 0.0396525128421607 9.508458280548927
0.9726512432098389 0.05235983333333333 0.09460504409176451 0.04102484256385912 9.785805341189576
0.9797825813293457 0.05235983333333333 0.0959973906676396 0.042245210758431184 10.032492473853512
0.9873058795928955 0.05235983333333333 0.09747728998787011 0.04363755733430627 10.314028265289839
0.9952526092529297 0.05235983333333333 0.09905277562247648 0.045117456654536786 10.613355550346991
1.0016703605651855 0.05235983333333333 0.10033435112347888 0.046692942289143155 10.931326968394906
1.0091259479522705 0.05235983333333333 0.10183351788305686 0.047974517790145554 11.190623616321147
1.0219528675079346 0.05235983333333333 0.10443876634076901 0.049473684549723534 11.493974016243325
1.02931809425354 0.06981311111111112 0.10594957391577396 0.034625655229657895 8.528750118295578
1.036574363708496 0.06981311111111112 0.10744864114976736 0.036136462804662844 8.833536032466235
1.043180227279663 0.06981311111111112 0.10882249865872495 0.037635530038656245 9.136041292413486
1.051361083984375 0.08726638888888888 0.11053601289168001 0.021556109769836074 5.921507764153877
1.0584356784820557 0.08726638888888888 0.11202860854837696 0.02326962400279113 6.266090242886991
1.0655522346496582 0.08726638888888888 0.11354015647668803 0.024762219659488077 6.5663356375178425
1.0720033645629883 0.08726638888888888 0.11491912136343672 0.026273767587799146 6.870486884554819
1.0792274475097656 0.10471966666666666 0.1164731883458444 0.010199454696770069 3.6562710031506795
1.0862700939178467 0.10471966666666666 0.11799827169402875 0.011753521679177745 3.967919892836486
1.092625617980957 0.10471966666666666 0.11938307410682683 0.013278605027362098 4.273858051131621
1.100426197052002 0.10471966666666666 0.12109378151583315 0.014663407440160175 4.551734982672132
1.108229160308838 0.12217294444444445 0.12281718717588319 -0.0010791629286112936 1.4031378343180019
1.1153230667114258 0.12217294444444445 0.12439455431385796 0.0006442427314387461 1.7478685712660684
1.1217889785766602 0.12217294444444445 0.12584105124560666 0.002221609869413513 2.06349728841121
1.1287992000579834 0.12217294444444445 0.12741876340515432 0.0036681068011622103 2.3530299770803205
1.136281967163086 0.12217294444444445 0.12911367089000123 0.005245818960709872 2.66893471196945
1.1426329612731934 0.12217294444444445 0.1305610084187947 0.00694072644555678 3.0084279718107063
1.1503689289093018 0.12217294444444445 0.1323348672599934 0.008388063974350254 3.2984194635851782
1.1579322814941406 0.12217294444444445 0.13408071685262257 0.010161922815548965 3.6539669368829837
1.1645448207855225 0.12217294444444445 0.13561646396183846 0.011907772408178127 4.004024876909297
1.171680212020874 0.12217294444444445 0.13728345192412802 0.013443519517394018 4.311994024770565
1.1786868572235107 0.12217294444444445 0.13893027073914369 0.01511050747968358 4.646439765156271
1.186009407043457 0.12217294444444445 0.14066183135955726 0.01675732629469924 4.976960395044086
1.192368507385254 0.12217294444444445 0.14217426574041384 0.018488886915112815 5.32457039428664
1.200124979019165 0.12217294444444445 0.14402999652657514 0.02000132129596939 5.628307715459135
1.2076513767242432 0.12217294444444445 0.14584218477039598 0.021857052082130693 6.00112555021821
1.2137925624847412 0.12217294444444445 0.14732923847432744 0.023669240325951538 6.365307056520011
1.2208318710327148 0.12217294444444445 0.14904304573292393 0.025156294029882995 6.664237201709653
1.228398084640503 0.12217294444444445 0.15089618543484562 0.026870101288479484 7.0088623192876565
1.2355155944824219 0.12217294444444445 0.15264987842092526 0.028723240990401175 7.381633115635299
1.2420017719268799 0.12217294444444445 0.15425684014695096 0.03047693397648081 7.734508649399731
1.2512073516845703 0.12217294444444445 0.1565519836909516 0.03208389570250651 8.057947514231548
1.2583117485046387 0.12217294444444445 0.15833484564248013 0.03437903924650716 8.520102898711594
1.2654101848602295 0.12217294444444445 0.16012629359480002 0.03616190119803568 8.879206955932188
1.2721285820007324 0.12217294444444445 0.16183111291431942 0.03795334915035557 9.240150283155668
1.2792718410491943 0.13962622222222223 0.1636536443301395 0.02220489069209719 6.091927533912633
1.2865066528320312 0.13962622222222223 0.16550993677810766 0.02402742210791728 6.458124551310728
1.2928202152252197 0.13962622222222223 0.16713841088949835 0.025883714555885423 6.831228587549304
1.3011388778686523 0.13962622222222223 0.1692962379501296 0.027512188667276116 7.158632728285238
1.3083338737487793 0.13962622222222223 0.17117375251984868 0.029670015727907367 7.592567608258411
1.3154678344726562 0.1570795 0.173045562353218 0.014094252519848666 4.478414161265558
1.3219258785247803 0.1570795 0.17474880283135122 0.015966062353217986 4.853898239226654
1.32883620262146 0.1570795 0.1765805653397422 0.017669302831351208 5.19565587316519
1.3361294269561768 0.1570795 0.17852418455782415 0.01950106533974219 5.563335690205647
1.3424732685089111 0.1570795 0.1802234476660999 0.02144468455782414 5.953600790764775
1.3504340648651123 0.1570795 0.18236721635481104 0.023143947666099896 6.294897293642124
1.3668246269226074 0.17453277777777776 0.18682095607621252 0.007834438577033281 3.2336108848401586
1.3734252452850342 0.17453277777777776 0.18862969043862565 0.01228817829843476 4.126359893311653
1.3803901672363281 0.17453277777777776 0.1905477013802738 0.014096912660847893 4.489022192072736
1.3881275653839111 0.17453277777777776 0.19268981377786645 0.01601492360249604 4.873723236103706
1.395353078842163 0.17453277777777776 0.19470102146343038 0.018157036000088694 5.303531377141591
1.4125924110412598 0.17453277777777776 0.19954173197313596 0.02016824368565262 5.7072093045956045
1.4352707862854004 0.17453277777777776 0.20600022299643117 0.025008954195358202 6.679636428540967
1.450131893157959 0.17453277777777776 0.21028825075538862 0.03146744521865341 7.978436202285277
1.4635570049285889 0.17453277777777776 0.21419991066755417 0.035755472977610864 8.841317392658741
1.470728874206543 0.17453277777777776 0.21630434214248453 0.03966713288977641 9.62893226837575
1.4782006740570068 0.17453277777777776 0.21850772327825896 0.041771564364706776 10.05269794327542
1.4852828979492188 0.17453277777777776 0.22060652869404296 0.0439749455004812 10.496614492699836
1.4916656017303467 0.17453277777777776 0.22250662673855573 0.0460737509162652 10.91959050846063
1.498702049255371 0.17453277777777776 0.2246107832442249 0.04797384896077797 11.302576983065322
1.5111198425292969 0.17453277777777776 0.2283483178485767 0.05007800546644714 11.72688029862387
1.5235440731048584 0.19198605555555553 0.23211865426929423 0.03636226229302117 8.988201713334455
1.5366790294647217 0.19198605555555553 0.2361382439596639 0.0401325987137387 9.747213350357326
1.5436897277832031 0.19198605555555553 0.23829779756633798 0.04415218840410837 10.556883920553078
1.5507769584655762 0.2094393333333333 0.24049091749077434 0.02885846423300467 7.500133162132284
1.5586109161376953 0.2094393333333333 0.2429267987903586 0.031051584157441026 7.9409061695628
1.566685676574707 0.2094393333333333 0.24545040091843476 0.0334874654570253 8.43067109280142
1.5732266902923584 0.2268926111111111 0.24750422190482482 0.01855778980732367 5.446214859298524
1.5801527500152588 0.2268926111111111 0.2496882713380785 0.020611610793713736 5.858304364736116
1.5878715515136719 0.2268926111111111 0.2521336064106436 0.022795660226967412 6.296669885367308
1.5940349102020264 0.2268926111111111 0.25409472949427825 0.025240995299532498 6.7876593251381125
1.6012427806854248 0.2268926111111111 0.2563978442697192 0.027202118383167162 7.1815317104143945
1.6083807945251465 0.2443458888888889 0.25868887801973417 0.012051955380830287 4.152355185011347
1.6164374351501465 0.2443458888888889 0.2612869981754784 0.01434298913084528 4.61157089834725
1.6228010654449463 0.2443458888888889 0.2633483298009253 0.016941109286589512 5.132542001467553
1.62994384765625 0.2443458888888889 0.26567169465124607 0.019002440912036428 5.545997501373686
1.6372780799865723 0.26179916666666664 0.2680679511204517 0.0038725279845794325 2.5202873581176832
1.643629550933838 0.26179916666666664 0.270151810070297 0.006268784453785037 2.9999917981204898
1.6508095264434814 0.26179916666666664 0.27251720925965517 0.008352643403630344 3.417285202137249
1.6583237648010254 0.26179916666666664 0.2750037708903847 0.01071804259298853 3.8911228125381365
1.6654713153839111 0.26179916666666664 0.27737947023666154 0.013204604223718053 4.389413637867404
1.6727683544158936 0.26179916666666664 0.2798153967535257 0.015580303569994902 4.865650698519837
1.6799566745758057 0.26179916666666664 0.28222544284518 0.018016230086859042 5.354132268905168
1.6872813701629639 0.26179916666666664 0.2846918422099009 0.020426276178513336 5.8375889984485045
1.6936352252960205 0.26179916666666664 0.28684002763635025 0.022892675543234264 6.3325218385567945
1.7006902694702148 0.26179916666666664 0.2892347392670672 0.02504086096968361 6.763724073180573
1.7082536220550537 0.26179916666666664 0.29181304372642103 0.027435572600400582 7.244525982924624
1.7153856754302979 0.26179916666666664 0.29425480154714595 0.03001387705975439 7.762425444331739
1.7227840423583984 0.26179916666666664 0.2967984856604744 0.03245563488047931 8.253056785800561
1.7299659252166748 0.26179916666666664 0.2992782102410786 0.03499931899380776 8.764347188654641
1.7372925281524658 0.26179916666666664 0.30181853283743865 0.03747904357441195 9.262945918412061
1.7435693740844727 0.26179916666666664 0.304003416224532 0.04001936617077201 9.773900801995792
1.7504186630249023 0.26179916666666664 0.3063965495865887 0.042204249557865336 10.213482703607323
1.7579960823059082 0.26179916666666664 0.30905502254029216 0.044597382919922046 10.695118790044884
1.7651267051696777 0.26179916666666664 0.31156722853031626 0.04725585587362552 11.230344694421039
1.7726035118103027 0.26179916666666664 0.31421232100822183 0.049768061863649626 11.73601085216505
1.779723882675171 0.26179916666666664 0.31674170985643857 0.05241315434155519 12.268893194363482
1.7872881889343262 0.27925244444444447 0.31943990703041436 0.0374892654119941 9.286746259810958
1.793586015701294 0.27925244444444447 0.3216950795719242 0.04018746258596989 9.829382959956016
1.8004488945007324 0.27925244444444447 0.32416162217089095 0.042442635127479755 10.283046413753144
1.8080482482910156 0.2967057222222222 0.32690384681482104 0.02745589994866876 7.287555822641939
1.8199219703674316 0.2967057222222222 0.3312115978226075 0.03019812459259885 7.838263142683035
1.8293161392211914 0.2967057222222222 0.33463975372151256 0.034505875600385316 8.70387139851045
1.8366138935089111 0.314159 0.3373150593829962 0.020480753721512535 5.9007493388376435
1.8431782722473145 0.314159 0.3397306143284595 0.023156059382996197 6.437475830944461
1.8502097129821777 0.314159 0.3423275982013593 0.025571614328459502 6.922177278675759
1.8577520847320557 0.314159 0.3451242808326299 0.028168598201359252 7.443525765941127
1.8639357089996338 0.33161227777777774 0.34742563272839677 0.013512003054852173 4.513211558625155
1.872265338897705 0.33161227777777774 0.35053774992377384 0.01581335495061903 4.974442923449418
1.8824925422668457 0.33161227777777774 0.3543778171690292 0.018925472145996103 5.598407453908944
1.8979542255401611 0.33161227777777774 0.3602230242245753 0.022765539391251477 6.36871172965152
1.9134671688079834 0.3490655555555555 0.366135660610604 0.011157468669019788 4.048697052288785
1.9217612743377686 0.3490655555555555 0.36931663955443245 0.017070105055048468 5.233853968876696
1.9287798404693604 0.3490655555555555 0.37201916730010115 0.02025108399887693 5.871707435452422
1.9361226558685303 0.3490655555555555 0.37485709385674115 0.022953611744545632 6.41380019333743
1.9424571990966797 0.3490655555555555 0.3773139970322518 0.025791538301185635 6.983251350933781
1.9497346878051758 0.36651883333333335 0.3801465352830746 0.010795163698918475 3.98464911037774
1.9570896625518799 0.36651883333333335 0.38301999472674314 0.013627701949741278 4.552134446421459
1.9634530544281006 0.36651883333333335 0.3855147896943038 0.01650116139340979 5.12798518823306
1.9715147018432617 0.36651883333333335 0.38868702195841254 0.018995956360970456 5.628132905468143
1.9786453247070312 0.36651883333333335 0.3915037320984993 0.022168188625079188 6.264342748462101
1.9857783317565918 0.36651883333333335 0.3943315582873993 0.024984898765165964 6.8294403834559825
1.992386817932129 0.36651883333333335 0.39696052322697145 0.027812724954065948 7.396960460779431
1.9994010925292969 0.36651883333333335 0.39976047288073463 0.030441689893638102 7.924731507071035
2.0066945552825928 0.36651883333333335 0.4026823038200803 0.03324163954740128 8.487018225834468
2.0132837295532227 0.36651883333333335 0.4053311375683734 0.03616347048674695 9.073984735727016
2.0202174186706543 0.38397211111111107 0.4081278418700322 0.021359026457262342 6.114480703099874
2.0284578800201416 0.38397211111111107 0.41146413710158075 0.024155730758921135 6.675472142987979
2.0355944633483887 0.38397211111111107 0.41436448192146147 0.027492025990469682 7.344968080975013
2.0421016216278076 0.38397211111111107 0.41701790330549215 0.0303923708103504 7.927174356336842
2.049422264099121 0.38397211111111107 0.42001316165851676 0.033045792194381085 8.459974702666686
2.0565826892852783 0.40142538888888885 0.4229532357867868 0.01858777276962792 5.569712417287889
2.0631890296936035 0.40142538888888885 0.42567489722480334 0.02152784689789794 6.159246401334999
2.070233106613159 0.40142538888888885 0.42858651157171723 0.024249508335914494 6.705097439926498
2.078580856323242 0.40142538888888885 0.4320498376273463 0.027161122682828387 7.289306167403418
2.0857698917388916 0.40142538888888885 0.4350436041284468 0.030624448738457433 7.984495047405391
2.092362880706787 0.40142538888888885 0.4377982424559605 0.033618215239557936 8.585630066418032
2.1017906665802 0.4188786666666666 0.44175240061236426 0.018919575789293874 5.647129559161571
2.1088225841522217 0.4188786666666666 0.44471326914304543 0.02287373394569764 6.440094226950451
2.1161231994628906 0.4188786666666666 0.4477977395305061 0.02583460247637881 7.034057684244818
2.123363494873047 0.4188786666666666 0.450867253135948 0.02891907286383949 7.653031522559882
2.1303789615631104 0.43633194444444445 0.45385145198707166 0.014535308691503546 4.7773153887217035
2.138030767440796 0.43633194444444445 0.4571175562523479 0.01751950754262721 5.375366189625623
2.145148277282715 0.43633194444444445 0.46016611315289996 0.020785611807903448 6.030155861042637
2.151421546936035 0.43633194444444445 0.4628614672620643 0.023834168708455505 6.641404246089329
2.1585447788238525 0.43633194444444445 0.46593155621877147 0.026529522817619833 7.182111126341423
2.1659836769104004 0.43633194444444445 0.4691485288642298 0.029599611774327017 7.798207091719673
2.172377586364746 0.43633194444444445 0.471922437773992 0.032816584419785355 8.443946889818985
2.1803982257843018 0.4537852222222222 0.4754136423003331 0.018137215551769836 5.509214372054375
2.1881461143493652 0.4537852222222222 0.47879834177422254 0.021628420078110944 6.209167325793603
2.1952691078186035 0.4537852222222222 0.4819206455742688 0.025013119552000362 6.888018611578817
2.2016360759735107 0.4537852222222222 0.48472014110280387 0.028135423352046607 7.514450050077838
2.2086691856384277 0.4537852222222222 0.48782195715887156 0.030934918880581697 8.076260063561872
2.2199604511260986 0.47123849999999995 0.49282244045639917 0.016583457158871606 5.207117248279829
2.2296805381774902 0.47123849999999995 0.49714753023274627 0.02158394045639922 6.209628879951599
2.2372636795043945 0.47123849999999995 0.5005348771629542 0.025909030232746322 7.077138530034984
2.243541717529297 0.47123849999999995 0.5033479438294307 0.029296377162954246 7.756798628941775
2.2519681453704834 0.47123849999999995 0.5071360527763374 0.03210944382943076 8.32139412118319
2.2591910362243652 0.4886917777777778 0.5103944138156521 0.018444274998559662 5.589882930810701
2.266256093978882 0.4886917777777778 0.5135916683496419 0.021702636037874312 6.243047565381948
2.2725868225097656 0.4886917777777778 0.5164650865845033 0.02489989057186409 6.884231780268749
2.2806272506713867 0.4886917777777778 0.5201260656504928 0.027773308806725516 7.460644677098667
2.2880616188049316 0.4886917777777778 0.5235225971448244 0.03143428787271502 8.195295844365528
2.2952122688293457 0.5061450555555556 0.5267999358984753 0.017377541589268852 5.385220516911722
2.301475763320923 0.5061450555555556 0.5296790689153624 0.020654880342919735 6.042029604919265
2.3087682723999023 0.5061450555555556 0.533041093564043 0.02353401335980687 6.619306301187599
2.3160738945007324 0.5061450555555556 0.536419828478779 0.02689603800848739 7.293645373747905
2.322443723678589 0.5061450555555556 0.539374484965407 0.030274772923223447 7.971511148476515
2.3304154872894287 0.5061450555555556 0.5430836343398425 0.03322942940985141 8.564525274560312
2.3380045890808105 0.5235983333333333 0.546626545856293 0.019485301006509248 5.817232939698528
2.3445591926574707 0.5235983333333333 0.5496957807874651 0.023028212522959723 6.527538335596645
2.351440906524658 0.5235983333333333 0.5529274336877507 0.026097447454131784 7.143063364386845
2.3594892024993896 0.5235983333333333 0.5567189296711206 0.02932910035441738 7.791381591685495
2.367102861404419 0.5235983333333333 0.5603175956468988 0.0331205963377873 8.552311371230441
2.373417377471924 0.5410516111111111 0.5633110047685704 0.01926598453578765 5.782789804536459
2.381401538848877 0.5410516111111111 0.5671073289231799 0.022259393657459325 6.382854169249772
2.3885247707366943 0.5410516111111111 0.5705050580422778 0.026055717812068835 7.144171810828935
2.395667314529419 0.5410516111111111 0.5739221881904598 0.029453446931166694 7.825786178526709
2.4022154808044434 0.5410516111111111 0.5770639216216523 0.032870577079348706 8.511524737222658
2.4092841148376465 0.5585048888888889 0.5804649946009022 0.01855903273276338 5.650399506777743
2.4163811206817627 0.5585048888888889 0.5838897720387252 0.021960105712013234 6.3321439209928085
2.4226937294006348 0.5585048888888889 0.5869444906477156 0.025384883149836224 7.018874405918157
2.4311273097991943 0.5585048888888889 0.5910379996451468 0.02843960175882665 7.631584455635767
2.438431739807129 0.5585048888888889 0.5945949349698821 0.032533110756257866 8.452922999065816
2.445685863494873 0.5759581666666667 0.5981379342898663 0.01863676830321548 5.674996489573381
2.4522335529327393 0.5759581666666667 0.6013449398129126 0.02217976762319962 6.385182404009859
2.4592840671539307 0.5759581666666667 0.6048078122957179 0.025386773146245933 7.028202902720092
2.4663515090942383 0.5759581666666667 0.6082889766411427 0.028849645629051235 7.72278090803465
2.4726507663726807 0.5759581666666667 0.6114001812443406 0.032330809974476016 8.42126451364334
2.4806230068206787 0.5759581666666667 0.6153490501968065 0.03544201457767393 9.04570176731673
2.488276958465576 0.5934114444444444 0.6191522222030699 0.021937605752362144 6.346514107045821
2.4953954219818115 0.5934114444444444 0.6226998312047783 0.025740777758625488 7.10909242828022
2.5017998218536377 0.5934114444444444 0.6259002348626894 0.029288386760333962 7.8206679680337645
2.5088272094726562 0.5934114444444444 0.6294213966990356 0.03248879041824504 8.462796336541453
2.516139030456543 0.6108647222222222 0.6330955620586792 0.018556674476813417 5.677657288547986
2.522461175918579 0.6108647222222222 0.6362810384016542 0.022230839836457017 6.414092624614585
2.530364751815796 0.6108647222222222 0.6402745777231815 0.025416316179431964 7.052768814079415
2.537936210632324 0.6108647222222222 0.6441120209238762 0.029409855500959314 7.853769905876643
2.544517993927002 0.6108647222222222 0.6474571821418295 0.03324729870165399 8.623741053007771
2.5514838695526123 0.628318 0.6510069936587173 0.019139182141829414 5.803283713709806
2.558568239212036 0.628318 0.6546271434704579 0.022688993658717238 6.514802810654323
2.5657289028167725 0.628318 0.6582964802749359 0.026309143470457874 7.24066995147856
2.5724306106567383 0.628318 0.66173992466438 0.02997848027493588 7.976652450348844
2.58017897605896 0.6457712777777778 0.6657323548496663 0.015968646886602267 5.175739231037434
2.587716579437256 0.6457712777777778 0.6696277095494452 0.019961077071888544 5.975742133370818
2.5939035415649414 0.6457712777777778 0.6728335582943146 0.023856431771667408 6.756586420775361
2.646754264831543 0.6632245555555555 0.7005308138403962 0.009609002738759087 3.907685108037906
2.6682655811309814 0.6632245555555555 0.7119641211448254 0.03730625828484069 9.466813264033812
2.688457727432251 0.6806778333333333 0.7227804952190184 0.03128628781149212 8.269516664848494
2.7025015354156494 0.6806778333333333 0.7303514548923943 0.04210266188568512 10.441248341799486
2.725186586380005 0.6806778333333333 0.7426641930585505 0.049673621559060965 11.962364590095445
2.7432451248168945 0.698131111111111 0.752539381483166 0.044533081947439435 10.944030726570295
2.768375873565674 0.7155843888888889 0.7663904977340508 0.03695499259427715 9.43503325861617
2.7813503742218018 0.7504909444444444 0.7735909904183758 0.01589955328960635 5.22792371284142
2.78975510597229 0.7504909444444444 0.7782733551298464 0.023100045973931338 6.670995187485065
2.797312021255493 0.7504909444444444 0.7824954544260493 0.027782410685401993 7.609774220677738
2.8035926818847656 0.7679442222222221 0.7860131925917813 0.014551232203827147 4.964622675645961
2.8104004859924316 0.7679442222222221 0.7898350891666497 0.018068970369559123 5.66928654903447
2.8180041313171387 0.7679442222222221 0.7941147284120462 0.021890866944427545 6.435132664994936
2.8251423835754395 0.7679442222222221 0.7981429487474316 0.026170506189824083 7.293023658939876
2.831794023513794 0.7853975 0.8019057391608442 0.012745448747431665 4.6088377081575675
2.8398284912109375 0.7853975 0.8064625859493391 0.016508239160844207 5.36247658099586
2.8473384380340576 0.7853975 0.8107336180706227 0.02106508594933909 6.275516257843147
2.8536267280578613 0.7853975 0.8143185503086215 0.02533611807062275 7.13159847001236
2.8631134033203125 0.7853975 0.8197418360272423 0.028921050308621576 7.85037321774429
2.871978759765625 0.7853975 0.8248261996544898 0.034344336027242295 8.938172140960404
2.879153251647949 0.8028507777777777 0.828952344647496 0.021975421876712087 6.466300206170218
2.8871991634368896 0.8028507777777777 0.8335919009350676 0.026101566869718318 7.293309259862229
2.893531322479248 0.8028507777777777 0.8372523514168506 0.03074112315728994 8.223655882195771
2.900362968444824 0.8028507777777777 0.8412105348726073 0.034401573639072924 8.957887514043636
2.9081287384033203 0.8203040555555555 0.8457212759127288 0.020906479317051807 6.260275124055403
2.915224313735962 0.8203040555555555 0.849853279939731 0.02541722035717331 7.164370390018461
2.921459436416626 0.8203040555555555 0.8534925238627751 0.02954922438417551 7.9928294167361535
2.9286108016967773 0.8203040555555555 0.8576761227815042 0.033188468307219554 8.722712885225892
2.9366767406463623 0.8203040555555555 0.8624070279053342 0.03737206722594866 9.562067859192085
2.943272590637207 0.8377573333333332 0.8662853542796256 0.024649694572000946 7.019555170234234
2.950138807296753 0.8377573333333332 0.8703318982318309 0.028528020946292365 7.797072183474531
2.957847833633423 0.8377573333333332 0.8748863806929933 0.03257456489849764 8.608583908021805
2.964031457901001 0.8377573333333332 0.8785482483426734 0.03712904735966005 9.522304623598526
2.97145414352417 0.855210611111111 0.8829539727066958 0.023337637231562458 6.765441561470159
2.978576183319092 0.855210611111111 0.8871916079835729 0.02774336159558488 7.648617625022566
2.9867029190063477 0.855210611111111 0.8920394326401038 0.03198099687246192 8.498388525326627
2.9932851791381836 0.855210611111111 0.8959756163648308 0.036828821528992806 9.47090630992908
3.000227451324463 0.855210611111111 0.9001364759680883 0.040765005253719844 10.260783452179327
3.0078322887420654 0.8726638888888889 0.9047055077199332 0.027472587079199418 7.604178677654382
3.0140161514282227 0.8726638888888889 0.9084293361070195 0.03204161883104428 8.520387516900216
3.0281763076782227 0.8726638888888889 0.9169851750383714 0.035765447218130575 9.267328469544388
3.0353219509124756 0.8901171666666666 0.9213179345691117 0.026868008371704777 7.491617514971723
3.042780876159668 0.8901171666666666 0.9258515460322997 0.03120076790244508 8.360365069945926
3.050023317337036 0.8901171666666666 0.9302642236299619 0.03573437936563306 9.269715872753956
3.057603120803833 0.9075704444444443 0.9348936844349339 0.022693779185517515 6.663215126661819
3.0637755393981934 0.9075704444444443 0.9386720555814692 0.02732323999048958 7.5911115632757085
3.070836067199707 0.9075704444444443 0.9430034151614564 0.03110161113702481 8.348673258083304
3.0781924724578857 0.9250237222222222 0.9475268897496392 0.017979692939234182 5.725540389762984
3.085336923599243 0.9250237222222222 0.9519303932124843 0.02250316752741699 6.631866963881393
3.09281063079834 0.9250237222222222 0.9565477597979225 0.026906670990262116 7.514462149094929
3.099954605102539 0.9250237222222222 0.9609718553696439 0.031524037575700325 8.440258711053477
3.1072797775268555 0.9250237222222222 0.9655187615827345 0.035948133147421735 9.327607896872102
3.1135923862457275 0.9424769999999999 0.9694457547687364 0.023041761582734632 6.747997755352933
3.1204452514648438 0.9424769999999999 0.9737178567389493 0.026968754768736503 7.535069954481867
3.128026247024536 0.9424769999999999 0.9784548202074405 0.031240856738949385 8.39159928869117
3.1351280212402344 0.9424769999999999 0.9829027709565707 0.03597782020744056 9.341682832217906
3.1424949169158936 0.9599302777777778 0.987527430284223 0.022972493178792908 6.742099302326286
3.149738073348999 0.9599302777777778 0.9920849930704265 0.027597152506445122 7.669034678555575
3.1571390628814697 0.9599302777777778 0.9967527062372086 0.03215471529264868 8.582842980463706
3.163477897644043 0.9599302777777778 1.0007592408882375 0.036822428459430734 9.51898090646013
3.1704440116882324 0.9773835555555556 1.0051715231249774 0.023375685332681972 6.831090285356107
3.178009271621704 0.9773835555555556 1.0099742930513516 0.027787967569421812 7.715452859715708
3.1851327419281006 0.9773835555555556 1.014507058370242 0.032590737495795996 8.678438929273465
3.192490577697754 0.9773835555555556 1.019199608868894 0.03712350281468646 9.587392189006186
3.1996021270751953 0.9948368333333333 1.0237453771584115 0.024362775535560655 7.037013516283694
3.207185983657837 0.9948368333333333 1.0286041933771288 0.028908543825078237 7.948193106826318
3.2135446071624756 0.9948368333333333 1.032686894222303 0.03376736004379555 8.922400804650863
3.220606565475464 0.9948368333333333 1.0372306649583665 0.037850060888969805 9.741308280984613
3.2281219959259033 1.0122901111111111 1.0420771620580638 0.024940553847255353 7.161113220424814
3.235215902328491 1.0122901111111111 1.0466621934679154 0.029787050946952665 8.132621011851526
3.2425007820129395 1.0122901111111111 1.0513811321354525 0.034372082356804334 9.051832389094061
3.250295639038086 1.029743388888889 1.056442174115 0.021637743246563534 6.506518358065444
3.257917642593384 1.029743388888889 1.0614027365921233 0.026698785226111132 7.520778668528043
3.2644762992858887 1.029743388888889 1.0656805508599292 0.03165934770323431 8.51527216080925
3.2714710235595703 1.029743388888889 1.0702522657989904 0.03593716197104024 9.373016363663718
3.278560161590576 1.0471966666666666 1.0748956733168826 0.0230555991323238 6.7982929998181785
3.2856874465942383 1.0471966666666666 1.0795741996706967 0.027699006650216074 7.7289095290739755
3.2932615280151367 1.0471966666666666 1.0845571491904593 0.03237753300403012 8.666888087537048
3.300138473510742 1.0471966666666666 1.0890913944345813 0.03736048252379276 9.666269224743925
3.3076367378234863 1.0646499444444444 1.0940460789399595 0.024441449990136865 7.084117961378439
3.313812017440796 1.0646499444444444 1.0981350086935038 0.029396134495515147 8.077209651794744
3.3208413124084473 1.0646499444444444 1.102798702219866 0.03348506424905939 8.897028271620675
3.328381061553955 1.0646499444444444 1.1078120490911034 0.03814875777542159 9.83240836405665
3.3355178833007812 1.0821032222222222 1.1125679549819325 0.025708826868881207 7.346334391000117
3.343132972717285 1.0821032222222222 1.1176538073269513 0.03046473275971029 8.2996579693293
3.3502135276794434 1.0821032222222222 1.1223930681046341 0.03555058510472908 9.319410627357067
3.3577089309692383 1.0995564999999998 1.1274209265110586 0.022836568104634303 6.778200825493739
3.3638546466827393 1.0995564999999998 1.1315518084009057 0.027864426511058804 7.785831694105397
3.3711678981781006 1.0995564999999998 1.1364772997706554 0.03199530840090592 8.613940619508265
3.37829852104187 1.0995564999999998 1.1412900897273688 0.036920799770655544 9.60169481532432
3.38539981842041 1.0995564999999998 1.1460931930560947 0.04173358972736896 10.56718459277816
3.3931703567504883 1.1170097777777779 1.1513605069930237 0.029083415278316815 8.039184285036882
3.4001665115356445 1.1170097777777779 1.1561132306168476 0.034350729215245845 9.095189775788839
3.407639265060425 1.1170097777777779 1.1612005360781552 0.039103452839069686 10.048428658106667
3.413809061050415 1.1344630555555555 1.1654092305309918 0.02673748052259972 7.57718874529424
3.4279448986053467 1.1344630555555555 1.1750806227874422 0.03094617497543628 8.420804930583333
3.4345242977142334 1.1344630555555555 1.179595715158945 0.0406175672318867 10.360782696191832
3.441495418548584 1.1519163333333333 1.1843890715890895 0.027679381825611582 7.774831268742474
3.449887752532959 1.1519163333333333 1.1901725505076912 0.03247273825575614 8.735732125914272
3.457204818725586 1.1693696111111112 1.1952265158619413 0.020802939396580067 6.403497077452891
3.4635140895843506 1.1693696111111112 1.1995929848749314 0.025856904750830134 7.416150181648466
3.470357656478882 1.1693696111111112 1.2043382263881597 0.030223373763820227 8.291319009062779
3.4781205654144287 1.1693696111111112 1.2097322667558785 0.03496861527704853 9.242724812581503
3.4851796627044678 1.1868228888888888 1.214647728132883 0.022909377866989766 6.832632059538739
3.4914488792419434 1.1868228888888888 1.2190215276359824 0.02782483924399415 7.8175041597021435
3.501795768737793 1.1868228888888888 1.2262573605949911 0.03219863874709361 8.694249345596157
3.5092716217041016 1.1868228888888888 1.2314987314897736 0.03943447170610237 10.145455374316123
3.516350269317627 1.2042761666666666 1.236471921653015 0.02722256482310703 7.705080818644509
3.52266001701355 1.2042761666666666 1.2409133595465904 0.0321957549863483 8.701964330925655
3.529759168624878 1.2042761666666666 1.245919978849139 0.03663719287992384 9.592526063628238
3.5371644496917725 1.2042761666666666 1.25115323441633 0.041643812182472484 10.596764084702789
3.5434861183166504 1.2217294444444444 1.2556293870702804 0.02942378997188566 8.15483466214428
3.5514075756073 1.2217294444444444 1.261249576808092 0.033899942625835955 9.052172349221053
3.5585970878601074 1.2217294444444444 1.2663613233726438 0.0395201323636476 10.179299597367713
3.5661957263946533 1.239182722222222 1.271775195895549 0.02717860115042181 7.712918981692815
3.5725584030151367 1.239182722222222 1.2763173542954065 0.03259247367332696 8.798017610359976
3.579624652862549 1.239182722222222 1.2813712655381324 0.03713463207318446 9.708775038894125
3.586766242980957 1.239182722222222 1.286489208178773 0.042188543315910376 10.722493976603115
3.5933034420013428 1.256636 1.2911829626298699 0.029853208178773016 8.257527696854867
3.601294755935669 1.256636 1.296932391912975 0.03454696262986978 9.198501408501786
3.6085193157196045 1.2740892777777777 1.3021411651921484 0.02284311413519724 6.859534082545464
3.615638017654419 1.2740892777777777 1.3072838274707976 0.028051887414370702 7.9032872068932365
3.622142791748047 1.2740892777777777 1.3119918403812336 0.03319454969301994 8.934147148928135
3.629452705383301 1.2740892777777777 1.3172926940614162 0.037902562603455925 9.87817743378638
3.6372365951538086 1.2915425555555555 1.3229490049126071 0.02575013850586072 7.449548159755223
3.6435184478759766 1.2915425555555555 1.3275226680012566 0.03140644935705161 8.583220229624205
3.651702642440796 1.2915425555555555 1.3334932188809092 0.035980112445701096 9.500174719904244
3.658712863922119 1.3089958333333334 1.3386179820629196 0.024497385547575856 7.2055869448576875
3.6660430431365967 1.3089958333333334 1.343987159413024 0.02962214872958624 8.232585225871963
3.6724178791046143 1.3089958333333334 1.3486653078767235 0.03499132607969058 9.308880839971
3.6794657707214355 1.3089958333333334 1.353846835791069 0.03966947454339009 10.246996930492921
3.6868174076080322 1.326449111111111 1.3592622597041613 0.027397724679957935 7.794549113069152
3.6933789253234863 1.326449111111111 1.3641047886023672 0.03281314859305029 8.880012872117483
3.7013940811157227 1.326449111111111 1.3700318143718506 0.0376556774912562 9.850949125327206
3.7084944248199463 1.3439023888888888 1.3752930898920626 0.02612942548296182 7.547766499133892
3.715646743774414 1.3439023888888888 1.3806030724521408 0.03139070100317376 8.602218643301766
3.7221202850341797 1.3439023888888888 1.3854179416262924 0.03670068356325196 9.666802829732555
3.729292392730713 1.3439023888888888 1.3907621750479167 0.041515552737403594 10.632420936392917
3.7365543842315674 1.3613556666666666 1.3961838666320148 0.02940650838125003 8.212690212847562
3.7431836128234863 1.3613556666666666 1.4011423559310288 0.03482819996534814 9.299521380426594
3.7514333724975586 1.3613556666666666 1.4073252348288408 0.03978668926436213 10.29371677913368
3.758571147918701 1.3788089444444445 1.4126857073966903 0.028516290384396292 8.041960157691149
3.7657318115234375 1.3788089444444445 1.418073607631959 0.03387676295224584 9.116437988066886
3.7722978591918945 1.3788089444444445 1.4230231138463751 0.03926466318751465 10.19678798722487
3.7793490886688232 1.396262222222222 1.4283479534021866 0.02676089162415307 7.69774238102349
3.786402940750122 1.396262222222222 1.4336847229721172 0.032085731179964494 8.764939300944132
3.792672634124756 1.396262222222222 1.4384365709638816 0.03742250074989517 9.83489359579049
3.800841808319092 1.4137155 1.4446398451866345 0.024721070963881653 7.296132053078034
3.808344841003418 1.4137155 1.450349042799735 0.03092434518663456 8.539280720326236
3.8154356479644775 1.4137155 1.4557549183758114 0.036633542799735075 9.683829566108532
3.8284990787506104 1.4137155 1.4657405195994273 0.04203941837581149 10.767941814912806
3.835588216781616 1.4311687777777777 1.471173696871398 0.03457174182164957 9.278886327593472
3.8423666954040527 1.4311687777777777 1.4763781821950261 0.04000491909362025 10.368315246816131
3.8504281044006348 1.4486220555555556 1.4825796587158266 0.02775612663947058 7.920409346464312
3.8581719398498535 1.4486220555555556 1.4885490717444783 0.03395760316027108 9.163406084151044
3.8653924465179443 1.4486220555555556 1.494125876559798 0.03992701618892269 10.360338877594813
3.872115135192871 1.4660753333333334 1.4993275620189708 0.028050543226464608 7.987040116500984
3.879265546798706 1.4660753333333334 1.5048701182579465 0.033252228685637375 9.029578007009915
3.886359930038452 1.4660753333333334 1.5103793505808483 0.03879478492461308 10.140822266777846
3.892648458480835 1.483528611111111 1.5152712021313222 0.02685073946973726 7.75389022270246
3.9004509449005127 1.483528611111111 1.5213517573575304 0.03174259102021115 8.73422367807966
3.908125400543213 1.483528611111111 1.527344414637105 0.03782314624641936 9.953245108982324
3.9151852130889893 1.5009818888888888 1.5328675252790676 0.02636252574821607 7.663116534296415
3.9214513301849365 1.5009818888888888 1.537778053500921 0.03188563639017872 8.769778541727892
3.928732395172119 1.5009818888888888 1.5434938232874857 0.036796164612032056 9.754151188418229
3.9360766410827637 1.5184351666666667 1.5492699324477373 0.025058656620819075 7.408447421460712
3.9424376487731934 1.5184351666666667 1.5542814614464306 0.030834765781070583 8.565840616488304
3.9494776725769043 1.5184351666666667 1.559837388618348 0.035846294779763976 9.570390877747908
3.957843065261841 1.5184351666666667 1.5664521729241245 0.04140222195168142 10.68444750704218
3.964017868041992 1.5358884444444443 1.5713437658156182 0.030563728479680252 8.519273744530102
3.971295118331909 1.5358884444444443 1.5771184916886853 0.03545532137117391 9.499745185674923
3.9783856868743896 1.5358884444444443 1.582755267352701 0.041230047244241064 10.65764732537995
3.985513210296631 1.5533417222222223 1.5884315549448957 0.02941354513047867 8.296401493914207
3.992144823074341 1.5533417222222223 1.593722028839926 0.03508983272267341 9.434122484753708
3.9994728565216064 1.5533417222222223 1.5995783130053098 0.040380306617703754 10.494853827721359
4.007634162902832 1.570795 1.6061131583665884 0.028783313005309896 8.177532514155477
4.0137715339660645 1.570795 1.6110361926876295 0.03531815836658847 9.487325571218063
4.020830869674683 1.570795 1.6167080882528866 0.0402411926876296 10.474359780165718
4.0282371044158936 1.5882482777777776 1.6226694169392943 0.028459810475109037 8.120062284281849
4.0353617668151855 1.5882482777777776 1.6284144589073777 0.03442113916151679 9.314842043382212
4.041787624359131 1.5882482777777776 1.6336047200422628 0.04016618112960013 10.46666933545672
4.049222469329834 1.5882482777777776 1.6396202606125598 0.04535644226448521 11.507588738275546
4.057300806045532 1.6057015555555554 1.6461689830737727 0.03391870505700445 9.222522423063644
4.063575744628906 1.6057015555555554 1.6512647832336371 0.0404674275182173 10.535492497039893
4.0703957080841064 1.6231548333333334 1.6568121220389516 0.028109949900303688 8.065732841463799
4.077965021133423 1.6231548333333334 1.6629798713587718 0.03365728870561813 9.177461511867739
4.084554672241211 1.6231548333333334 1.6683586870527507 0.03982503802543835 10.41398445930559
4.091359615325928 1.640608111111111 1.6739223501919924 0.027750575941639655 8.000885774865573
4.098438739776611 1.640608111111111 1.67972001037017 0.03331423908088138 9.115849198857513
4.1067116260528564 1.640608111111111 1.6865080379557698 0.03911189925905889 10.278110290001903
4.113298416137695 1.6580613888888889 1.6919223860200874 0.02844664906688088 8.147383565304253
4.120193004608154 1.6580613888888889 1.6975990395221972 0.0338609971311985 9.232448897409812
4.127919435501099 1.6580613888888889 1.703971886598771 0.039537650633308274 10.370464173752792
4.137364864349365 1.6755146666666665 1.7117788020752642 0.028457219932104483 8.156547111674298
4.143725395202637 1.6755146666666665 1.7170460150847249 0.03626413540859774 9.721317726869716
4.150734186172485 1.6929679444444443 1.7228594284260965 0.024078070640280558 7.285610490757567
4.1587159633636475 1.6929679444444443 1.7294918463935631 0.0298914839816522 8.45033680726211
4.1662211418151855 1.6929679444444443 1.735739860250783 0.03652390194911881 9.779697777531423
4.172631502151489 1.710421222222222 1.7410853652746994 0.025318638028561047 7.540429001036619
4.179700136184692 1.710421222222222 1.7469893228422337 0.030664143052477444 8.6114631543723
4.187091827392578 1.710421222222222 1.753173797101772 0.03656810062001181 9.794801084435553
4.193373918533325 1.7278745 1.7584384820635535 0.025299297101772034 7.54282592087436
4.2002904415130615 1.7278745 1.764243979306599 0.030563982063553485 8.597651053287377
4.208563566207886 1.7278745 1.7712007290812437 0.03636947930659895 9.761228719304132
4.2156805992126465 1.7278745 1.77719629145779 0.04332622908124373 11.156117862763011
4.228569984436035 1.7453277777777778 1.7880804113273372 0.03186851368001209 8.866810583458982
4.235772609710693 1.7453277777777778 1.794176960117534 0.04275263354955938 11.049099648121025
4.242458820343018 1.7627810555555554 1.799845684230627 0.031395904561978494 8.779981944932754
4.250424385070801 1.7627810555555554 1.8066107453204496 0.03706462867507154 9.916167076410384
4.259164571762085 1.7627810555555554 1.8140482849353305 0.04382968976489421 11.272624179516264
4.266284704208374 1.7802343333333333 1.8201185177362333 0.033813951601997294 9.272311263176404
4.27264404296875 1.7802343333333333 1.8255487117916347 0.03988418440290009 10.48915569484574
4.279762029647827 1.7802343333333333 1.831636303041529 0.04531437845830144 11.57802758370557
4.287276029586792 1.7976876111111109 1.8380735753869488 0.03394869193041816 9.307272099182985
4.293583631515503 1.7976876111111109 1.8434860400817854 0.04038596427583796 10.59771928447363
4.300399303436279 1.7976876111111109 1.8493434168995238 0.04579842897067454 11.683052633990144
4.30875039100647 1.8151408888888887 1.8565329931998407 0.03420252801063506 9.366167775745474
4.316083908081055 1.8151408888888887 1.8628580301596231 0.04139210431095197 10.807496008582145
4.322437047958374 1.8325941666666667 1.8683462033563103 0.0302638634929564 8.583975397680579
4.329537630081177 1.8325941666666667 1.8744896090288934 0.03575203668964355 9.68384459045481
4.33669638633728 1.8325941666666667 1.8806935547270827 0.04189544236222664 10.915456894853534
4.343220949172974 1.8500474444444444 1.8863568213334987 0.030646110282638306 8.667752137157855
4.350244522094727 1.8500474444444444 1.8924627402015177 0.036309376889054334 9.802733193472116
4.358597993850708 1.8500474444444444 1.8997376471999416 0.04241529575707337 11.026852653272794
4.365981101989746 1.8675007222222222 1.90617909829316 0.03223692497771946 8.9938371976508
4.372370004653931 1.8675007222222222 1.9117619457597415 0.038678376070937714 10.284863938992627
4.379406452178955 1.8675007222222222 1.9179200873386664 0.04426122353751927 11.40421575667024
4.386676549911499 1.8849539999999998 1.9242931153543452 0.03296608733866657 9.147473418339898
4.393235921859741 1.8849539999999998 1.9300521865118812 0.03933911535434542 10.42489718248415
4.40019154548645 1.9024072777777776 1.9361685636970436 0.027644908734103524 8.087839003770233
4.408666372299194 1.9024072777777776 1.943633918224174 0.03376128591926597 9.313427975729834
4.416033983230591 1.9024072777777776 1.950135614104744 0.041226640446396345 10.80994873273173
4.422404527664185 1.9198605555555557 1.955766180630468 0.030275058549188216 8.62176740586814
4.429460763931274 1.9198605555555557 1.962012265920663 0.03590562507491235 9.750130770735554
4.436523914337158 1.9198605555555557 1.96827444424855 0.04215171036510723 11.002277431657042
4.442833423614502 1.9373138333333333 1.9738768829986157 0.030960610915216735 8.766212078668618
4.4499921798706055 1.9373138333333333 1.9802430400909543 0.036563049665282454 9.888967375449695
4.457363605499268 1.9373138333333333 1.9868090311629432 0.04292920675762102 11.165227877822609
4.465374231338501 1.9547671111111111 1.993956702590191 0.03204192005183204 8.99009925162906
4.4720213413238525 1.9547671111111111 1.999897487725599 0.039189591479079855 10.422731757102385
4.479269742965698 1.9722203888888887 2.0063857430247993 0.027677098836710323 8.122043327510653
4.486392021179199 1.9722203888888887 2.012771336770038 0.0341653541359106 9.422134988558012
4.492690086364746 1.9722203888888887 2.018426421212007 0.04055094788114921 10.702098092441872
4.499781608581543 1.9896736666666666 2.0248034524928697 0.02875275454534032 8.344240266767928
4.507149696350098 1.9896736666666666 2.031439838530878 0.035129785826203186 9.62210132567483
4.5151894092559814 1.9896736666666666 2.038693540145738 0.04176617186421128 10.952306932319967
4.521764278411865 2.0071269444444444 2.0446352189521577 0.03156659570129339 8.914720113074589
4.529205560684204 2.0071269444444444 2.0513703010932716 0.037508274507713324 10.105483183144402
4.536289930343628 2.0071269444444444 2.0577926332136998 0.04424335664882717 11.455736505121477
4.542653799057007 2.0245802222222222 2.063570353808706 0.03321241099147754 9.251866055889778
4.5497541427612305 2.0245802222222222 2.070026275957298 0.03899013158648357 10.409849716763066
4.5571513175964355 2.0245802222222222 2.0767628131470928 0.0454460537350756 11.70421318933718
4.565218448638916 2.0420335 2.084121948379311 0.03472931314709271 9.563309030039404
4.571477651596069 2.0420335 2.089840791904231 0.04208844837931114 11.038253245768995
4.578578948974609 2.059486777777778 2.0963385191993438 0.030354014126453333 8.693235267984912
4.58573579788208 2.059486777777778 2.1028972807977198 0.03685174142156589 9.995359459046691
4.59240984916687 2.059486777777778 2.1090228222724874 0.04341050301994187 11.310172131914687
4.599445581436157 2.0769400555555553 2.115489965659259 0.03208276671693211 9.046733047385535
4.606517314910889 2.0769400555555553 2.1220001772573824 0.03854991010370368 10.34283327700927
4.613914728164673 2.0769400555555553 2.128820911877489 0.04506012170182716 11.64801475096357
4.62113618850708 2.094393333333333 2.1354899672729744 0.03442757854415568 9.524017246210741
4.633880138397217 2.1118466111111114 2.147284513703221 0.02364335616186297 7.368805700367856
4.64126443862915 2.1118466111111114 2.1541335589283563 0.03543790259210944 9.732195688937198
4.648663759231567 2.1118466111111114 2.161007474639297 0.04228694781724496 11.10508296837639
4.656182289123535 2.1292998888888888 2.1680033509547685 0.03170758575040811 8.991523135965696
4.663461446762085 2.1292998888888888 2.174787266543632 0.03870346206587971 10.393430144996882
4.670421838760376 2.1292998888888888 2.1812840151969852 0.04548737765474309 11.753476208735082
4.678609609603882 2.1467531666666666 2.188938787907779 0.034530848530318625 9.564536818686948
4.685751914978027 2.1467531666666666 2.195627100872025 0.04218562124111225 11.098901067785597
4.692290544509888 2.1467531666666666 2.2017590554096897 0.04887393420535835 12.440004630285763
4.699372291564941 2.1642064444444444 2.208409993472833 0.037552610965245314 10.17812852766981
4.706691265106201 2.1642064444444444 2.2152942665027013 0.04420354902838852 11.51140089018797
4.714004993438721 2.1816597222222223 2.2221843078165193 0.03363454428047907 9.400026921298583
4.721263408660889 2.1816597222222223 2.2290328173960234 0.04052458559429706 10.780956530178315
4.728351354598999 2.1816597222222223 2.235730653253819 0.04737309517380117 12.154047963353436
4.735495090484619 2.1991129999999997 2.242491375200393 0.03661765325381916 10.005515906950183
4.741969108581543 2.1991129999999997 2.2486271026741633 0.04337837520039356 11.360713627094304
4.749163627624512 2.216566277777778 2.2554555161951613 0.0320608248963854 9.09922568262427
4.75622034072876 2.216566277777778 2.2621631929562 0.03888923841738334 10.467570168746406
4.763455390930176 2.216566277777778 2.2690507261381754 0.045596915178422126 11.81227630977874
4.770449876785278 2.2340195555555558 2.2757192026920676 0.03503117058261962 9.701624997193974
4.79759955406189 2.251472833333333 2.3016961481134843 0.024246369358734476 7.546335399261969
4.803763151168823 2.268926111111111 2.307614041252742 0.03277003700237335 9.259888851240717
4.810823678970337 2.268926111111111 2.3144024470141686 0.03868793014163119 10.4458131222872
4.818725109100342 2.286379388888889 2.32201116770741 0.02802305812527983 8.314788031093173
4.826246738433838 2.286379388888889 2.329265758024326 0.0356317788185212 9.839311824728165
4.832617998123169 2.286379388888889 2.3354196715783986 0.042886369135437086 11.293255949394844
4.839700937271118 2.3038326666666666 2.342270516222294 0.03158700491173194 9.03536313646157
4.846810817718506 2.3038326666666666 2.349157510275313 0.038437849555627235 10.408215279898267
4.853374242782593 2.3212859444444445 2.3555241540505505 0.027871565830868583 8.296910798617803
4.860265016555786 2.3212859444444445 2.3622176031156017 0.03423820960610602 9.572450998845323
4.868546009063721 2.3212859444444445 2.370274024237028 0.04093165867115722 10.913919259135557
4.875710725784302 2.3212859444444445 2.377255508152808 0.04898807979258368 12.52920925928413
4.882304430007935 2.3387392222222223 2.3836896547275104 0.03851628593058587 10.437569205320955
4.889549970626831 2.3387392222222223 2.3907698915256845 0.044950432505288074 11.727283112893003
4.896683931350708 2.3561924999999997 2.3977513523548226 0.03457739152568484 9.655143797915205
4.903241395950317 2.3561924999999997 2.4041776186960817 0.04155885235482293 11.054357852564165
4.910430908203125 2.3561924999999997 2.4112331704236567 0.04798511869608202 12.342706588756695
4.9187233448028564 2.3736457777777775 2.41938393427086 0.03758739264587918 10.26582492547912
4.926066637039185 2.3736457777777775 2.4266132512550542 0.04573815649308255 11.899723938940646
4.932406663894653 2.3910990555555554 2.4328635498032387 0.035514195699498874 9.857432411417054
4.939509391784668 2.3910990555555554 2.439875303152894 0.04176449424768336 11.110096387655883
4.94682240486145 2.3910990555555554 2.4471051905239225 0.048776247597338784 12.515862426658181
4.953392028808594 2.408552333333333 2.453609259106452 0.03855285719058932 10.473963001487885
4.960245132446289 2.408552333333333 2.4604031773957105 0.04505692577311882 11.777688770014471
4.968567609786987 2.426005611111111 2.468666409302438 0.034397566284599446 9.648139810907825
4.975724220275879 2.426005611111111 2.4757831516240003 0.042660798191326954 11.304291976269123
4.982326984405518 2.443458888888889 2.482358217953538 0.032324262735111464 9.239264913638683
4.9893879890441895 2.443458888888889 2.489399250521842 0.0388993290646491 10.556803392148282
4.99651837348938 2.4609121666666667 2.496519585661696 0.0284870838551754 8.47633546499623
5.002812147140503 2.4609121666666667 2.502812937957657 0.035607418995029505 9.902905019005068
