0.0040912628173828125 0.0
0.008794784545898438 0.05235983333333333
0.015597820281982422 0.10471966666666666
0.020726919174194336 0.1570795
0.02616572380065918 0.19198605555555553
0.031903743743896484 0.2268926111111111
0.03698849678039551 0.26179916666666664
0.042670249938964844 0.2967057222222222
0.04752659797668457 0.314159
0.05332636833190918 0.33161227777777774
0.058119773864746094 0.36651883333333335
0.06451201438903809 0.38397211111111107
0.06945466995239258 0.40142538888888885
0.07494831085205078 0.4188786666666666
0.07994556427001953 0.43633194444444445
0.08569645881652832 0.43633194444444445
0.09547233581542969 0.4537852222222222
0.10353374481201172 0.4886917777777778
0.10831904411315918 0.4886917777777778
0.11496210098266602 0.5061450555555556
0.1199791431427002 0.5061450555555556
0.12575435638427734 0.5235983333333333
0.1307840347290039 0.5235983333333333
0.13605070114135742 0.5235983333333333
0.14172148704528809 0.5410516111111111
0.14657330513000488 0.5410516111111111
0.15253877639770508 0.5410516111111111
0.15741276741027832 0.5585048888888889
0.16424775123596191 0.5585048888888889
0.16902971267700195 0.5759581666666667
0.1747269630432129 0.5759581666666667
0.17972326278686523 0.5759581666666667
0.1853482723236084 0.5759581666666667
0.19009828567504883 0.5934114444444444
0.1957542896270752 0.5934114444444444
0.20142889022827148 0.6108647222222222
0.20744705200195312 0.6108647222222222
0.21305441856384277 0.6108647222222222
0.21891021728515625 0.628318
0.2245640754699707 0.628318
0.22948718070983887 0.628318
0.23492908477783203 0.6457712777777778
0.23995757102966309 0.6457712777777778
0.24562501907348633 0.6632245555555555
0.25073933601379395 0.6632245555555555
0.25600314140319824 0.6806778333333333
0.2617194652557373 0.6806778333333333
0.26787734031677246 0.698131111111111
0.27350330352783203 0.698131111111111
0.27830004692077637 0.7155843888888889
0.28399157524108887 0.7155843888888889
0.28870248794555664 0.7330376666666667
0.29453301429748535 0.7504909444444444
0.299468994140625 0.7504909444444444
0.3049147129058838 0.7679442222222221
0.3099040985107422 0.7679442222222221
0.32535481452941895 0.8028507777777777
0.33304643630981445 0.8203040555555555
0.3450462818145752 0.855210611111111
0.3562920093536377 0.8726638888888889
0.3683512210845947 0.9075704444444443
0.3773229122161865 0.9250237222222222
0.3830301761627197 0.9424769999999999
0.3879821300506592 0.9599302777777778
0.39382410049438477 0.9599302777777778
0.3985769748687744 0.9948368333333333
0.40427231788635254 0.9948368333333333
0.4090237617492676 1.0122901111111111
0.4217054843902588 1.0471966666666666
0.43434739112854004 1.0821032222222222
0.44393110275268555 1.1170097777777779
0.44882631301879883 1.1344630555555555
0.4549124240875244 1.1693696111111112
0.4599583148956299 1.1693696111111112
0.4658076763153076 1.2042761666666666
0.47147250175476074 1.2217294444444444
0.4773430824279785 1.239182722222222
0.4829559326171875 1.256636
0.4879450798034668 1.2740892777777777
0.49863481521606445 1.326449111111111
0.5057880878448486 1.3439023888888888
0.5114483833312988 1.3613556666666666
0.5163674354553223 1.396262222222222
0.5223639011383057 1.4137155
0.5282371044158936 1.4311687777777777
0.5339846611022949 1.4486220555555556
0.5387279987335205 1.483528611111111
0.5444066524505615 1.5009818888888888
0.5493628978729248 1.5184351666666667
0.5548386573791504 1.5533417222222223
0.5597960948944092 1.570795
0.5656812191009521 1.5882482777777776
0.5707805156707764 1.6231548333333334
0.5762219429016113 1.640608111111111
0.5828404426574707 1.6755146666666665
0.5877206325531006 1.6929679444444443
0.593461275100708 1.7278745
0.5983133316040039 1.7453277777777778
0.6040234565734863 1.7627810555555554
0.6088056564331055 1.7976876111111109
0.6144957542419434 1.8325941666666667
0.6194114685058594 1.8500474444444444
0.6249938011169434 1.8675007222222222
0.6316256523132324 1.9024072777777776
0.6363625526428223 1.9373138333333333
0.6422884464263916 1.9722203888888887
0.6469757556915283 1.9896736666666666
0.6527478694915771 2.0245802222222222
0.6576271057128906 2.0420335
0.6633973121643066 2.0769400555555553
0.6682040691375732 2.1118466111111114
0.673936128616333 2.1292998888888888
0.6795403957366943 2.1642064444444444
0.6854043006896973 2.1991129999999997
0.6901805400848389 2.216566277777778
0.6958067417144775 2.251472833333333
0.7014789581298828 2.286379388888889
0.7063777446746826 2.3212859444444445
0.7122931480407715 2.3561924999999997
0.716965913772583 2.3736457777777775
0.7226920127868652 2.408552333333333
0.7275571823120117 2.426005611111111
0.7342038154602051 2.478365444444444
0.7389473915100098 2.495818722222222
0.7447881698608398 2.5481785555555554
0.7497234344482422 2.5656318333333332
0.7554135322570801 2.6005383888888884
0.760223388671875 2.6354449444444445
0.7659015655517578 2.6703514999999998
0.7716410160064697 2.7052580555555554
0.7763488292694092 2.740164611111111
0.7828977108001709 2.7750711666666663
0.7877287864685059 2.8099777222222224
0.7934932708740234 2.8448842777777776
0.7983400821685791 2.8797908333333333
0.804344654083252 2.914697388888889
0.809063196182251 2.949603944444444
0.8146865367889404 2.9845105
0.8196296691894531 3.0194170555555555
0.8253304958343506 3.054323611111111
0.8301453590393066 3.0892301666666664
0.8365318775177002 3.14159
0.8424415588378906 3.176496555555555
0.8473093509674072 3.2114031111111108
0.8528923988342285 3.246309666666667
0.8578786849975586 3.281216222222222
0.8638191223144531 3.3161227777777778
0.8685493469238281 3.368482611111111
0.8742368221282959 3.4033891666666665
0.8789873123168945 3.4382957222222226
0.885688304901123 3.473202277777778
0.8913443088531494 3.525562111111111
0.9026710987091064 3.6128284999999996
0.9075744152069092 3.6477350555555557
0.9139020442962646 3.6826416111111113
0.9186384677886963 3.7350014444444444
0.9245624542236328 3.7873612777777774
0.9295122623443604 3.8048145555555553
0.9359545707702637 3.857174388888889
0.9417271614074707 3.8920809444444444
0.9464304447174072 3.9444407777777775
0.9522800445556641 3.9968006111111105
0.956960916519165 4.031707166666667
0.9628605842590332 4.066613722222222
0.967756986618042 4.1015202777777775
0.9734899997711182 4.1538801111111106
0.978280782699585 4.206239944444444
0.9849421977996826 4.2411465
0.9899744987487793 4.293506333333333
0.995673418045044 4.328412888888889
1.0007774829864502 4.380772722222222
1.006026029586792 4.433132555555556
1.0117053985595703 4.4680391111111115
1.0163929462432861 4.520398944444445
1.0223138332366943 4.555305499999999
1.0270395278930664 4.590212055555555
1.0327322483062744 4.642571888888889
1.0386309623718262 4.694931722222222
1.0444605350494385 4.747291555555555
1.049405574798584 4.782198111111111
1.0548596382141113 4.834557944444445
1.0598034858703613 4.8694645
1.065429449081421 4.921824333333333
1.0701603889465332 4.974184166666666
1.0759127140045166 5.009090722222222
1.0815520286560059 5.061450555555555
1.0874249935150146 5.113810388888889
1.0930874347686768 5.166170222222222
1.0981378555297852 5.218530055555556
1.1039953231811523 5.253436611111111
1.1086947917938232 5.323249722222222
1.1144027709960938 5.375609555555555
1.1193571090698242 5.410516111111111
1.1247878074645996 5.462875944444445
1.1297118663787842 5.4977825
1.1353974342346191 5.550142333333333
1.1418969631195068 5.602502166666667
1.1465697288513184 5.672315277777778
1.1525094509124756 5.724675111111111
1.1573901176452637 5.759581666666667
1.1630899906158447 5.8119415
1.1681501865386963 5.864301333333334
1.1738674640655518 5.916661166666667
1.17860746383667 5.969021
1.1842751502990723 6.021380833333334
1.1900360584259033 6.073740666666667
1.1956593990325928 6.1261005
1.20078706741333 6.178460333333333
1.2066576480865479 6.230820166666667
1.2125184535980225 6.300633277777777
1.2173991203308105 6.335539833333333
1.2233591079711914 6.387899666666666
1.2281768321990967 6.457712777777777
1.2338924407958984 6.492619333333334
1.2395753860473633 6.544979166666667
1.245016098022461 6.614792277777778
1.2499773502349854 6.667152111111111
1.2556653022766113 6.719511944444444
1.2607605457305908 6.771871777777777
1.2660253047943115 6.82423161111111
1.271700143814087 6.876591444444445
1.2763597965240479 6.928951277777778
1.285386085510254 7.016217666666667
1.2918779850006104 7.086030777777777
1.3044006824493408 7.225656999999999
1.3094148635864258 7.260563555555555
1.321767807006836 7.3827365
1.3342514038085938 7.539815999999999
1.3439452648162842 7.627082388888888
1.3486590385437012 7.679442222222223
1.3545703887939453 7.749255333333333
1.3595478534698486 7.801615166666666
1.3649563789367676 7.853975
1.3699777126312256 7.923788111111111
1.3756518363952637 7.958694666666666
1.3807766437530518 8.028507777777778
1.3860301971435547 8.098320888888889
1.3926494121551514 8.150680722222223
1.397529125213623 8.203040555555555
1.4035139083862305 8.272853666666666
1.4083266258239746 8.342666777777778
1.4140162467956543 8.377573333333332
1.4187445640563965 8.447386444444446
1.424415111541748 8.517199555555555
1.4293522834777832 8.552106111111112
1.4347844123840332 8.621919222222221
1.4397296905517578 8.674279055555555
1.4460759162902832 8.761545444444444
1.451843023300171 8.796451999999999
1.4565556049346924 8.866265111111112
1.4626212120056152 8.936078222222223
1.467487096786499 8.988438055555555
1.4730603694915771 9.058251166666667
1.4780364036560059 9.093157722222221
1.48399019241333 9.162970833333333
1.4887139797210693 9.232783944444444
1.4950268268585205 9.302597055555555
1.5000054836273193 9.372410166666667
1.5056838989257812 9.407316722222221
1.5107805728912354 9.477129833333333
1.516139268875122 9.546942944444444
1.521852731704712 9.599302777777776
1.526691198348999 9.66911588888889
1.5325753688812256 9.738929
1.5374367237091064 9.791288833333333
1.5442240238189697 9.878555222222221
1.5489680767059326 9.930915055555555
1.5546410083770752 10.000728166666665
1.559587001800537 10.053088
1.5650501251220703 10.12290111111111
1.570059061050415 10.192714222222222
1.581641674041748 10.314887166666665
1.5865015983581543 10.384700277777776
1.5978724956512451 10.506873222222222
1.6035149097442627 10.576686333333333
1.6083264350891113 10.646499444444444
1.614259958267212 10.716312555555556
1.6190075874328613 10.768672388888888
1.624682903289795 10.8384855
1.6296155452728271 10.890845333333333
1.6350524425506592 10.960658444444444
1.6400775909423828 11.030471555555556
1.6466026306152344 11.117737944444444
1.6525306701660156 11.187551055555554
1.6573872566223145 11.22245761111111
1.6629314422607422 11.309724
1.6678781509399414 11.362083833333333
1.6735224723815918 11.431896944444444
1.6783342361450195 11.501710055555554
1.684133768081665 11.554069888888888
1.6888573169708252 11.623883
1.6997172832489014 11.711149388888888
1.7066915035247803 11.85077561111111
1.7127718925476074 11.920588722222222
1.7176103591918945 11.972948555555554
1.7237229347229004 12.060214944444445
1.7285072803497314 12.130028055555556
1.7342348098754883 12.199841166666666
1.7390072345733643 12.252201
1.745802402496338 12.339467388888888
1.7515308856964111 12.4092805
1.756230354309082 12.47909361111111
1.7619597911834717 12.531453444444445
1.7669882774353027 12.618719833333333
1.772702693939209 12.688532944444443
1.7775628566741943 12.740892777777777
1.7830824851989746 12.810705888888888
1.7881195545196533 12.897972277777777
1.7938296794891357 12.95033211111111
1.7995951175689697 13.020145222222222
1.8050532341003418 13.107411611111111
1.8100719451904297 13.177224722222222
1.8157310485839844 13.229584555555556
1.8214266300201416 13.299397666666666
1.8263287544250488 13.386664055555554
1.8320074081420898 13.456477166666666
1.8366937637329102 13.508837
1.8425722122192383 13.596103388888887
1.848501205444336 13.665916499999998
1.854186773300171 13.75318288888889
1.8588881492614746 13.805542722222222
1.8645153045654297 13.875355833333334
1.8694376945495605 13.927715666666668
1.875075340270996 14.014982055555555
1.8800888061523438 14.084795166666666
1.8859069347381592 14.137155
1.8915493488311768 14.224421388888889
1.8962666988372803 14.294234499999998
1.9029207229614258 14.381500888888887
1.9079079627990723 14.43386072222222
1.9135239124298096 14.503673833333332
1.9183168411254883 14.590940222222223
1.9240002632141113 14.643300055555557
1.9287092685699463 14.730566444444445
1.934394359588623 14.800379555555555
1.9393630027770996 14.852739388888889
1.9449427127838135 14.940005777777777
1.951596736907959 15.009818888888889
1.9563360214233398 15.097085277777776
1.962204933166504 15.166898388888887
1.9669432640075684 15.236711499999998
1.9726345539093018 15.30652461111111
1.9774930477142334 15.358884444444445
1.9830574989318848 15.446150833333334
1.9880266189575195 15.498510666666666
1.9938247203826904 15.585777055555555
1.9994654655456543 15.655590166666666
2.0053863525390625 15.742856555555555
2.010159730911255 15.830122944444444
2.0158355236053467 15.882482777777776
2.0215134620666504 15.952295888888887
2.0262415409088135 16.039562277777776
2.0319297313690186 16.09192211111111
2.0366709232330322 16.179188500000002
2.0425655841827393 16.24900161111111
2.047450542449951 16.31881472222222
2.054189682006836 16.388627833333334
2.058915376663208 16.475894222222223
2.0647170543670654 16.563160611111112
2.069683313369751 16.598067166666667
2.0753262042999268 16.685333555555555
2.080110549926758 16.772599944444444
2.085770845413208 16.824959777777774
2.0914978981018066 16.912226166666667
2.1027534008026123 16.98203927777778
2.108684778213501 17.156572055555554
2.1145169734954834 17.243838444444442
2.1194534301757812 17.296198277777776
2.125455141067505 17.36601138888889
2.130178928375244 17.453277777777778
2.1361587047576904 17.540544166666667
2.141920328140259 17.592903999999997
2.1466681957244873 17.68017038888889
2.153414726257324 17.767436777777778
2.158212423324585 17.837249888888888
2.1639609336853027 17.88960972222222
2.168679714202881 17.97687611111111
2.1743459701538086 18.0641425
2.179081916809082 18.116502333333333
2.184922218322754 18.20376872222222
2.189863681793213 18.256128555555556
2.1955957412719727 18.343394944444444
2.200714588165283 18.430661333333333
2.207934856414795 18.517927722222222
2.213569402694702 18.587740833333335
2.218379497528076 18.675007222222224
2.224182605743408 18.762273611111112
2.228890895843506 18.814633444444443
2.23453688621521 18.90189983333333
2.239454746246338 18.954259666666665
2.245327949523926 19.041526055555554
2.2501025199890137 19.111339166666664
2.256544351577759 19.198605555555552
2.2625861167907715 19.285871944444445
2.267444610595703 19.33823177777778
2.2729849815368652 19.425498166666667
2.27803373336792 19.477858
2.2837114334106445 19.56512438888889
2.288486957550049 19.65239077777778
2.294154167175293 19.722203888888888
2.2989392280578613 19.792016999999998
2.3057265281677246 19.86183011111111
2.3113672733306885 19.9490965
2.3161001205444336 20.03636288888889
2.3217692375183105 20.088722722222222
2.326514720916748 20.17598911111111
2.3323962688446045 20.2632555
2.3372979164123535 20.315615333333334
2.3428168296813965 20.402881722222222
2.3476552963256836 20.455241555555556
2.3533897399902344 20.542507944444445
2.3590621948242188 20.612321055555554
2.364931583404541 20.699587444444443
2.369898557662964 20.751947277777777
2.3755931854248047 20.839213666666666
2.380706787109375 20.926480055555555
2.3860063552856445 21.013746444444443
2.391688823699951 21.066106277777777
2.3965752124786377 21.153372666666666
2.402442455291748 21.240639055555555
2.4082436561584473 21.310452166666664
2.413969039916992 21.380265277777777
2.41868257522583 21.450078388888887
2.4245388507843018 21.537344777777776
2.429495334625244 21.58970461111111
2.4349265098571777 21.676971
2.4399147033691406 21.729330833333332
2.4456000328063965 21.81659722222222
2.4507195949554443 21.90386361111111
2.456939697265625 21.99113
2.462672472000122 22.06094311111111
2.467548370361328 22.13075622222222
2.4730734825134277 22.20056933333333
2.478046417236328 22.270382444444444
2.483999013900757 22.340195555555553
2.48870587348938 22.427461944444445
2.4943912029266357 22.514728333333334
2.5056562423706055 22.654354555555557
2.512469530105591 22.75907422222222
2.5173556804656982 22.811434055555555
2.523439407348633 22.898700444444444
2.5282182693481445 22.985966833333332
2.5341551303863525 23.07323322222222
2.5389020442962646 23.125593055555555
2.5447192192077637 23.195406166666668
2.549663543701172 23.265219277777778
2.5589137077331543 23.4048455
2.5646426677703857 23.47465861111111
2.569584369659424 23.527018444444444
2.5749869346618652 23.614284833333333
2.5799643993377686 23.666644666666667
2.585691213607788 23.753911055555555
2.59078311920166 23.841177444444444
2.5961010456085205 23.910990555555554
2.6018311977386475 23.96335038888889
2.606818199157715 24.050616777777776
2.613699436187744 24.137883166666665
2.618494987487793 24.207696277777778
2.62422513961792 24.294962666666667
2.6289424896240234 24.3473225
2.634644031524658 24.43458888888889
2.639570951461792 24.48694872222222
2.644989013671875 24.57421511111111
2.650031328201294 24.661481499999997
2.6559176445007324 24.71384133333333
2.6626436710357666 24.818561
2.667489528656006 24.870920833333333
2.6730611324310303 24.940733944444442
2.67803955078125 25.010547055555556
2.6838362216949463 25.080360166666665
2.6885757446289062 25.167626555555554
2.694262742996216 25.254892944444446
2.6990463733673096 25.307252777777776
2.7047457695007324 25.377065888888886
2.711376667022705 25.429425722222224
2.71612811088562 25.534145388888888
2.7218549251556396 25.6039585
2.7268474102020264 25.67377161111111
2.7326488494873047 25.761037999999996
2.7375500202178955 25.813397833333333
2.743083953857422 25.883210944444443
2.748142957687378 25.970477333333335
2.753892660140991 26.022837166666665
2.7586147785186768 26.110103555555558
2.7650678157806396 26.179916666666667
2.7700588703155518 26.267183055555552
2.7757036685943604 26.31954288888889
2.780782461166382 26.389356
2.786236047744751 26.476622388888885
2.79196834564209 26.528982222222222
2.79667067527771 26.59879533333333
2.8025424480438232 26.686061722222217
2.8074190616607666 26.738421555555554
2.8140037059783936 26.825687944444446
2.8187437057495117 26.895501055555556
2.82446026802063 26.96531416666667
2.8294267654418945 27.03512727777778
2.8348424434661865 27.10494038888889
2.839815378189087 27.15730022222222
2.8456428050994873 27.24456661111111
2.850741386413574 27.31437972222222
2.8560471534729004 27.384192833333334
2.8617427349090576 27.436552666666664
2.867596387863159 27.523819055555553
2.8733303546905518 27.593632166666666
2.878167152404785 27.680898555555558
2.8839025497436523 27.73325838888889
2.888617515563965 27.803071499999998
2.894301414489746 27.872884611111107
2.9047651290893555 27.925244444444445
2.9124464988708496 28.117230499999998
2.918306589126587 28.187043611111108
2.92417049407959 28.256856722222217
2.928889751434326 28.309216555555555
2.9347379207611084 28.396482944444447
2.939697265625 28.448842777777777
2.945359706878662 28.518655888888887
2.950143337249756 28.588468999999996
2.9557762145996094 28.640828833333334
2.9615068435668945 28.710641944444443
2.9675486087799072 28.797908333333332
2.973069667816162 28.86772144444444
2.9780397415161133 28.920081277777776
2.983739137649536 28.98989438888889
2.9885528087615967 29.0597075
2.9943249225616455 29.14697388888889
2.9990756511688232 29.19933372222222
