0.0031604766845703125 0.01745327777777778
0.009077072143554688 0.01745327777777778
0.013821601867675781 0.03490655555555556
0.019542694091796875 0.03490655555555556
0.025147676467895508 0.05235983333333333
0.031154870986938477 0.05235983333333333
0.03667306900024414 0.05235983333333333
0.041642189025878906 0.06981311111111112
0.047237396240234375 0.06981311111111112
0.05528879165649414 0.06981311111111112
0.0599818229675293 0.06981311111111112
0.06566524505615234 0.06981311111111112
0.0702970027923584 0.08726638888888888
0.07621884346008301 0.08726638888888888
0.08196330070495605 0.08726638888888888
0.08782148361206055 0.08726638888888888
0.09249711036682129 0.08726638888888888
0.09822678565979004 0.08726638888888888
0.10313034057617188 0.08726638888888888
0.10856366157531738 0.08726638888888888
0.11348152160644531 0.08726638888888888
0.1193230152130127 0.08726638888888888
0.12445402145385742 0.08726638888888888
0.13057708740234375 0.08726638888888888
0.1403331756591797 0.08726638888888888
0.14790868759155273 0.08726638888888888
0.1526784896850586 0.08726638888888888
0.15844440460205078 0.08726638888888888
0.16336822509765625 0.08726638888888888
0.1691608428955078 0.08726638888888888
0.17390656471252441 0.08726638888888888
0.18027997016906738 0.08726638888888888
0.18615388870239258 0.08726638888888888
0.19079327583312988 0.08726638888888888
0.19644832611083984 0.08726638888888888
0.20129060745239258 0.08726638888888888
0.20727968215942383 0.08726638888888888
0.2120652198791504 0.08726638888888888
0.21774601936340332 0.08726638888888888
0.22244477272033691 0.08726638888888888
0.22809243202209473 0.08726638888888888
0.2338259220123291 0.08726638888888888
0.23946499824523926 0.08726638888888888
0.24451851844787598 0.08726638888888888
0.24994397163391113 0.08726638888888888
0.255615234375 0.08726638888888888
0.26027727127075195 0.08726638888888888
0.2663702964782715 0.08726638888888888
0.2720804214477539 0.08726638888888888
0.2778146266937256 0.08726638888888888
0.28353452682495117 0.08726638888888888
0.2891693115234375 0.08726638888888888
0.29393529891967773 0.08726638888888888
0.29953646659851074 0.08726638888888888
0.3051636219024658 0.08726638888888888
0.30989527702331543 0.08726638888888888
0.31559276580810547 0.08726638888888888
0.320284366607666 0.10471966666666666
0.3263247013092041 0.10471966666666666
0.3322179317474365 0.10471966666666666
0.33789539337158203 0.10471966666666666
0.34276843070983887 0.10471966666666666
0.34842681884765625 0.10471966666666666
0.3533608913421631 0.12217294444444445
0.35878443717956543 0.12217294444444445
0.363741397857666 0.12217294444444445
0.3694019317626953 0.12217294444444445
0.37449169158935547 0.12217294444444445
0.3799459934234619 0.13962622222222223
0.3866562843322754 0.13962622222222223
0.39161157608032227 0.13962622222222223
0.3972296714782715 0.1570795
0.4020113945007324 0.1570795
0.407853364944458 0.1570795
0.41257524490356445 0.1570795
0.4182474613189697 0.17453277777777776
0.4231913089752197 0.17453277777777776
0.4285850524902344 0.19198605555555553
0.4352858066558838 0.19198605555555553
0.4399909973144531 0.19198605555555553
0.445711612701416 0.19198605555555553
0.4507269859313965 0.2094393333333333
0.45644330978393555 0.2094393333333333
0.4613072872161865 0.2268926111111111
0.4670846462249756 0.2268926111111111
0.47205567359924316 0.2268926111111111
0.47781944274902344 0.2443458888888889
0.4834308624267578 0.2443458888888889
0.48912954330444336 0.26179916666666664
0.4939391613006592 0.26179916666666664
0.4995572566986084 0.26179916666666664
0.5051834583282471 0.27925244444444447
0.5101227760314941 0.27925244444444447
0.5159890651702881 0.2967057222222222
0.5205874443054199 0.2967057222222222
0.5263793468475342 0.314159
0.5312340259552002 0.314159
0.5424747467041016 0.33161227777777774
0.5493323802947998 0.33161227777777774
0.5544219017028809 0.3490655555555555
0.559880256652832 0.36651883333333335
0.565584659576416 0.36651883333333335
0.5706329345703125 0.36651883333333335
0.5764291286468506 0.38397211111111107
0.5812761783599854 0.40142538888888885
0.5879528522491455 0.40142538888888885
0.5926671028137207 0.4188786666666666
0.5983495712280273 0.4188786666666666
0.6032657623291016 0.43633194444444445
0.6087167263031006 0.43633194444444445
0.6137146949768066 0.4537852222222222
0.6194000244140625 0.4537852222222222
0.624481201171875 0.47123849999999995
0.6299216747283936 0.4886917777777778
0.6367385387420654 0.4886917777777778
0.6417717933654785 0.5061450555555556
0.6475636959075928 0.5061450555555556
0.6522796154022217 0.5235983333333333
0.6579444408416748 0.5410516111111111
0.6626815795898438 0.5410516111111111
0.6683363914489746 0.5585048888888889
0.6732316017150879 0.5759581666666667
0.6787512302398682 0.5759581666666667
0.6837246417999268 0.5934114444444444
0.6902563571929932 0.6108647222222222
0.6961448192596436 0.6108647222222222
0.7007887363433838 0.628318
0.7064874172210693 0.6457712777777778
0.7113347053527832 0.6457712777777778
0.7170979976654053 0.6632245555555555
0.7219200134277344 0.6806778333333333
0.7275681495666504 0.6806778333333333
0.732304573059082 0.698131111111111
0.738753080368042 0.7155843888888889
0.7437229156494141 0.7330376666666667
0.7495512962341309 0.7504909444444444
0.7551743984222412 0.7504909444444444
0.7598991394042969 0.7679442222222221
0.7656145095825195 0.7853975
0.7705914974212646 0.7853975
0.7763478755950928 0.8203040555555555
0.7812404632568359 0.8203040555555555
0.7867860794067383 0.8377573333333332
0.7927069664001465 0.855210611111111
0.7983658313751221 0.8726638888888889
0.8033034801483154 0.8726638888888889
0.8091695308685303 0.8901171666666666
0.8139188289642334 0.9075704444444443
0.8195312023162842 0.9250237222222222
0.8252384662628174 0.9424769999999999
0.8299598693847656 0.9599302777777778
0.835705041885376 0.9599302777777778
0.8416447639465332 0.9773835555555556
0.8472778797149658 0.9948368333333333
0.8520808219909668 1.0122901111111111
0.8578112125396729 1.029743388888889
0.8625383377075195 1.0471966666666666
0.8683891296386719 1.0646499444444444
0.8733069896697998 1.0646499444444444
0.8787331581115723 1.0995564999999998
0.8837220668792725 1.1170097777777779
0.8901267051696777 1.1170097777777779
0.8962032794952393 1.1519163333333333
0.9011025428771973 1.1519163333333333
0.9066247940063477 1.1693696111111112
0.9114787578582764 1.1868228888888888
0.9172158241271973 1.2042761666666666
0.9220230579376221 1.2217294444444444
0.9279208183288574 1.239182722222222
0.9326348304748535 1.256636
0.9435794353485107 1.2740892777777777
0.9504392147064209 1.3089958333333334
0.9565262794494629 1.3439023888888888
0.9613978862762451 1.3439023888888888
0.9673464298248291 1.3788089444444445
0.9722273349761963 1.396262222222222
0.9779446125030518 1.4137155
0.9826486110687256 1.4311687777777777
0.9884450435638428 1.4486220555555556
0.9945404529571533 1.4660753333333334
0.9997751712799072 1.483528611111111
1.0054881572723389 1.5009818888888888
1.0101385116577148 1.5184351666666667
1.0160443782806396 1.5358884444444443
1.020716905593872 1.5533417222222223
1.0265746116638184 1.5882482777777776
1.0314040184020996 1.5882482777777776
1.0371670722961426 1.6231548333333334
1.0426628589630127 1.640608111111111
1.0484564304351807 1.6580613888888889
1.0533685684204102 1.6755146666666665
1.0588152408599854 1.6929679444444443
1.0638067722320557 1.7278745
1.0694198608398438 1.7278745
1.074476957321167 1.7627810555555554
1.0797390937805176 1.7802343333333333
1.0853815078735352 1.7976876111111109
1.090094804763794 1.8151408888888887
1.0967986583709717 1.8325941666666667
1.101755142211914 1.8500474444444444
1.1076524257659912 1.8849539999999998
1.1123404502868652 1.9024072777777776
1.1180307865142822 1.9198605555555557
1.122786521911621 1.9373138333333333
1.1284117698669434 1.9722203888888887
1.1333270072937012 1.9896736666666666
1.1387617588043213 2.0071269444444444
1.1454188823699951 2.0245802222222222
1.1501245498657227 2.059486777777778
1.1557552814483643 2.0769400555555553
1.1608171463012695 2.094393333333333
1.1666932106018066 2.1292998888888888
1.1716251373291016 2.1467531666666666
1.1772434711456299 2.1642064444444444
1.182051658630371 2.1816597222222223
1.187755823135376 2.216566277777778
1.1967239379882812 2.251472833333333
1.2017650604248047 2.268926111111111
1.2074904441833496 2.286379388888889
1.212224006652832 2.3212859444444445
1.2178990840911865 2.3387392222222223
1.222635269165039 2.3561924999999997
1.2284142971038818 2.3910990555555554
1.2333683967590332 2.408552333333333
1.2387948036193848 2.426005611111111
1.2454655170440674 2.4609121666666667
1.250148057937622 2.495818722222222
1.2559993267059326 2.513272
1.2606112957000732 2.5307252777777776
1.2663846015930176 2.5656318333333332
1.2721245288848877 2.583085111111111
1.2778384685516357 2.6005383888888884
1.282531976699829 2.6354449444444445
1.2883915901184082 2.6703514999999998
1.2933170795440674 2.6878047777777776
1.2995376586914062 2.7052580555555554
1.3051955699920654 2.740164611111111
1.3098976612091064 2.7750711666666663
1.3156328201293945 2.792524444444444
1.3203003406524658 2.8099777222222224
1.326188325881958 2.8448842777777776
1.330843210220337 2.8623375555555555
1.3365943431854248 2.897244111111111
1.3484296798706055 2.949603944444444
1.3554608821868896 2.9845105
1.3602931499481201 3.0194170555555555
1.3663280010223389 3.0368703333333333
1.3711752891540527 3.054323611111111
1.3807446956634521 3.0892301666666664
1.3864850997924805 3.14159
1.391341209411621 3.1590432777777777
1.4010725021362305 3.193949833333333
1.4114577770233154 3.2637629444444447
1.423799753189087 3.3335760555555556
1.4336025714874268 3.368482611111111
1.445462942123413 3.4382957222222226
1.4551866054534912 3.4906555555555556
1.4598970413208008 3.525562111111111
1.46561598777771 3.5430153888888887
1.4704370498657227 3.5779219444444443
1.4763071537017822 3.6128284999999996
1.4811451435089111 3.6302817777777774
1.4866716861724854 3.6651883333333335
1.4916636943817139 3.6826416111111113
1.5023305416107178 3.752454722222222
1.5132832527160645 3.8048145555555553
1.5237147808074951 3.857174388888889
1.5297062397003174 3.8920809444444444
1.5357155799865723 3.9269875
1.5403773784637451 3.9618940555555553
1.5464262962341309 3.9968006111111105
1.551288366317749 4.031707166666667
1.5579462051391602 4.066613722222222
1.562671422958374 4.1015202777777775
1.5683441162109375 4.136426833333333
1.5733203887939453 4.1538801111111106
1.5787529945373535 4.188786666666666
1.5837020874023438 4.206239944444444
1.5895113945007324 4.2411465
1.5951013565063477 4.276053055555556
1.5998327732086182 4.310959611111111
1.6063358783721924 4.345866166666666
1.6111760139465332 4.380772722222222
1.616675853729248 4.415679277777778
1.6216135025024414 4.433132555555556
1.627284288406372 4.4680391111111115
1.632214069366455 4.502945666666666
1.6379199028015137 4.537852222222222
1.6426317691802979 4.572758777777778
1.648484468460083 4.607665333333333
1.6534466743469238 4.6251186111111116
1.65989351272583 4.677478444444445
1.6655914783477783 4.694931722222222
1.670257568359375 4.729838277777778
1.6763172149658203 4.782198111111111
1.6811785697937012 4.799651388888888
1.686732530593872 4.834557944444445
1.6917569637298584 4.8694645
1.697462797164917 4.904371055555555
1.7022299766540527 4.939277611111111
1.7087948322296143 4.974184166666666
1.7138242721557617 5.009090722222222
1.7195031642913818 5.043997277777778
1.7251224517822266 5.078903833333333
1.729837417602539 5.113810388888889
1.7355172634124756 5.148716944444444
1.7401747703552246 5.1836234999999995
1.7519149780273438 5.253436611111111
1.7585291862487793 5.2883431666666665
1.7634944915771484 5.323249722222222
1.7694556713104248 5.358156277777778
1.7745234966278076 5.393062833333333
1.779944896697998 5.4454226666666665
1.7856452465057373 5.462875944444445
1.790323257446289 5.4977825
1.7961935997009277 5.550142333333333
1.80106782913208 5.567595611111111
1.806734323501587 5.619955444444445
1.812678337097168 5.654862
1.8183040618896484 5.689768555555555
1.8232109546661377 5.724675111111111
1.8291776180267334 5.759581666666667
1.8339083194732666 5.8119415
1.839587688446045 5.829394777777778
1.8452284336090088 5.864301333333334
1.8499374389648438 5.916661166666667
1.8556766510009766 5.934114444444444
1.8616647720336914 5.986474277777777
1.8673088550567627 6.021380833333334
1.8721299171447754 6.056287388888888
1.8778584003448486 6.091193944444444
1.8825664520263672 6.1261005
1.88840651512146 6.178460333333333
1.8933343887329102 6.195913611111111
1.8987505435943604 6.248273444444444
1.9037220478057861 6.28318
1.9101214408874512 6.318086555555555
1.9160919189453125 6.3704463888888885
1.920783281326294 6.405352944444444
1.9264628887176514 6.440259499999999
1.9312739372253418 6.475166055555555
1.937464952468872 6.510072611111111
1.9422645568847656 6.562432444444444
1.9481613636016846 6.597339
1.9530720710754395 6.6322455555555555
1.9585058689117432 6.667152111111111
1.9652485847473145 6.719511944444444
1.9699475765228271 6.7544185
1.9756698608398438 6.789325055555555
1.980353593826294 6.841684888888888
1.9862332344055176 6.876591444444445
1.991114854812622 6.911498
1.9966073036193848 6.946404555555556
2.0014774799346924 6.981311111111111
2.007481336593628 7.033670944444444
2.013214588165283 7.0685775
2.018693208694458 7.120937333333333
2.023671865463257 7.13839061111111
2.029367446899414 7.1907504444444434
2.034423351287842 7.2431102777777765
2.039729356765747 7.278016833333334
2.04541277885437 7.312923388888889
2.050091505050659 7.347829944444444
2.0557639598846436 7.3827365
2.0605878829956055 7.435096333333333
2.067701816558838 7.487456166666666
2.0724360942840576 7.522362722222222
2.0781426429748535 7.574722555555555
2.0830812454223633 7.6096291111111105
2.088521957397461 7.644535666666666
2.09344482421875 7.679442222222223
2.099092721939087 7.731802055555556
2.1038403511047363 7.766708611111111
2.1094892024993896 7.801615166666666
2.1160237789154053 7.8714282777777775
2.1206881999969482 7.906334833333333
2.126574993133545 7.941241388888888
2.131410837173462 7.976147944444444
2.1371309757232666 8.028507777777778
2.141937017440796 8.063414333333334
2.1532185077667236 8.150680722222223
2.159135103225708 8.203040555555555
2.1655287742614746 8.255400388888889
2.1704423427581787 8.290306944444444
2.176449775695801 8.342666777777778
2.181298017501831 8.377573333333332
2.18721866607666 8.429933166666666
2.192035436630249 8.464839722222223
2.1979382038116455 8.517199555555555
2.2026379108428955 8.552106111111112
2.2082912921905518 8.604465944444444
2.2131896018981934 8.6393725
2.2195489406585693 8.674279055555555
2.2251713275909424 8.726638888888889
2.2299110889434814 8.778998722222221
2.235623598098755 8.813905277777776
2.2402966022491455 8.866265111111112
2.246325969696045 8.918624944444444
2.251162528991699 8.9535315
2.2566800117492676 8.988438055555555
2.261618137359619 9.02334461111111
2.2680745124816895 9.093157722222221
2.2737531661987305 9.145517555555555
2.2794349193573 9.18042411111111
2.2845194339752197 9.232783944444444
2.2897794246673584 9.285143777777778
2.2954344749450684 9.320050333333333
2.3001325130462646 9.372410166666667
2.3061165809631348 9.407316722222221
2.3108088970184326 9.442223277777778
2.3176732063293457 9.49458311111111
2.3223788738250732 9.546942944444444
2.3282058238983154 9.599302777777776
2.333169460296631 9.634209333333333
2.3385846614837646 9.686569166666667
2.3435635566711426 9.721475722222221
2.349189043045044 9.773835555555555
2.353924036026001 9.82619538888889
2.359546661376953 9.861101944444444
2.3651952743530273 9.913461777777776
2.3712100982666016 9.96582161111111
2.376744508743286 10.018181444444444
2.381683111190796 10.053088
2.3873279094696045 10.105447833333333
2.392136812210083 10.157807666666667
2.3979690074920654 10.210167499999999
2.4027276039123535 10.245074055555556
2.408398151397705 10.297433888888888
2.413353681564331 10.332340444444444
2.419797658920288 10.402153555555554
2.425492763519287 10.437060111111112
2.430328607559204 10.489419944444444
2.436222791671753 10.541779777777778
2.4411780834198 10.576686333333333
2.4467031955718994 10.629046166666667
2.4516890048980713 10.663952722222222
2.457653760910034 10.716312555555556
2.462357997894287 10.768672388888888
2.4687247276306152 10.8384855
2.4737532138824463 10.890845333333333
2.4794273376464844 10.92575188888889
2.4845097064971924 10.978111722222222
2.4899868965148926 11.030471555555556
2.5135347843170166 11.22245761111111
2.520036220550537 11.292270722222222
2.525744915008545 11.344630555555556
2.530416250228882 11.396990388888888
2.5362625122070312 11.449350222222222
2.5412027835845947 11.484256777777777
2.5536093711853027 11.588976444444445
2.5594112873077393 11.641336277777778
2.5644826889038086 11.711149388888888
2.5711615085601807 11.763509222222222
2.5770721435546875 11.815869055555554
2.581876039505005 11.868228888888888
2.5877463817596436 11.920588722222222
2.5924837589263916 11.972948555555554
2.5982096195220947 12.025308388888888
2.603156566619873 12.060214944444445
2.608732223510742 12.112574777777777
2.6137495040893555 12.182387888888888
2.6193952560424805 12.217294444444445
2.6260874271392822 12.287107555555554
2.6307547092437744 12.32201411111111
2.6364283561706543 12.391827222222222
2.64131760597229 12.426733777777779
2.6468162536621094 12.47909361111111
2.6518027782440186 12.514000166666666
2.6575746536254883 12.583813277777777
2.6623318195343018 12.63617311111111
2.668160915374756 12.688532944444443
2.67382550239563 12.740892777777777
2.6794590950012207 12.79325261111111
2.685161828994751 12.845612444444443
2.6902692317962646 12.897972277777777
2.6963202953338623 12.96778538888889
2.7012009620666504 13.002691944444445
2.7071094512939453 13.055051777777779
2.7119791507720947 13.107411611111111
2.71805477142334 13.177224722222222
2.7237637042999268 13.229584555555556
2.729544162750244 13.281944388888888
2.735229015350342 13.334304222222222
2.7399914264678955 13.386664055555554
2.7457168102264404 13.421570611111111
2.750398874282837 13.49138372222222
2.7562692165374756 13.543743555555555
2.761150598526001 13.596103388888887
2.7666642665863037 13.64846322222222
2.771623373031616 13.683369777777775
2.783806800842285 13.822996
2.7934558391571045 13.910262388888889
2.7991814613342285 13.962622222222222
2.803925037384033 14.032435333333334
2.809536933898926 14.067341888888889
2.815187454223633 14.119701722222223
2.819894552230835 14.189514833333332
2.8265440464019775 14.241874666666666
2.8314032554626465 14.294234499999998
2.8371927738189697 14.346594333333332
2.842005491256714 14.416407444444443
2.847907304763794 14.468767277777776
2.852708578109741 14.503673833333332
2.858397960662842 14.573486944444445
2.863346576690674 14.6083935
2.868767499923706 14.678206611111111
2.8753700256347656 14.730566444444445
2.8800971508026123 14.800379555555555
2.8860340118408203 14.852739388888889
2.8907389640808105 14.905099222222221
2.896451711654663 14.957459055555555
2.9013140201568604 14.99236561111111
2.907223701477051 15.062178722222221
2.912062883377075 15.131991833333332
2.9177894592285156 15.166898388888887
2.9225330352783203 15.236711499999998
2.9291458129882812 15.289071333333332
2.9339206218719482 15.358884444444445
2.9395506381988525 15.393791
2.94938063621521 15.463604111111112
2.956470489501953 15.585777055555555
2.9613096714019775 15.620683611111112
2.967454433441162 15.690496722222221
2.972214698791504 15.760309833333332
2.9790852069854736 15.812669666666666
2.983844041824341 15.882482777777776
2.989469289779663 15.917389333333333
2.9950931072235107 15.987202444444442
2.9998135566711426 16.039562277777776
