0.005101442337036133 0.0
0.011058568954467773 -0.01745327777777778
0.01604747772216797 -0.03490655555555556
0.021865367889404297 -0.05235983333333333
0.027505874633789062 -0.05235983333333333
0.032591819763183594 -0.06981311111111112
0.039449453353881836 -0.06981311111111112
0.044249534606933594 -0.06981311111111112
0.04999542236328125 -0.08726638888888888
0.05472302436828613 -0.08726638888888888
0.0603945255279541 -0.08726638888888888
0.06513214111328125 -0.08726638888888888
0.07105708122253418 -0.08726638888888888
0.07769608497619629 -0.08726638888888888
0.08241081237792969 -0.06981311111111112
0.0891120433807373 -0.06981311111111112
0.09410619735717773 -0.06981311111111112
0.09984135627746582 -0.06981311111111112
0.10463738441467285 -0.05235983333333333
0.11031842231750488 -0.05235983333333333
0.11503481864929199 -0.03490655555555556
0.12071967124938965 -0.03490655555555556
0.12566518783569336 -0.01745327777777778
0.13149070739746094 -0.01745327777777778
0.1379554271697998 0.0
0.14275312423706055 0.01745327777777778
0.14867901802062988 0.03490655555555556
0.1535205841064453 0.05235983333333333
0.1591179370880127 0.06981311111111112
0.16419506072998047 0.06981311111111112
0.16990876197814941 0.08726638888888888
0.1746537685394287 0.12217294444444445
0.18036794662475586 0.13962622222222223
0.18597936630249023 0.1570795
0.1918938159942627 0.17453277777777776
0.19757771492004395 0.2094393333333333
0.20234227180480957 0.2268926111111111
0.20809435844421387 0.26179916666666664
0.2129065990447998 0.27925244444444447
0.21950244903564453 0.2967057222222222
0.2243654727935791 0.33161227777777774
0.23014402389526367 0.3490655555555555
0.23488879203796387 0.38397211111111107
0.24150609970092773 0.4188786666666666
0.24628043174743652 0.4537852222222222
0.252183198928833 0.4886917777777778
0.25791239738464355 0.5061450555555556
0.26262402534484863 0.5410516111111111
0.26871275901794434 0.5934114444444444
0.2736077308654785 0.6108647222222222
0.2794046401977539 0.6457712777777778
0.28423190116882324 0.698131111111111
0.2906074523925781 0.7330376666666667
0.29554033279418945 0.7679442222222221
0.30110931396484375 0.8028507777777777
0.3061554431915283 0.855210611111111
0.3120744228363037 0.8901171666666666
0.3178215026855469 0.9250237222222222
0.3225705623626709 0.9773835555555556
0.3285202980041504 1.029743388888889
0.33338451385498047 1.0646499444444444
0.3401648998260498 1.0995564999999998
0.3449125289916992 1.1519163333333333
0.35059046745300293 1.2042761666666666
0.355548620223999 1.239182722222222
0.36101198196411133 1.2915425555555555
0.366102933883667 1.3439023888888888
0.3719944953918457 1.3788089444444445
0.37765932083129883 1.4486220555555556
0.38240981101989746 1.5009818888888888
0.38830041885375977 1.5533417222222223
0.3989405632019043 1.6057015555555554
0.40749669075012207 1.7278745
0.41244935989379883 1.7802343333333333
0.41849422454833984 1.8500474444444444
0.4234189987182617 1.8849539999999998
0.42948079109191895 1.9547671111111111
0.43430447578430176 2.0071269444444444
0.4406733512878418 2.059486777777778
0.44567012786865234 2.1118466111111114
0.4511384963989258 2.1816597222222223
0.4561460018157959 2.251472833333333
0.4617767333984375 2.286379388888889
0.46687889099121094 2.3561924999999997
0.47214460372924805 2.426005611111111
0.4778861999511719 2.4609121666666667
0.482576847076416 2.5307252777777776
0.4886627197265625 2.6005383888888884
0.49459075927734375 2.6703514999999998
0.5003535747528076 2.740164611111111
0.5050866603851318 2.792524444444444
0.5107748508453369 2.8623375555555555
0.5157337188720703 2.914697388888889
0.5214197635650635 2.9845105
0.5261571407318115 3.054323611111111
0.5319266319274902 3.1066834444444447
0.5376541614532471 3.176496555555555
0.5435535907745361 3.246309666666667
0.5495188236236572 3.3335760555555556
0.5543704032897949 3.4033891666666665
0.5601015090942383 3.4382957222222226
0.5648677349090576 3.525562111111111
0.5705714225769043 3.5953752222222217
0.5755336284637451 3.6477350555555557
0.5810949802398682 3.7175481666666665
0.5860657691955566 3.8048145555555553
0.5923490524291992 3.857174388888889
0.5983502864837646 3.9618940555555553
0.603053092956543 4.014253888888889
0.6088957786560059 4.084067
0.6137385368347168 4.136426833333333
0.6195106506347656 4.223693222222223
0.6243360042572021 4.293506333333333
0.6300632953643799 4.345866166666666
0.6348025798797607 4.433132555555556
0.6404824256896973 4.520398944444445
0.6462581157684326 4.590212055555555
0.6519432067871094 4.642571888888889
0.657588005065918 4.729838277777778
0.662445068359375 4.799651388888888
0.6684720516204834 4.886917777777778
0.6733839511871338 4.939277611111111
0.6789402961730957 5.026544
0.6838154792785645 5.078903833333333
0.6895794868469238 5.148716944444444
0.6954944133758545 5.235983333333333
0.700878381729126 5.323249722222222
0.7058792114257812 5.375609555555555
0.7116062641143799 5.462875944444445
0.7163400650024414 5.532689055555555
0.7220475673675537 5.585048888888888
0.7277343273162842 5.672315277777778
0.732586145401001 5.742128388888888
0.7385163307189941 5.829394777777778
0.7433769702911377 5.881754611111111
0.7500796318054199 5.969021
0.7548012733459473 6.056287388888888
0.7604906558990479 6.1261005
0.7654592990875244 6.178460333333333
0.7709078788757324 6.265726722222222
0.7758908271789551 6.318086555555555
0.7815473079681396 6.405352944444444
0.7862896919250488 6.475166055555555
0.7921442985534668 6.562432444444444
0.8050899505615234 6.6846053888888886
0.8109192848205566 6.789325055555555
0.8159000873565674 6.859138166666666
0.8217623233795166 6.928951277777778
0.8268659114837646 7.016217666666667
0.8323676586151123 7.086030777777777
0.8380656242370605 7.13839061111111
0.8427689075469971 7.208203722222222
0.8500370979309082 7.295470111111111
0.854780912399292 7.365283222222223
0.8604769706726074 7.4525496111111105
0.8654251098632812 7.487456166666666
0.8708922863006592 7.574722555555555
0.8758254051208496 7.627082388888888
0.8815381526947021 7.6968955
0.8863043785095215 7.766708611111111
0.8920109272003174 7.8190684444444445
0.898590087890625 7.923788111111111
0.9034750461578369 7.976147944444444
0.9091691970825195 8.045961055555555
0.9142205715179443 8.115774166666666
0.9200828075408936 8.150680722222223
0.9248099327087402 8.220493833333332
0.9304978847503662 8.290306944444444
0.93548583984375 8.342666777777778
0.9409103393554688 8.412479888888887
0.9458997249603271 8.464839722222223
0.9522526264190674 8.552106111111112
0.9579789638519287 8.604465944444444
0.9626681804656982 8.656825777777778
0.9687590599060059 8.726638888888889
0.9736387729644775 8.761545444444444
0.979423999786377 8.831358555555555
0.9842648506164551 8.901171666666666
0.9900045394897461 8.936078222222223
0.9947659969329834 9.005891333333333
1.0014705657958984 9.058251166666667
1.0062434673309326 9.128064277777778
1.011908769607544 9.162970833333333
1.0175914764404297 9.215330666666667
1.022341251373291 9.2676905
1.0280847549438477 9.320050333333333
1.033381700515747 9.372410166666667
1.038957118988037 9.424769999999999
1.043848991394043 9.459676555555555
1.0505883693695068 9.529489666666667
1.0555520057678223 9.564396222222221
1.0610218048095703 9.616756055555555
1.066033124923706 9.651662611111112
1.0723876953125 9.704022444444444
1.0783791542053223 9.756382277777778
1.0831196308135986 9.791288833333333
1.0890247821807861 9.843648666666667
1.0940496921539307 9.878555222222221
1.1005544662475586 9.913461777777776
1.105541467666626 9.96582161111111
1.111006736755371 10.000728166666665
1.1160447597503662 10.035634722222223
1.1217761039733887 10.070541277777778
1.1274173259735107 10.105447833333333
1.1321804523468018 10.14035438888889
1.1379733085632324 10.175260944444444
1.1427197456359863 10.210167499999999
1.1487984657287598 10.245074055555556
1.1547157764434814 10.262527333333333
1.1604242324829102 10.297433888888888
1.1654136180877686 10.314887166666665
1.1708779335021973 10.349793722222222
1.1758763790130615 10.367246999999999
1.1855111122131348 10.419606833333333
1.1915028095245361 10.437060111111112
1.2030754089355469 10.45451338888889
1.2107744216918945 10.524326499999999
1.2157680988311768 10.524326499999999
1.2216708660125732 10.541779777777778
1.2304589748382568 10.576686333333333
1.23543119430542 10.59413961111111
1.2408447265625 10.59413961111111
1.245811939239502 10.611592888888888
1.252112865447998 10.629046166666667
1.257927656173706 10.629046166666667
1.2635042667388916 10.646499444444444
1.2694244384765625 10.646499444444444
1.2742645740509033 10.663952722222222
1.2800216674804688 10.663952722222222
1.284759521484375 10.663952722222222
1.2904300689697266 10.663952722222222
1.2951719760894775 10.663952722222222
1.3008489608764648 10.663952722222222
1.3075892925262451 10.663952722222222
1.3124721050262451 10.663952722222222
1.3184139728546143 10.663952722222222
1.3231732845306396 10.663952722222222
1.3290698528289795 10.663952722222222
1.3340680599212646 10.663952722222222
1.3398969173431396 10.663952722222222
1.344660758972168 10.646499444444444
1.35038423538208 10.646499444444444
1.3561396598815918 10.629046166666667
1.3618271350860596 10.629046166666667
1.3675386905670166 10.611592888888888
1.3723564147949219 10.611592888888888
1.3780944347381592 10.59413961111111
1.3828978538513184 10.59413961111111
1.3888583183288574 10.576686333333333
1.3938071727752686 10.559233055555556
1.3995795249938965 10.559233055555556
1.4054796695709229 10.524326499999999
1.4109158515930176 10.524326499999999
1.4159154891967773 10.506873222222222
1.4216821193695068 10.489419944444444
1.4268512725830078 10.45451338888889
1.432152509689331 10.437060111111112
1.4378511905670166 10.419606833333333
1.4427123069763184 10.402153555555554
1.4487981796264648 10.384700277777776
1.4537310600280762 10.367246999999999
1.4604301452636719 10.332340444444444
1.4654088020324707 10.314887166666665
1.470884084701538 10.27998061111111
1.4758796691894531 10.262527333333333
1.481640338897705 10.227620777777778
1.486793041229248 10.210167499999999
1.4920990467071533 10.175260944444444
1.4978199005126953 10.14035438888889
1.502556562423706 10.105447833333333
1.5098295211791992 10.070541277777778
1.5146441459655762 10.035634722222223
1.5203726291656494 10.000728166666665
1.5251169204711914 9.983274888888888
1.5308053493499756 9.948368333333333
1.535792350769043 9.913461777777776
1.5415074825286865 9.878555222222221
1.5462613105773926 9.82619538888889
1.5519869327545166 9.80874211111111
1.5585901737213135 9.756382277777778
1.5634891986846924 9.721475722222221
1.5695536136627197 9.66911588888889
1.5743882656097412 9.634209333333333
1.5801880359649658 9.599302777777776
1.5849545001983643 9.546942944444444
1.5906381607055664 9.512036388888887
1.5956575870513916 9.477129833333333
1.6089723110198975 9.35495688888889
1.613943338394165 9.320050333333333
1.6199307441711426 9.2676905
1.6246681213378906 9.215330666666667
1.6306374073028564 9.162970833333333
1.6356348991394043 9.128064277777778
1.6411097049713135 9.075704444444444
1.6461522579193115 9.005891333333333
1.6518371105194092 8.970984777777778
1.6575064659118652 8.918624944444444
1.6633892059326172 8.866265111111112
1.6689941883087158 8.796451999999999
1.6739513874053955 8.761545444444444
1.679657220840454 8.70918561111111
1.684459924697876 8.6393725
1.6904098987579346 8.569559388888889
1.695174217224121 8.534652833333334
1.7010343074798584 8.464839722222223
1.7060794830322266 8.412479888888887
1.7125184535980225 8.342666777777778
1.7184035778045654 8.290306944444444
1.723130464553833 8.237947111111112
1.7288169860839844 8.168134
1.733682632446289 8.133227444444444
1.7394640445709229 8.063414333333334
1.7442893981933594 7.993601222222221
1.750213384628296 7.941241388888888
1.7550714015960693 7.888881555555555
1.7616627216339111 7.8190684444444445
1.7668135166168213 7.749255333333333
1.7721257209777832 7.679442222222223
1.7778058052062988 7.627082388888888
1.7824828624725342 7.5572692777777775
1.788365364074707 7.487456166666666
1.7930927276611328 7.4525496111111105
1.7988171577453613 7.3827365
1.803678274154663 7.330376666666667
1.8096177577972412 7.260563555555555
1.8155102729797363 7.1907504444444434
1.8209855556488037 7.120937333333333
1.8259949684143066 7.0685775
1.8318150043487549 6.998764388888889
1.8374760150909424 6.928951277777778
1.8422226905822754 6.859138166666666
1.8479602336883545 6.806778333333333
1.8526816368103027 6.719511944444444
1.8585717678070068 6.649698833333333
1.8644068241119385 6.5798857222222225
1.8703365325927734 6.510072611111111
1.8750853538513184 6.457712777777777
1.8807783126831055 6.3704463888888885
1.8857200145721436 6.335539833333333
1.8911664485931396 6.248273444444444
1.8961594104766846 6.178460333333333
1.901796579360962 6.1261005
1.9074790477752686 6.056287388888888
1.9130182266235352 5.969021
1.9187994003295898 5.899207888888888
1.923666000366211 5.846848055555555
1.9296481609344482 5.777034944444444
1.934459924697876 5.689768555555555
1.940269947052002 5.619955444444445
1.9449818134307861 5.567595611111111
1.9507136344909668 5.480329222222222
1.9556584358215332 5.427969388888889
1.961503028869629 5.358156277777778
1.9680554866790771 5.2883431666666665
1.972776174545288 5.201076777777777
1.978661298751831 5.1312636666666664
1.9835171699523926 5.078903833333333
1.9895243644714355 4.991637444444444
1.9943323135375977 4.921824333333333
2.0049939155578613 4.799651388888888
2.0120201110839844 4.712384999999999
2.0188333988189697 4.607665333333333
2.0237371921539307 4.555305499999999
2.029665946960449 4.485492388888889
2.034543991088867 4.398225999999999
2.0402424335479736 4.328412888888889
2.0449812412261963 4.276053055555556
2.0508415699005127 4.206239944444444
2.0558419227600098 4.1538801111111106
2.0615274906158447 4.066613722222222
2.0680460929870605 3.9968006111111105
2.0738375186920166 3.9269875
2.079603433609009 3.857174388888889
2.0844249725341797 3.7699079999999996
2.090453624725342 3.7000948888888887
2.095398426055908 3.6477350555555557
2.10086989402771 3.5779219444444443
2.1059224605560303 3.525562111111111
2.111771583557129 3.455749
2.1183714866638184 3.351029333333333
2.1230549812316895 3.2986695
2.1287953853607178 3.2288563888888886
2.1336755752563477 3.193949833333333
2.1395223140716553 3.124136722222222
2.1443772315979004 3.0368703333333333
2.1501524448394775 3.0019637777777777
2.1549110412597656 2.932150666666667
2.1605842113494873 2.8623375555555555
2.166322708129883 2.8099777222222224
2.172207832336426 2.7227113333333333
2.177954912185669 2.6703514999999998
2.190783739089966 2.513272
2.203735113143921 2.408552333333333
2.215106725692749 2.251472833333333
2.2259018421173096 2.1467531666666666
2.238866090774536 2.0071269444444444
2.243779420852661 1.9547671111111111
2.2495980262756348 1.9024072777777776
2.254458427429199 1.8325941666666667
2.260232448577881 1.7802343333333333
2.2649853229522705 1.7453277777777778
2.271702289581299 1.6755146666666665
2.2774157524108887 1.6231548333333334
2.2822024822235107 1.570795
2.287956714630127 1.5358884444444443
2.293036460876465 1.483528611111111
2.3003814220428467 1.4311687777777777
2.3054049015045166 1.3788089444444445
2.3110227584838867 1.326449111111111
2.3161110877990723 1.2915425555555555
2.322659730911255 1.2217294444444444
2.328748941421509 1.1693696111111112
2.333651065826416 1.1344630555555555
2.33947491645813 1.0995564999999998
2.344346523284912 1.0471966666666666
2.350334644317627 1.0122901111111111
2.3550844192504883 0.9773835555555556
2.360772132873535 0.9250237222222222
2.3657937049865723 0.9075704444444443
2.37218976020813 0.855210611111111
2.377943992614746 0.8203040555555555
2.3826730251312256 0.7853975
2.388572931289673 0.7504909444444444
2.393512010574341 0.7330376666666667
2.404313802719116 0.698131111111111
2.411574602127075 0.628318
2.4163765907287598 0.5934114444444444
2.4231626987457275 0.5759581666666667
2.4290993213653564 0.5410516111111111
2.4341981410980225 0.5061450555555556
2.4399476051330566 0.4886917777777778
2.446375608444214 0.4537852222222222
2.4521145820617676 0.43633194444444445
2.4578232765197754 0.4188786666666666
2.462543487548828 0.40142538888888885
2.4686317443847656 0.38397211111111107
2.4746017456054688 0.36651883333333335
2.4805190563201904 0.3490655555555555
2.4854609966278076 0.33161227777777774
2.4908926486968994 0.314159
2.4958691596984863 0.314159
2.50156831741333 0.2967057222222222
2.506317138671875 0.27925244444444447
2.511995553970337 0.27925244444444447
2.520472526550293 0.26179916666666664
2.5261642932891846 0.26179916666666664
2.5320050716400146 0.2443458888888889
2.537698745727539 0.2443458888888889
2.5424273014068604 0.2443458888888889
2.5483195781707764 0.2443458888888889
2.5530171394348145 0.2268926111111111
2.5587477684020996 0.2268926111111111
2.563645839691162 0.2268926111111111
2.5694470405578613 0.2268926111111111
2.575129270553589 0.2443458888888889
2.5808777809143066 0.2443458888888889
2.585885763168335 0.2443458888888889
2.591757297515869 0.2443458888888889
2.596867561340332 0.26179916666666664
2.6021735668182373 0.26179916666666664
2.6079158782958984 0.26179916666666664
2.61344575881958 0.27925244444444447
2.6190390586853027 0.27925244444444447
2.624964714050293 0.2967057222222222
2.630679130554199 0.2967057222222222
2.635617733001709 0.314159
2.641070604324341 0.33161227777777774
2.6460673809051514 0.33161227777777774
2.6519739627838135 0.3490655555555555
2.6576550006866455 0.36651883333333335
2.6624717712402344 0.38397211111111107
2.6683895587921143 0.40142538888888885
2.673095226287842 0.40142538888888885
2.6800708770751953 0.43633194444444445
2.6848208904266357 0.4537852222222222
2.6904914379119873 0.47123849999999995
2.695466995239258 0.4886917777777778
2.7009150981903076 0.5061450555555556
2.705965757369995 0.5235983333333333
2.7118117809295654 0.5585048888888889
2.7175095081329346 0.5759581666666667
2.722255229949951 0.6108647222222222
2.728971004486084 0.628318
2.7339887619018555 0.6457712777777778
2.7399611473083496 0.6806778333333333
2.744710683822632 0.7155843888888889
2.750439405441284 0.7504909444444444
2.7554354667663574 0.7679442222222221
2.7608752250671387 0.8028507777777777
2.765887498855591 0.8203040555555555
2.771751642227173 0.8726638888888889
2.7784905433654785 0.9250237222222222
2.7831761837005615 0.9424769999999999
2.7889654636383057 0.9773835555555556
2.7939865589141846 1.0122901111111111
2.804628849029541 1.0471966666666666
2.812060594558716 1.1344630555555555
2.8178117275238037 1.1693696111111112
2.8228986263275146 1.2217294444444444
2.8301069736480713 1.2740892777777777
2.8348679542541504 1.3089958333333334
2.840703010559082 1.3613556666666666
2.8456833362579346 1.396262222222222
2.851137638092041 1.4486220555555556
2.856153964996338 1.483528611111111
2.861804485321045 1.5184351666666667
2.8674509525299072 1.570795
2.8723647594451904 1.6231548333333334
2.878983974456787 1.6929679444444443
2.8839588165283203 1.7278745
2.8899002075195312 1.7802343333333333
2.894672155380249 1.8325941666666667
2.900364637374878 1.8849539999999998
2.9051318168640137 1.9198605555555557
2.9108352661132812 1.9896736666666666
2.9157865047454834 2.0245802222222222
2.9214775562286377 2.0769400555555553
2.926276683807373 2.1467531666666666
2.932738780975342 2.1991129999999997
2.938662052154541 2.268926111111111
2.943540096282959 2.3038326666666666
2.949460744857788 2.3736457777777775
2.954263687133789 2.426005611111111
2.960003137588501 2.478365444444444
2.964714527130127 2.5307252777777776
2.9704110622406006 2.6005383888888884
2.9751458168029785 2.652898222222222
2.9818296432495117 2.7227113333333333
2.987536668777466 2.7750711666666663
2.9922609329223633 2.8448842777777776
2.9980106353759766 2.897244111111111
