0.003622293472290039 0.0
0.008495330810546875 -0.03490655555555556
0.014639139175415039 -0.06981311111111112
0.019588947296142578 -0.08726638888888888
0.025584697723388672 -0.10471966666666666
0.03046870231628418 -0.13962622222222223
0.036272287368774414 -0.1570795
0.04205918312072754 -0.17453277777777776
0.05028343200683594 -0.19198605555555553
0.06472253799438477 -0.2094393333333333
0.07396388053894043 -0.2094393333333333
0.08386087417602539 -0.2094393333333333
0.09749031066894531 -0.19198605555555553
0.10233497619628906 -0.19198605555555553
0.10810184478759766 -0.17453277777777776
0.11384248733520508 -0.17453277777777776
0.12624502182006836 -0.13962622222222223
0.13109040260314941 -0.12217294444444445
0.1369473934173584 -0.10471966666666666
0.14367437362670898 -0.06981311111111112
0.14868664741516113 -0.05235983333333333
0.15464115142822266 -0.03490655555555556
0.15956664085388184 -0.01745327777777778
0.16715431213378906 0.03490655555555556
0.176116943359375 0.06981311111111112
0.18088269233703613 0.10471966666666666
0.18665695190429688 0.13962622222222223
0.19282793998718262 0.17453277777777776
0.19815301895141602 0.2094393333333333
0.20388293266296387 0.2443458888888889
0.20878386497497559 0.27925244444444447
0.21476125717163086 0.314159
0.21967530250549316 0.3490655555555555
0.22549033164978027 0.38397211111111107
0.23034143447875977 0.43633194444444445
0.23759675025939941 0.4886917777777778
0.2445080280303955 0.5585048888888889
0.24946022033691406 0.5934114444444444
0.2554476261138916 0.6457712777777778
0.2603318691253662 0.698131111111111
0.2664315700531006 0.7504909444444444
0.27145886421203613 0.7853975
0.27710986137390137 0.8377573333333332
0.2821462154388428 0.8901171666666666
0.28784608840942383 0.9424769999999999
0.29448843002319336 1.0122901111111111
0.29943060874938965 1.0471966666666666
0.305084228515625 1.1170097777777779
0.31009888648986816 1.1519163333333333
0.315932035446167 1.2217294444444444
0.32071661949157715 1.2915425555555555
0.3266174793243408 1.3613556666666666
0.3315887451171875 1.396262222222222
0.33709073066711426 1.4660753333333334
0.3420982360839844 1.5358884444444443
0.3484458923339844 1.6057015555555554
0.354386568069458 1.6755146666666665
0.3591182231903076 1.710421222222222
0.36488842964172363 1.7802343333333333
0.3697934150695801 1.8325941666666667
0.3755776882171631 1.9024072777777776
0.38042140007019043 1.9896736666666666
0.38639211654663086 2.059486777777778
0.3911705017089844 2.1118466111111114
0.39786505699157715 2.1816597222222223
0.40354490280151367 2.251472833333333
0.4084665775299072 2.3387392222222223
0.4144148826599121 2.408552333333333
0.4191257953643799 2.4609121666666667
0.4248974323272705 2.5307252777777776
0.42981719970703125 2.583085111111111
0.4356114864349365 2.6703514999999998
0.4404458999633789 2.740164611111111
0.4474503993988037 2.827431
0.4522707462310791 2.897244111111111
0.4579613208770752 2.949603944444444
0.463655948638916 3.0368703333333333
0.4684302806854248 3.1066834444444447
0.47437620162963867 3.176496555555555
0.4790961742401123 3.246309666666667
0.48485398292541504 3.3161227777777778
0.4897727966308594 3.368482611111111
0.49635934829711914 3.455749
0.5014317035675049 3.525562111111111
0.5070972442626953 3.5953752222222217
0.5121328830718994 3.6826416111111113
0.5221946239471436 3.8048145555555553
0.5303294658660889 3.9095342222222222
0.5363986492156982 3.9968006111111105
0.5414621829986572 4.0491604444444445
0.548121452331543 4.136426833333333
0.5538942813873291 4.188786666666666
0.5587759017944336 4.2585997777777775
0.5648953914642334 4.345866166666666
0.5698249340057373 4.398225999999999
0.5755922794342041 4.4680391111111115
0.5804507732391357 4.537852222222222
0.5863032341003418 4.607665333333333
0.5910694599151611 4.642571888888889
0.597722053527832 4.712384999999999
0.6034643650054932 4.782198111111111
0.6082603931427002 4.852011222222222
0.6140744686126709 4.904371055555555
0.6189248561859131 4.974184166666666
0.624932050704956 5.026544
0.6298537254333496 5.078903833333333
0.63564133644104 5.1312636666666664
0.6406574249267578 5.201076777777777
0.6464102268218994 5.270889888888889
0.6522459983825684 5.323249722222222
0.6579468250274658 5.358156277777778
0.6636571884155273 5.410516111111111
0.6686007976531982 5.480329222222222
0.6745758056640625 5.532689055555555
0.6795072555541992 5.567595611111111
0.6855335235595703 5.619955444444445
0.6904246807098389 5.654862
0.696230411529541 5.689768555555555
0.7020604610443115 5.742128388888888
0.7077751159667969 5.794488222222222
0.7134709358215332 5.829394777777778
0.718268632888794 5.864301333333334
0.72402024269104 5.899207888888888
0.7288002967834473 5.934114444444444
0.7347781658172607 5.969021
0.7396895885467529 6.003927555555555
0.7457058429718018 6.021380833333334
0.7517032623291016 6.056287388888888
0.7571969032287598 6.091193944444444
0.7622425556182861 6.108647222222222
0.7680172920227051 6.1261005
0.7737064361572266 6.161007055555555
0.7784481048583984 6.178460333333333
0.7844130992889404 6.195913611111111
0.7891519069671631 6.213366888888889
0.795081377029419 6.213366888888889
0.8009977340698242 6.230820166666667
0.8069198131561279 6.248273444444444
0.8119368553161621 6.248273444444444
0.8176829814910889 6.265726722222222
0.8228468894958496 6.265726722222222
0.8281710147857666 6.28318
0.8339600563049316 6.28318
0.8389413356781006 6.28318
0.8447840213775635 6.28318
0.8496813774108887 6.28318
0.8564035892486572 6.265726722222222
0.8611948490142822 6.265726722222222
0.8670754432678223 6.265726722222222
0.8721868991851807 6.248273444444444
0.877894401550293 6.248273444444444
0.8836188316345215 6.230820166666667
0.8883979320526123 6.213366888888889
0.8943161964416504 6.213366888888889
0.8990986347198486 6.195913611111111
0.9060719013214111 6.178460333333333
0.9108636379241943 6.161007055555555
0.9166042804718018 6.143553777777777
0.9289493560791016 6.091193944444444
0.9350049495697021 6.056287388888888
0.9401454925537109 6.038834111111111
0.9461865425109863 6.021380833333334
0.9510867595672607 5.986474277777777
0.9579293727874756 5.951567722222221
0.9636588096618652 5.916661166666667
0.9695007801055908 5.881754611111111
0.9751501083374023 5.846848055555555
0.9802448749542236 5.8119415
0.9862461090087891 5.777034944444444
0.9910244941711426 5.742128388888888
0.9967529773712158 5.707221833333333
1.0017855167388916 5.672315277777778
1.0081360340118408 5.619955444444445
1.0139262676239014 5.585048888888888
1.0186903476715088 5.532689055555555
1.0246260166168213 5.480329222222222
1.0295393466949463 5.4454226666666665
1.0351617336273193 5.410516111111111
1.0403029918670654 5.358156277777778
1.0462708473205566 5.305796444444444
1.0510413646697998 5.270889888888889
1.0579102039337158 5.201076777777777
1.063610553741455 5.148716944444444
1.068378210067749 5.096357111111111
1.0741121768951416 5.061450555555555
1.0790555477142334 4.991637444444444
1.0848495960235596 4.939277611111111
1.0897881984710693 4.886917777777778
1.095578670501709 4.834557944444445
1.1004362106323242 4.764744833333333
1.107130765914917 4.712384999999999
1.1121559143066406 4.642571888888889
1.1178393363952637 4.590212055555555
1.1235580444335938 4.537852222222222
1.1283478736877441 4.4680391111111115
1.134084701538086 4.415679277777778
1.1389203071594238 4.3633194444444445
1.1447632312774658 4.293506333333333
1.14967679977417 4.2411465
1.1563856601715088 4.171333388888889
1.161433219909668 4.1015202777777775
1.1670689582824707 4.031707166666667
1.1721067428588867 3.9618940555555553
1.177842378616333 3.9095342222222222
1.1835384368896484 3.8397211111111114
1.1884698867797852 3.7699079999999996
1.1943929195404053 3.7000948888888887
1.199108362197876 3.6477350555555557
1.2048587799072266 3.5779219444444443
1.2108032703399658 3.4906555555555556
1.216538429260254 3.420842444444444
1.2215094566345215 3.368482611111111
1.227149248123169 3.2986695
1.232177972793579 3.2288563888888886
1.2378904819488525 3.176496555555555
1.2436296939849854 3.1066834444444447
1.2483980655670166 3.0194170555555555
1.254112958908081 2.949603944444444
1.260155439376831 2.897244111111111
1.2659912109375 2.827431
1.270799160003662 2.757617888888889
1.2764942646026611 2.6703514999999998
1.2851040363311768 2.583085111111111
1.2901394367218018 2.5307252777777776
1.2959744930267334 2.443458888888889
1.3007783889770508 2.3736457777777775
1.3065054416656494 2.3038326666666666
1.3123314380645752 2.2340195555555558
1.3182742595672607 2.1642064444444444
1.330698013305664 2.0420335
1.3366367816925049 1.9373138333333333
1.341679334640503 1.8849539999999998
1.3477132320404053 1.8151408888888887
1.3528943061828613 1.7453277777777778
1.359513521194458 1.6755146666666665
1.365178108215332 1.6057015555555554
1.3702616691589355 1.5358884444444443
1.3760356903076172 1.5009818888888888
1.3808889389038086 1.4311687777777777
1.3866772651672363 1.3613556666666666
1.3916826248168945 1.326449111111111
1.3974266052246094 1.256636
1.402280569076538 1.1868228888888888
1.4081416130065918 1.1170097777777779
1.414802074432373 1.0646499444444444
1.4197049140930176 1.029743388888889
1.4255447387695312 0.9599302777777778
1.4304254055023193 0.9075704444444443
1.436333179473877 0.8377573333333332
1.4411468505859375 0.8028507777777777
1.4470515251159668 0.7504909444444444
1.452103853225708 0.698131111111111
1.4578258991241455 0.6632245555555555
1.4647271633148193 0.5934114444444444
1.469681978225708 0.5585048888888889
1.4755020141601562 0.5061450555555556
1.480381965637207 0.4537852222222222
1.4861924648284912 0.43633194444444445
1.491149663925171 0.38397211111111107
1.4968996047973633 0.3490655555555555
1.501934289932251 0.314159
1.5076804161071777 0.27925244444444447
1.5143718719482422 0.2268926111111111
1.5191481113433838 0.2094393333333333
1.525118350982666 0.17453277777777776
1.5302436351776123 0.13962622222222223
1.5360097885131836 0.12217294444444445
1.5408239364624023 0.08726638888888888
1.5465497970581055 0.05235983333333333
1.5515787601470947 0.03490655555555556
1.5570886135101318 0.01745327777777778
1.5638022422790527 0.0
1.5684938430786133 -0.01745327777777778
1.5745787620544434 -0.03490655555555556
1.5795390605926514 -0.05235983333333333
1.585585594177246 -0.06981311111111112
1.5904364585876465 -0.06981311111111112
1.5961990356445312 -0.08726638888888888
1.601010799407959 -0.08726638888888888
1.6067214012145996 -0.10471966666666666
1.6118004322052002 -0.10471966666666666
1.6183335781097412 -0.10471966666666666
1.6241068840026855 -0.10471966666666666
1.629042148590088 -0.10471966666666666
1.6348390579223633 -0.10471966666666666
1.639765977859497 -0.10471966666666666
1.6458642482757568 -0.08726638888888888
1.6507244110107422 -0.08726638888888888
1.6564850807189941 -0.06981311111111112
1.6615097522735596 -0.06981311111111112
1.6678617000579834 -0.05235983333333333
1.673616647720337 -0.05235983333333333
1.6783926486968994 -0.03490655555555556
1.6843206882476807 -0.01745327777777778
1.6890935897827148 0.0
1.6948542594909668 0.01745327777777778
1.6997909545898438 0.03490655555555556
1.705932855606079 0.05235983333333333
1.7107360363006592 0.06981311111111112
1.7174854278564453 0.10471966666666666
1.7282190322875977 0.13962622222222223
1.7355968952178955 0.19198605555555553
1.7404639720916748 0.2268926111111111
1.7464485168457031 0.2443458888888889
1.7514498233795166 0.27925244444444447
1.757138967514038 0.314159
1.7622087001800537 0.3490655555555555
1.7689523696899414 0.38397211111111107
1.7748041152954102 0.43633194444444445
1.779740571975708 0.4537852222222222
1.7855925559997559 0.5061450555555556
1.7905621528625488 0.5410516111111111
1.7963356971740723 0.5934114444444444
1.8011367321014404 0.628318
1.806828498840332 0.6632245555555555
1.8118538856506348 0.698131111111111
1.818342924118042 0.7679442222222221
1.8240838050842285 0.8028507777777777
1.8291974067687988 0.855210611111111
1.8354482650756836 0.9075704444444443
1.8403444290161133 0.9773835555555556
1.8461809158325195 1.0122901111111111
1.8509721755981445 1.0646499444444444
1.8567001819610596 1.1170097777777779
1.8616986274719238 1.1693696111111112
1.8681764602661133 1.239182722222222
1.8739964962005615 1.2915425555555555
1.8787455558776855 1.3439023888888888
1.884842872619629 1.4137155
1.8897740840911865 1.4660753333333334
1.8955814838409424 1.5184351666666667
1.9004404544830322 1.5882482777777776
1.9062151908874512 1.640608111111111
1.9111249446868896 1.710421222222222
1.9168181419372559 1.7627810555555554
1.923567295074463 1.8500474444444444
1.9283459186553955 1.9198605555555557
1.93412184715271 1.9547671111111111
1.9389755725860596 2.0245802222222222
1.9449505805969238 2.094393333333333
1.949842929840088 2.1467531666666666
1.9569602012634277 2.251472833333333
1.96195650100708 2.3038326666666666
1.9694483280181885 2.3736457777777775
1.975029468536377 2.478365444444444
1.9800071716308594 2.513272
1.9858148097991943 2.6005383888888884
1.990645408630371 2.6703514999999998
1.9963932037353516 2.757617888888889
2.0014231204986572 2.8099777222222224
2.007077217102051 2.8797908333333333
2.0120961666107178 2.967057222222222
2.0178117752075195 3.0194170555555555
2.024562358856201 3.124136722222222
2.0294644832611084 3.176496555555555
2.0350611209869385 3.246309666666667
2.040095090866089 3.2986695
2.045936107635498 3.3859358888888886
2.0507075786590576 3.455749
2.0564417839050293 3.5430153888888887
2.0611984729766846 3.5953752222222217
2.0670833587646484 3.6651883333333335
2.073847532272339 3.752454722222222
2.0785939693450928 3.822267833333333
2.084571599960327 3.9095342222222222
2.0895092487335205 3.9618940555555553
2.0955426692962646 4.031707166666667
2.100451946258545 4.1015202777777775
2.1062710285186768 4.188786666666666
2.111053466796875 4.2411465
2.116791009902954 4.310959611111111
2.12838077545166 4.4680391111111115
2.136122703552246 4.537852222222222
2.140896797180176 4.607665333333333
2.1467673778533936 4.677478444444445
2.1517512798309326 4.729838277777778
2.15767502784729 4.799651388888888
2.1628165245056152 4.8694645
2.1681480407714844 4.939277611111111
2.1748974323272705 5.009090722222222
2.1798298358917236 5.061450555555555
2.1859588623046875 5.1312636666666664
2.190751552581787 5.201076777777777
2.196495771408081 5.253436611111111
2.201460123062134 5.305796444444444
2.2069263458251953 5.358156277777778
2.211951494216919 5.410516111111111
2.217686653137207 5.462875944444445
2.2245395183563232 5.515235777777778
2.2294886112213135 5.585048888888888
2.235077142715454 5.637408722222222
2.2401087284088135 5.672315277777778
2.246093273162842 5.724675111111111
2.2508344650268555 5.777034944444444
2.256572723388672 5.829394777777778
2.261563301086426 5.864301333333334
2.2670929431915283 5.916661166666667
2.272148370742798 5.969021
2.2784979343414307 6.003927555555555
2.284416913986206 6.056287388888888
2.289165496826172 6.073740666666667
2.2949752807617188 6.108647222222222
2.3000195026397705 6.143553777777777
2.3059933185577393 6.178460333333333
2.3107964992523193 6.213366888888889
2.316505193710327 6.248273444444444
2.321498394012451 6.265726722222222
2.328115940093994 6.300633277777777
2.3338212966918945 6.318086555555555
2.3385446071624756 6.35299311111111
2.3444554805755615 6.3704463888888885
2.3491859436035156 6.387899666666666
2.3551902770996094 6.405352944444444
2.3602755069732666 6.4228062222222215
2.3662307262420654 6.440259499999999
2.37107253074646 6.457712777777777
2.3778016567230225 6.457712777777777
2.383537530899048 6.475166055555555
2.38832950592041 6.475166055555555
2.3940670490264893 6.492619333333334
2.3989319801330566 6.492619333333334
2.4047768115997314 6.492619333333334
2.4096932411193848 6.492619333333334
2.415565013885498 6.492619333333334
2.4204726219177246 6.492619333333334
2.42743182182312 6.492619333333334
2.4322733879089355 6.475166055555555
2.4379701614379883 6.475166055555555
2.443718671798706 6.475166055555555
2.4484682083129883 6.457712777777777
2.454399824142456 6.457712777777777
2.459110975265503 6.440259499999999
2.4648983478546143 6.4228062222222215
2.469829559326172 6.4228062222222215
2.4756486415863037 6.405352944444444
2.4815711975097656 6.387899666666666
2.4874963760375977 6.35299311111111
2.492310047149658 6.335539833333333
2.4980809688568115 6.318086555555555
2.503854751586914 6.300633277777777
2.508601665496826 6.265726722222222
2.514564037322998 6.248273444444444
2.5194783210754395 6.213366888888889
2.5323829650878906 6.161007055555555
2.5383102893829346 6.108647222222222
2.547121286392212 6.073740666666667
2.552145004272461 6.021380833333334
2.5580341815948486 6.003927555555555
2.5637807846069336 5.969021
2.5685110092163086 5.916661166666667
2.5744621753692627 5.864301333333334
2.5803985595703125 5.829394777777778
2.586245059967041 5.777034944444444
2.591015338897705 5.759581666666667
2.5967519283294678 5.707221833333333
2.6017842292785645 5.672315277777778
2.6076841354370117 5.619955444444445
2.612877368927002 5.567595611111111
2.6183767318725586 5.515235777777778
2.6241254806518555 5.462875944444445
2.6302504539489746 5.410516111111111
2.636035203933716 5.358156277777778
2.6408843994140625 5.305796444444444
2.6466004848480225 5.253436611111111
2.6515679359436035 5.201076777777777
2.6570496559143066 5.148716944444444
2.6620845794677734 5.096357111111111
2.667959690093994 5.043997277777778
2.6736323833465576 4.991637444444444
2.678389072418213 4.921824333333333
2.685152769088745 4.852011222222222
2.6902828216552734 4.782198111111111
2.6961233615875244 4.747291555555555
2.70086932182312 4.677478444444445
2.7066092491149902 4.607665333333333
2.711580991744995 4.572758777777778
2.7170650959014893 4.502945666666666
2.7220993041992188 4.433132555555556
2.7279298305511475 4.380772722222222
2.734586477279663 4.293506333333333
2.7394938468933105 4.2411465
2.745476245880127 4.171333388888889
2.7503433227539062 4.1015202777777775
2.756168842315674 4.0491604444444445
2.760927200317383 3.979347333333333
2.766615629196167 3.9095342222222222
2.771589756011963 3.857174388888889
2.7770516872406006 3.7873612777777774
2.783740282058716 3.7000948888888887
2.78863525390625 3.6302817777777774
2.7946088314056396 3.5604686666666665
2.799522638320923 3.5081088333333335
2.805194616317749 3.4382957222222226
2.8102428913116455 3.368482611111111
2.8160178661346436 3.3161227777777778
2.8207998275756836 3.246309666666667
2.826524496078491 3.1590432777777777
2.8322036266326904 3.1066834444444447
2.837947130203247 3.0368703333333333
2.8436920642852783 2.967057222222222
2.8485970497131348 2.897244111111111
2.854509115219116 2.8099777222222224
2.859429359436035 2.757617888888889
2.8650450706481934 2.6878047777777776
2.8701186180114746 2.6354449444444445
2.876180648803711 2.5656318333333332
2.880969762802124 2.495818722222222
2.8876609802246094 2.408552333333333
2.8928322792053223 2.3387392222222223
2.898160934448242 2.268926111111111
2.9039535522460938 2.2340195555555558
2.9090898036956787 2.1467531666666666
2.914860248565674 2.0769400555555553
2.9197816848754883 2.0245802222222222
2.9304094314575195 1.8849539999999998
2.938464879989624 1.7976876111111109
2.9445528984069824 1.7278745
2.9495224952697754 1.6929679444444443
2.9556338787078857 1.6231548333333334
2.9605631828308105 1.5533417222222223
2.9665050506591797 1.483528611111111
2.972289800643921 1.4311687777777777
2.978025197982788 1.3788089444444445
2.983825206756592 1.326449111111111
2.9897117614746094 1.256636
2.995523691177368 1.1868228888888888
3.0004100799560547 1.1344630555555555
