0.0031480789184570312 0.0
0.008883237838745117 0.03490655555555556
0.014083147048950195 0.08726638888888888
0.019891023635864258 0.12217294444444445
0.024748802185058594 0.1570795
0.03056812286376953 0.19198605555555553
0.036485910415649414 0.2094393333333333
0.04198503494262695 0.2443458888888889
0.04699826240539551 0.27925244444444447
0.05293560028076172 0.27925244444444447
0.05864214897155762 0.314159
0.06337141990661621 0.33161227777777774
0.06933164596557617 0.3490655555555555
0.07402706146240234 0.3490655555555555
0.07983660697937012 0.36651883333333335
0.08572268486022949 0.38397211111111107
0.09141921997070312 0.38397211111111107
0.09644174575805664 0.40142538888888885
0.10192394256591797 0.4188786666666666
0.10698223114013672 0.4188786666666666
0.11280226707458496 0.4188786666666666
0.11851191520690918 0.43633194444444445
0.12325239181518555 0.4537852222222222
0.12901711463928223 0.4537852222222222
0.13502883911132812 0.4537852222222222
0.14101266860961914 0.47123849999999995
0.14580345153808594 0.47123849999999995
0.15150833129882812 0.4886917777777778
0.15652012825012207 0.4886917777777778
0.16196036338806152 0.5061450555555556
0.16698932647705078 0.5061450555555556
0.1734755039215088 0.5235983333333333
0.17941856384277344 0.5235983333333333
0.18520236015319824 0.5410516111111111
0.19107580184936523 0.5410516111111111
0.19584918022155762 0.5585048888888889
0.20159578323364258 0.5585048888888889
0.20659303665161133 0.5759581666666667
0.21206259727478027 0.5759581666666667
0.21715569496154785 0.5934114444444444
0.22281193733215332 0.5934114444444444
0.22855281829833984 0.6108647222222222
0.23347187042236328 0.628318
0.24045443534851074 0.6457712777777778
0.24532485008239746 0.6457712777777778
0.2511138916015625 0.6632245555555555
0.2558858394622803 0.6806778333333333
0.26161718368530273 0.698131111111111
0.26660585403442383 0.698131111111111
0.2789769172668457 0.7330376666666667
0.2841038703918457 0.7504909444444444
0.291304349899292 0.7679442222222221
0.29610562324523926 0.7853975
0.3019866943359375 0.8028507777777777
0.30699849128723145 0.8203040555555555
0.3127017021179199 0.8377573333333332
0.3183598518371582 0.8377573333333332
0.32318115234375 0.8726638888888889
0.32897400856018066 0.8726638888888889
0.3338618278503418 0.9075704444444443
0.34058094024658203 0.9250237222222222
0.34552645683288574 0.9424769999999999
0.3514132499694824 0.9599302777777778
0.3564450740814209 0.9773835555555556
0.36201906204223633 0.9948368333333333
0.3670473098754883 1.0122901111111111
0.37273263931274414 1.0471966666666666
0.3784298896789551 1.0646499444444444
0.38320302963256836 1.0821032222222222
0.3898890018463135 1.1170097777777779
0.39489245414733887 1.1170097777777779
0.4008800983428955 1.1519163333333333
0.4056718349456787 1.1693696111111112
0.41164255142211914 1.2042761666666666
0.4166543483734131 1.2217294444444444
0.4223439693450928 1.256636
0.42714691162109375 1.2740892777777777
0.43282222747802734 1.2915425555555555
0.43935132026672363 1.326449111111111
0.44432687759399414 1.3439023888888888
0.4499359130859375 1.3788089444444445
0.45494651794433594 1.396262222222222
0.46061182022094727 1.4311687777777777
0.4655468463897705 1.4660753333333334
0.4714851379394531 1.483528611111111
0.4764432907104492 1.5184351666666667
0.4819328784942627 1.5358884444444443
0.4869809150695801 1.570795
0.49344611167907715 1.6057015555555554
0.4994533061981201 1.640608111111111
0.5043983459472656 1.6580613888888889
0.509986400604248 1.6929679444444443
0.5150015354156494 1.710421222222222
0.5207428932189941 1.7453277777777778
0.525566816329956 1.7802343333333333
0.5315136909484863 1.8151408888888887
0.5365242958068848 1.8500474444444444
0.5430071353912354 1.9024072777777776
0.5487244129180908 1.9198605555555557
0.5534534454345703 1.9547671111111111
0.559431791305542 1.9896736666666666
0.5643749237060547 2.0245802222222222
0.5699493885040283 2.059486777777778
0.5750319957733154 2.094393333333333
0.5808510780334473 2.1292998888888888
0.5856249332427979 2.1642064444444444
0.5924994945526123 2.1991129999999997
0.5976884365081787 2.251472833333333
0.6030373573303223 2.286379388888889
0.6087524890899658 2.3038326666666666
0.6135039329528809 2.3561924999999997
0.6194939613342285 2.3910990555555554
0.6244187355041504 2.426005611111111
0.6300094127655029 2.4609121666666667
0.6350045204162598 2.495818722222222
0.6408319473266602 2.5481785555555554
0.6465885639190674 2.583085111111111
0.6524522304534912 2.6354449444444445
0.65720534324646 2.6703514999999998
0.6630823612213135 2.7227113333333333
0.6728177070617676 2.740164611111111
0.6808977127075195 2.8448842777777776
0.6857130527496338 2.8797908333333333
0.6915841102600098 2.932150666666667
0.6978003978729248 2.9845105
0.7033278942108154 3.0368703333333333
0.7093799114227295 3.0717768888888886
0.7143785953521729 3.1066834444444447
0.7199704647064209 3.1590432777777777
0.7250516414642334 3.193949833333333
0.7308793067932129 3.246309666666667
0.7356142997741699 3.281216222222222
0.7413301467895508 3.3335760555555556
0.7471330165863037 3.3859358888888886
0.7528364658355713 3.420842444444444
0.7585761547088623 3.473202277777778
0.7633652687072754 3.525562111111111
0.7694311141967773 3.5779219444444443
0.7743620872497559 3.6128284999999996
0.7799422740936279 3.6651883333333335
0.7850229740142822 3.7000948888888887
0.7909626960754395 3.752454722222222
0.7967963218688965 3.8048145555555553
0.8024873733520508 3.8746276666666666
0.8072335720062256 3.9269875
0.8130035400390625 3.979347333333333
0.8187453746795654 4.014253888888889
0.8234820365905762 4.066613722222222
0.8295400142669678 4.118973555555556
0.834484338760376 4.1538801111111106
0.8401031494140625 4.223693222222223
0.8459882736206055 4.276053055555556
0.8516764640808105 4.328412888888889
0.8567044734954834 4.3633194444444445
0.8624045848846436 4.433132555555556
0.8671841621398926 4.485492388888889
0.8728859424591064 4.520398944444445
0.8785781860351562 4.590212055555555
0.8833415508270264 4.642571888888889
0.8894557952880859 4.712384999999999
0.8943915367126465 4.747291555555555
0.901087760925293 4.799651388888888
0.9058554172515869 4.8694645
0.9115235805511475 4.921824333333333
0.9164977073669434 4.956730888888888
0.9223976135253906 5.026544
0.9271829128265381 5.078903833333333
0.9329032897949219 5.1312636666666664
0.9386658668518066 5.1836234999999995
0.9433789253234863 5.253436611111111
0.9504749774932861 5.305796444444444
0.9553365707397461 5.375609555555555
0.9611468315124512 5.410516111111111
0.9659147262573242 5.480329222222222
0.971665620803833 5.550142333333333
0.9766392707824707 5.585048888888888
0.982079029083252 5.654862
0.987123966217041 5.724675111111111
0.9928069114685059 5.759581666666667
0.9994456768035889 5.846848055555555
1.0043864250183105 5.899207888888888
1.0100853443145752 5.969021
1.0151641368865967 6.021380833333334
1.0208702087402344 6.073740666666667
1.0256402492523193 6.143553777777777
1.0313494205474854 6.195913611111111
1.0361011028289795 6.248273444444444
1.0418190956115723 6.318086555555555
1.0484497547149658 6.35299311111111
1.0533952713012695 6.457712777777777
1.05928635597229 6.527525888888889
1.0640077590942383 6.562432444444444
1.0741016864776611 6.6322455555555555
1.0814766883850098 6.771871777777777
1.086449384689331 6.806778333333333
1.092071294784546 6.876591444444445
1.0970876216888428 6.946404555555556
1.1035168170928955 7.016217666666667
1.1094603538513184 7.086030777777777
1.114347219467163 7.13839061111111
1.1199193000793457 7.208203722222222
1.1249163150787354 7.260563555555555
1.130922555923462 7.330376666666667
1.135669469833374 7.400189777777777
1.141371726989746 7.470002888888889
1.1463510990142822 7.522362722222222
1.1527979373931885 7.592175833333332
1.1585214138031006 7.6619889444444444
1.1632566452026367 7.749255333333333
1.1689767837524414 7.784161888888889
1.174865961074829 7.853975
1.1808412075042725 7.941241388888888
1.1856257915496826 8.011054499999998
1.1914896965026855 8.080867611111112
1.1964595317840576 8.133227444444444
1.2029407024383545 8.203040555555555
1.2086536884307861 8.272853666666666
1.2134051322937012 8.360120055555555
1.2193055152893066 8.429933166666666
1.2240002155303955 8.482293
1.2297463417053223 8.552106111111112
1.2377538681030273 8.656825777777778
1.2431066036224365 8.726638888888889
1.2488744258880615 8.778998722222221
1.255059003829956 8.883718388888889
1.2608673572540283 8.936078222222223
1.2656269073486328 9.005891333333333
1.2713546752929688 9.093157722222221
1.2761025428771973 9.145517555555555
1.2817838191986084 9.215330666666667
1.289919137954712 9.320050333333333
1.2949635982513428 9.372410166666667
1.3007330894470215 9.442223277777778
1.306530237197876 9.529489666666667
1.3124306201934814 9.599302777777776
1.3171918392181396 9.686569166666667
1.3228638172149658 9.738929
1.3285713195800781 9.80874211111111
1.3333559036254883 9.896008499999999
1.3392624855041504 9.96582161111111
1.3439626693725586 10.018181444444444
1.349708080291748 10.105447833333333
1.3556339740753174 10.175260944444444
1.3613507747650146 10.262527333333333
1.3660993576049805 10.314887166666665
1.3767075538635254 10.437060111111112
1.3824524879455566 10.524326499999999
1.3872854709625244 10.611592888888888
1.392991065979004 10.681405999999999
1.398716688156128 10.733765833333333
1.4046270847320557 10.821032222222222
1.4104599952697754 10.890845333333333
1.4153378009796143 10.978111722222222
1.4211056232452393 11.030471555555556
1.4258546829223633 11.117737944444444
1.431684970855713 11.187551055555554
1.4366848468780518 11.23991088888889
1.442657709121704 11.327177277777778
1.4477806091308594 11.414443666666665
1.4531042575836182 11.484256777777777
1.4598112106323242 11.571523166666665
1.4647128582000732 11.623883
1.470522403717041 11.711149388888888
1.4818825721740723 11.868228888888888
1.486875057220459 11.938042
1.4928345680236816 12.00785511111111
1.4985575675964355 12.0951215
1.503434181213379 12.182387888888888
1.5103909969329834 12.252201
1.5152277946472168 12.339467388888888
1.5210049152374268 12.391827222222222
1.5257978439331055 12.47909361111111
1.5315074920654297 12.56636
1.5364713668823242 12.618719833333333
1.5419528484344482 12.70598622222222
1.546987533569336 12.775799333333332
1.5528295040130615 12.828159166666666
1.559516429901123 12.95033211111111
1.5644121170043945 13.002691944444445
1.5704073905944824 13.089958333333334
1.5752930641174316 13.159771444444445
1.5810823440551758 13.229584555555556
1.5858852863311768 13.299397666666666
1.5915610790252686 13.386664055555554
1.5965313911437988 13.439023888888888
1.602043628692627 13.526290277777777
1.6087186336517334 13.613556666666666
1.6136188507080078 13.683369777777775
1.6195244789123535 13.770636166666668
1.6244497299194336 13.822996
1.6300601959228516 13.910262388888889
1.6351301670074463 13.997528777777777
1.6409146785736084 14.049888611111111
1.645676851272583 14.137155
1.6514477729797363 14.224421388888889
1.6571011543273926 14.27678122222222
1.6628029346466064 14.36404761111111
1.668522834777832 14.451313999999998
1.6734282970428467 14.52112711111111
1.679337501525879 14.6083935
1.6840481758117676 14.660753333333334
1.6898159980773926 14.748019722222223
1.6947021484375 14.800379555555555
1.7008419036865234 14.887645944444444
1.7056186199188232 14.974912333333332
1.712080955505371 15.044725444444444
1.71714186668396 15.131991833333332
1.7229511737823486 15.184351666666664
1.7286815643310547 15.271618055555553
1.7335755825042725 15.358884444444445
1.7395458221435547 15.446150833333334
1.74444580078125 15.498510666666666
1.7500114440917969 15.585777055555555
1.7550139427185059 15.638136888888889
1.7615036964416504 15.742856555555555
1.7664694786071777 15.795216388888887
1.7719447612762451 15.882482777777776
1.7770099639892578 15.969749166666665
1.7827205657958984 16.022108999999997
1.7884211540222168 16.10937538888889
1.7933504581451416 16.196641777777778
1.799255609512329 16.266454888888887
1.8039886951446533 16.336268
1.8108747005462646 16.40608111111111
1.815657615661621 16.4933475
1.821349859237671 16.580613888888887
1.8263638019561768 16.63297372222222
1.8320188522338867 16.72024011111111
1.837066411972046 16.79005322222222
1.8427691459655762 16.842413055555554
1.8484668731689453 16.929679444444446
1.8533880710601807 17.016945833333335
1.8593053817749023 17.086758944444444
1.865164041519165 17.174025333333333
1.8709487915039062 17.226385166666667
1.88307523727417 17.41837122222222
1.8887979984283447 17.470731055555554
1.8936924934387207 17.557997444444442
1.8998610973358154 17.627810555555552
1.9047677516937256 17.69762366666667
1.9116413593292236 17.767436777777778
1.9166600704193115 17.854703166666667
1.922339677810669 17.924516277777776
1.9271793365478516 18.011782666666665
1.9328804016113281 18.0641425
1.9385802745819092 18.151408888888888
1.9433434009552002 18.221221999999997
1.949030876159668 18.308488388888886
1.9539892673492432 18.36084822222222
1.9599409103393555 18.430661333333333
1.9659459590911865 18.517927722222222
1.9718048572540283 18.587740833333335
1.976799726486206 18.640100666666665
1.9825506210327148 18.727367055555554
1.987689733505249 18.814633444444443
1.9930391311645508 18.884446555555556
1.9987537860870361 18.936806388888886
2.0035243034362793 19.024072777777775
2.0094096660614014 19.093885888888888
2.015298843383789 19.163698999999998
2.021061658859253 19.21605883333333
2.0258333683013916 19.303325222222224
2.031709909439087 19.373138333333333
2.036670684814453 19.425498166666667
2.0424318313598633 19.512764555555556
2.04721999168396 19.582577666666666
2.052971839904785 19.6349375
2.058706283569336 19.722203888888888
2.064594268798828 19.792016999999998
2.070467710494995 19.86183011111111
2.0753366947174072 19.93164322222222
2.0810821056365967 20.00145633333333
2.085871696472168 20.071269444444447
2.091740131378174 20.141082555555556
2.096728801727295 20.19344238888889
2.1024582386016846 20.2632555
2.1072158813476562 20.35052188888889
2.112921714782715 20.385428444444443
2.119617462158203 20.49014811111111
2.124514579772949 20.542507944444445
2.130105495452881 20.612321055555554
2.135187864303589 20.699587444444443
2.1409480571746826 20.734493999999998
2.1456968784332275 20.804307111111108
2.1515655517578125 20.8915735
2.1565840244293213 20.943933333333334
2.163421154022217 21.031199722222222
2.1734721660614014 21.135919388888887
2.1794350147247314 21.223185777777775
2.184382200241089 21.27554561111111
2.189983367919922 21.345358722222223
2.1949827671051025 21.397718555555553
2.2007293701171875 21.467531666666666
2.2055935859680176 21.537344777777776
2.2114899158477783 21.60715788888889
2.2172281742095947 21.676971
2.22314715385437 21.74678411111111
2.228884220123291 21.799143944444445
2.2336246967315674 21.868957055555555
2.2395834922790527 21.938770166666664
2.244516611099243 21.973676722222223
2.250089406967163 22.043489833333332
2.255187749862671 22.113302944444442
2.2609500885009766 22.165662777777776
2.266637086868286 22.23547588888889
2.2726051807403564 22.305289
2.289574384689331 22.497275055555555
2.294564723968506 22.54963488888889
2.300572633743286 22.601994722222223
2.3054893016815186 22.671807833333332
2.311394214630127 22.741620944444445
2.3204901218414307 22.793980777777776
2.332826614379883 22.933607
2.342693328857422 23.038326666666666
2.3535447120666504 23.195406166666668
2.365161180496216 23.282672555555557
2.375159978866577 23.4048455
2.3810198307037354 23.457205333333334
2.385780096054077 23.527018444444444
2.3916218280792236 23.596831555555553
2.396582841873169 23.63173811111111
2.402047872543335 23.684097944444442
2.4070582389831543 23.753911055555555
2.421812057495117 23.893537277777774
2.43245530128479 23.96335038888889
2.439687967300415 24.068070055555555
2.445145845413208 24.12042988888889
2.4510204792022705 24.155336444444444
2.455824136734009 24.225149555555554
2.461578369140625 24.277509388888888
2.4665801525115967 24.312415944444442
2.47206711769104 24.364775777777776
2.4789793491363525 24.41713561111111
2.4840610027313232 24.48694872222222
2.4898765087127686 24.539308555555554
2.4949066638946533 24.57421511111111
2.5005950927734375 24.626574944444442
2.5055675506591797 24.678934777777776
2.511477470397949 24.73129461111111
2.516465187072754 24.76620116666667
2.5219762325286865 24.818561
2.528628349304199 24.870920833333333
2.533385992050171 24.923280666666667
2.539308547973633 24.9756405
2.5440523624420166 25.010547055555556
2.549899101257324 25.06290688888889
2.558467388153076 25.13272
2.5632405281066895 25.185079833333337
2.5690090656280518 25.21998638888889
2.5740885734558105 25.27234622222222
2.5810811519622803 25.307252777777776
2.585886001586914 25.35961261111111
2.5916311740875244 25.41197244444444
2.5966203212738037 25.446879
2.6025376319885254 25.481785555555554
2.607743740081787 25.534145388888888
2.613276958465576 25.58650522222222
2.6190054416656494 25.6039585
2.623866319656372 25.65631833333333
2.6309831142425537 25.691224888888886
2.63582181930542 25.743584722222224
2.6415598392486572 25.795944555555554
2.6465911865234375 25.813397833333333
2.6523516178131104 25.865757666666664
2.65718412399292 25.90066422222222
2.662942409515381 25.93557077777778
2.6687188148498535 25.970477333333335
2.6734800338745117 26.022837166666665
2.6858651638031006 26.092650277777775
2.6918935775756836 26.145010111111112
2.6969401836395264 26.162463388888888
2.702833652496338 26.214823222222222
2.7085976600646973 26.249729777777777
2.7135119438171387 26.284636333333335
2.7194888591766357 26.31954288888889
2.7244114875793457 26.354449444444445
2.731126546859741 26.389356
2.735905408859253 26.424262555555554
2.741788387298584 26.459169111111112
2.746814489364624 26.476622388888885
2.7527225017547607 26.511528944444443
2.7584259510040283 26.546435499999998
2.7632174491882324 26.581342055555552
2.768972635269165 26.616248611111107
2.773684501647949 26.63370188888889
2.7805235385894775 26.668608444444445
2.7853965759277344 26.703515
2.7912168502807617 26.738421555555554
2.7960307598114014 26.755874833333333
2.8017499446868896 26.79078138888889
2.806762456893921 26.808234666666664
2.812676429748535 26.843141222222222
2.817798614501953 26.878047777777777
2.8231914043426514 26.91295433333333
2.829843044281006 26.93040761111111
2.8349082469940186 26.947860888888886
2.840609073638916 26.98276744444444
2.845560073852539 27.017674
2.85125994682312 27.03512727777778
2.856046676635742 27.052580555555554
2.8617382049560547 27.08748711111111
2.8668053150177 27.10494038888889
2.872689723968506 27.122393666666664
2.878399133682251 27.15730022222222
2.884312391281128 27.1747535
2.889953374862671 27.192206777777773
2.895050287246704 27.209660055555556
2.900852918624878 27.22711333333333
2.90564227104187 27.262019888888886
2.9113621711730957 27.279473166666666
2.9163947105407715 27.29692644444444
2.9224066734313965 27.31437972222222
2.927220106124878 27.331832999999996
2.934063196182251 27.36673955555555
2.9398550987243652 27.384192833333334
2.944768190383911 27.384192833333334
2.9505717754364014 27.40164611111111
2.955505132675171 27.436552666666664
2.9612321853637695 27.436552666666664
2.966069459915161 27.454005944444443
2.971769094467163 27.47145922222222
2.9767911434173584 27.488912499999998
2.98330020904541 27.50636577777778
2.9893734455108643 27.523819055555553
2.994354248046875 27.523819055555553
3.000361919403076 27.541272333333335
