0.003167867660522461 0.0
0.009768962860107422 0.03490655555555556
0.01583719253540039 0.06981311111111112
0.020704269409179688 0.06981311111111112
0.02626347541809082 0.10471966666666666
0.03223252296447754 0.12217294444444445
0.03793931007385254 0.13962622222222223
0.042875051498413086 0.1570795
0.04831337928771973 0.17453277777777776
0.05333137512207031 0.17453277777777776
0.05916261672973633 0.19198605555555553
0.06483674049377441 0.2094393333333333
0.06978797912597656 0.2268926111111111
0.0756692886352539 0.2268926111111111
0.081512451171875 0.2443458888888889
0.08727645874023438 0.26179916666666664
0.09200644493103027 0.27925244444444447
0.09772133827209473 0.2967057222222222
0.10245990753173828 0.314159
0.10811281204223633 0.314159
0.11307263374328613 0.33161227777777774
0.1211240291595459 0.36651883333333335
0.1272110939025879 0.38397211111111107
0.13295555114746094 0.40142538888888885
0.13842368125915527 0.4188786666666666
0.14347577095031738 0.4537852222222222
0.14917969703674316 0.47123849999999995
0.15484833717346191 0.4886917777777778
0.15962481498718262 0.5235983333333333
0.1653578281402588 0.5410516111111111
0.1700599193572998 0.5759581666666667
0.17600774765014648 0.6108647222222222
0.18090128898620605 0.628318
0.1877756118774414 0.6632245555555555
0.19271159172058105 0.698131111111111
0.19814634323120117 0.7330376666666667
0.2032022476196289 0.7504909444444444
0.20888042449951172 0.8028507777777777
0.2136228084564209 0.8377573333333332
0.2193436622619629 0.855210611111111
0.22507190704345703 0.9075704444444443
0.22982192039489746 0.9424769999999999
0.23711776733398438 0.9948368333333333
0.24194931983947754 1.029743388888889
0.24784207344055176 1.0821032222222222
0.25279927253723145 1.1170097777777779
0.25830602645874023 1.1519163333333333
0.2633984088897705 1.2217294444444444
0.26905298233032227 1.239182722222222
0.27414608001708984 1.2915425555555555
0.2794461250305176 1.3439023888888888
0.2861313819885254 1.396262222222222
0.2910313606262207 1.4486220555555556
0.2968285083770752 1.5009818888888888
0.30164265632629395 1.5533417222222223
0.30759692192077637 1.6057015555555554
0.3123314380645752 1.6580613888888889
0.3182060718536377 1.710421222222222
0.3231649398803711 1.7453277777777778
0.32883667945861816 1.8151408888888887
0.33522677421569824 1.8675007222222222
0.3400094509124756 1.9373138333333333
0.34591150283813477 2.0071269444444444
0.35804176330566406 2.1292998888888888
0.36305713653564453 2.1816597222222223
0.3690645694732666 2.251472833333333
0.37415480613708496 2.3038326666666666
0.3796255588531494 2.3736457777777775
0.38641357421875 2.426005611111111
0.39150547981262207 2.513272
0.39723801612854004 2.5656318333333332
0.40199732780456543 2.6354449444444445
0.40766167640686035 2.7052580555555554
0.4124453067779541 2.757617888888889
0.41811275482177734 2.827431
0.4230616092681885 2.8797908333333333
0.42893505096435547 2.967057222222222
0.43405818939208984 3.0368703333333333
0.44019651412963867 3.1066834444444447
0.44614601135253906 3.176496555555555
0.45101189613342285 3.2288563888888886
0.456831693649292 3.3161227777777778
0.4616386890411377 3.3859358888888886
0.46735382080078125 3.4382957222222226
0.47205424308776855 3.525562111111111
0.4777712821960449 3.5953752222222217
0.48272228240966797 3.6477350555555557
0.4893050193786621 3.7350014444444444
0.4950244426727295 3.8048145555555553
0.49976038932800293 3.8746276666666666
0.505634069442749 3.9618940555555553
0.5103175640106201 4.014253888888889
0.5160923004150391 4.1015202777777775
0.5209369659423828 4.1538801111111106
0.5266985893249512 4.223693222222223
0.5315084457397461 4.310959611111111
0.5372121334075928 4.3633194444444445
0.5429642200469971 4.433132555555556
0.5488109588623047 4.520398944444445
0.5535602569580078 4.607665333333333
0.559197187423706 4.642571888888889
0.5648765563964844 4.729838277777778
0.5696361064910889 4.817104666666666
0.5753786563873291 4.8694645
0.580446720123291 4.939277611111111
0.5862536430358887 5.026544
0.5921926498413086 5.096357111111111
0.5978963375091553 5.166170222222222
0.6028733253479004 5.235983333333333
0.6086981296539307 5.305796444444444
0.6135008335113525 5.375609555555555
0.6191196441650391 5.427969388888889
0.6248083114624023 5.515235777777778
0.6295738220214844 5.585048888888888
0.6353099346160889 5.637408722222222
0.6410565376281738 5.707221833333333
0.646836519241333 5.777034944444444
0.6516506671905518 5.864301333333334
0.6574187278747559 5.899207888888888
0.6621532440185547 5.969021
0.6679971218109131 6.038834111111111
0.6729488372802734 6.091193944444444
0.6784095764160156 6.161007055555555
0.6834080219268799 6.230820166666667
0.6891012191772461 6.28318
0.6958212852478027 6.3704463888888885
0.70072340965271 6.405352944444444
0.7067217826843262 6.475166055555555
0.7115740776062012 6.544979166666667
0.7173871994018555 6.5798857222222225
0.7221474647521973 6.649698833333333
0.72798752784729 6.702058666666666
0.7329645156860352 6.7544185
0.7384138107299805 6.806778333333333
0.7452526092529297 6.859138166666666
0.7564234733581543 6.928951277777778
0.7628657817840576 7.033670944444444
0.768730640411377 7.086030777777777
0.7735416889190674 7.13839061111111
0.7794151306152344 7.1907504444444434
0.7851159572601318 7.225656999999999
0.7900631427764893 7.260563555555555
0.7971010208129883 7.312923388888889
0.801934003829956 7.365283222222223
0.8076272010803223 7.400189777777777
0.8123898506164551 7.435096333333333
0.8180522918701172 7.470002888888889
0.8230714797973633 7.487456166666666
0.8287990093231201 7.539815999999999
0.833564281463623 7.574722555555555
0.8394076824188232 7.6096291111111105
0.8461966514587402 7.627082388888888
0.8510863780975342 7.644535666666666
0.8568720817565918 7.679442222222223
0.8617162704467773 7.714348777777778
0.8674969673156738 7.731802055555556
0.8722302913665771 7.749255333333333
0.877892255783081 7.766708611111111
0.8828270435333252 7.784161888888889
0.888322114944458 7.801615166666666
0.8950848579406738 7.8190684444444445
0.8997998237609863 7.836521722222222
0.9058146476745605 7.853975
0.9107270240783691 7.853975
0.9163389205932617 7.8714282777777775
0.9213600158691406 7.8714282777777775
0.9271104335784912 7.888881555555555
0.9319212436676025 7.888881555555555
0.9376413822174072 7.888881555555555
0.9424076080322266 7.888881555555555
0.9490838050842285 7.906334833333333
0.954768180847168 7.906334833333333
0.9595446586608887 7.888881555555555
0.9652969837188721 7.888881555555555
0.9704172611236572 7.888881555555555
0.9761857986450195 7.888881555555555
0.9810819625854492 7.888881555555555
0.9868474006652832 7.8714282777777775
0.9916713237762451 7.8714282777777775
0.9981536865234375 7.853975
1.0031545162200928 7.853975
1.0088446140289307 7.836521722222222
1.0153329372406006 7.8190684444444445
1.0200300216674805 7.801615166666666
1.0260982513427734 7.784161888888889
1.030996322631836 7.766708611111111
1.0367975234985352 7.749255333333333
1.0416457653045654 7.731802055555556
1.0481579303741455 7.714348777777778
1.0531704425811768 7.679442222222223
1.0588610172271729 7.6619889444444444
1.0636329650878906 7.644535666666666
1.0693554878234863 7.6096291111111105
1.0750515460968018 7.592175833333332
1.0797884464263916 7.5572692777777775
1.0858900547027588 7.522362722222222
1.0908050537109375 7.504909444444444
1.097681999206543 7.4525496111111105
1.1026880741119385 7.435096333333333
1.108149528503418 7.400189777777777
1.1131081581115723 7.365283222222223
1.1188218593597412 7.330376666666667
1.1236302852630615 7.295470111111111
1.1293749809265137 7.2431102777777765
1.1350915431976318 7.225656999999999
1.1398367881774902 7.173297166666666
1.1459741592407227 7.120937333333333
1.1576831340789795 7.033670944444444
1.1648962497711182 6.981311111111111
1.1697850227355957 6.928951277777778
1.1759018898010254 6.876591444444445
1.1808223724365234 6.841684888888888
1.1868212223052979 6.789325055555555
1.191666841506958 6.736965222222222
1.198941707611084 6.6846053888888886
1.2041027545928955 6.6322455555555555
1.20957612991333 6.562432444444444
1.2153308391571045 6.527525888888889
1.2200617790222168 6.475166055555555
1.2262296676635742 6.405352944444444
1.2311348915100098 6.3704463888888885
1.2368886470794678 6.300633277777777
1.2590718269348145 6.073740666666667
1.2647655010223389 6.003927555555555
1.2696433067321777 5.951567722222221
1.275378942489624 5.899207888888888
1.2802207469940186 5.829394777777778
1.2860827445983887 5.759581666666667
1.2909483909606934 5.724675111111111
1.2967605590820312 5.654862
1.3023490905761719 5.585048888888888
1.3080222606658936 5.515235777777778
1.3130362033843994 5.462875944444445
1.3184514045715332 5.393062833333333
1.3234641551971436 5.323249722222222
1.3293652534484863 5.253436611111111
1.3350329399108887 5.201076777777777
1.339782476425171 5.1312636666666664
1.3456470966339111 5.061450555555555
1.351527452468872 4.991637444444444
1.3574390411376953 4.939277611111111
1.3621728420257568 4.8694645
1.3678858280181885 4.782198111111111
1.3728275299072266 4.747291555555555
1.3782708644866943 4.677478444444445
1.3832571506500244 4.6251186111111116
1.3890960216522217 4.537852222222222
1.3947925567626953 4.4680391111111115
1.3996028900146484 4.398225999999999
1.4063329696655273 4.310959611111111
1.4112982749938965 4.2585997777777775
1.4169723987579346 4.188786666666666
1.421879529953003 4.118973555555556
1.4276137351989746 4.0491604444444445
1.4324073791503906 3.9968006111111105
1.4380614757537842 3.9095342222222222
1.4430592060089111 3.8746276666666666
1.4489109516143799 3.7873612777777774
1.4555988311767578 3.7175481666666665
1.4603281021118164 3.6302817777777774
1.4660813808441162 3.5604686666666665
1.4709770679473877 3.5081088333333335
1.4767546653747559 3.4382957222222226
1.4816021919250488 3.368482611111111
1.4875657558441162 3.281216222222222
1.4923105239868164 3.246309666666667
1.4979960918426514 3.1590432777777777
1.5041205883026123 3.0892301666666664
1.5096116065979004 3.0194170555555555
1.5156025886535645 2.949603944444444
1.5203382968902588 2.897244111111111
1.526069164276123 2.827431
1.530958652496338 2.7750711666666663
1.536754846572876 2.7052580555555554
1.5416021347045898 2.6354449444444445
1.547342300415039 2.583085111111111
1.5584514141082764 2.513272
1.566175937652588 2.3561924999999997
1.5710904598236084 2.3038326666666666
1.5771985054016113 2.251472833333333
1.5819575786590576 2.1816597222222223
1.5878658294677734 2.1118466111111114
1.5928575992584229 2.0769400555555553
1.5984022617340088 2.0071269444444444
1.6050069332122803 1.9373138333333333
1.609740972518921 1.8849539999999998
1.6158037185668945 1.8151408888888887
1.6207337379455566 1.7802343333333333
1.6267197132110596 1.710421222222222
1.6315662860870361 1.6580613888888889
1.6373515129089355 1.6231548333333334
1.6421260833740234 1.570795
1.6478333473205566 1.5009818888888888
1.6528351306915283 1.4660753333333334
1.6591994762420654 1.4137155
1.6649482250213623 1.3613556666666666
1.669703722000122 1.326449111111111
1.6755871772766113 1.2740892777777777
1.6802518367767334 1.239182722222222
1.686263084411621 1.1868228888888888
1.6912446022033691 1.1519163333333333
1.6969215869903564 1.1170097777777779
1.701843023300171 1.0646499444444444
1.7081711292266846 1.029743388888889
1.7131896018981934 1.0122901111111111
1.7188844680786133 0.9599302777777778
1.7236549854278564 0.9250237222222222
1.729355812072754 0.8901171666666666
1.7350926399230957 0.8726638888888889
1.739793062210083 0.8377573333333332
1.745908498764038 0.8028507777777777
1.7508509159088135 0.7853975
1.7575571537017822 0.7504909444444444
1.7623207569122314 0.7330376666666667
1.768010139465332 0.7155843888888889
1.7730109691619873 0.698131111111111
1.778703212738037 0.6806778333333333
1.7835063934326172 0.6632245555555555
1.7891452312469482 0.6457712777777778
1.794792890548706 0.628318
1.7995600700378418 0.6108647222222222
1.8053350448608398 0.6108647222222222
1.8114879131317139 0.5934114444444444
1.81722092628479 0.5934114444444444
1.8219640254974365 0.5759581666666667
1.8277034759521484 0.5759581666666667
1.832468032836914 0.5585048888888889
1.838141679763794 0.5585048888888889
1.8431174755096436 0.5585048888888889
1.8488190174102783 0.5585048888888889
1.8535854816436768 0.5585048888888889
1.8601815700531006 0.5585048888888889
1.8661892414093018 0.5585048888888889
1.8710603713989258 0.5759581666666667
1.8771240711212158 0.5759581666666667
1.8819432258605957 0.5934114444444444
1.8877086639404297 0.5934114444444444
1.8926968574523926 0.5934114444444444
1.8981456756591797 0.6108647222222222
1.9033558368682861 0.628318
1.909789800643921 0.6457712777777778
1.9157588481903076 0.6632245555555555
1.9204490184783936 0.6632245555555555
1.9264020919799805 0.6806778333333333
1.9314076900482178 0.698131111111111
1.937213659286499 0.7155843888888889
1.9419822692871094 0.7330376666666667
1.947690486907959 0.7679442222222221
1.9524509906768799 0.7853975
1.9662494659423828 0.8377573333333332
1.9712412357330322 0.8726638888888889
1.977219820022583 0.8901171666666666
1.9819891452789307 0.9250237222222222
1.9879350662231445 0.9599302777777778
1.99289870262146 0.9773835555555556
1.9983792304992676 1.0122901111111111
2.003369092941284 1.0646499444444444
2.0108211040496826 1.0821032222222222
2.0164504051208496 1.1344630555555555
2.0215697288513184 1.1868228888888888
2.027360439300537 1.2042761666666666
2.032097101211548 1.256636
2.0377695560455322 1.2915425555555555
2.0427374839782715 1.326449111111111
2.04834246635437 1.3788089444444445
2.053359270095825 1.4137155
2.0590522289276123 1.4486220555555556
2.0657317638397217 1.5184351666666667
2.070446729660034 1.5533417222222223
2.0762295722961426 1.6057015555555554
2.0811116695404053 1.640608111111111
2.0869250297546387 1.6929679444444443
2.09175705909729 1.7627810555555554
2.0975289344787598 1.8151408888888887
2.102292060852051 1.8500474444444444
2.108132839202881 1.9198605555555557
2.1148433685302734 1.9722203888888887
2.128068208694458 2.1118466111111114
2.1330745220184326 2.1642064444444444
2.1390600204467773 2.216566277777778
2.144146203994751 2.286379388888889
2.1495580673217773 2.3387392222222223
2.1552889347076416 2.3910990555555554
2.160032272338867 2.4609121666666667
2.1736068725585938 2.6179916666666667
2.1856515407562256 2.757617888888889
2.1976332664489746 2.897244111111111
2.2088277339935303 3.0019637777777777
2.219175338745117 3.14159
2.2249293327331543 3.2114031111111108
2.2298104763031006 3.281216222222222
2.2361810207366943 3.368482611111111
2.241042137145996 3.420842444444444
2.246807098388672 3.4906555555555556
2.251629590988159 3.5604686666666665
2.2622971534729004 3.7000948888888887
2.2751848697662354 3.822267833333333
2.284811496734619 3.979347333333333
2.2903406620025635 4.066613722222222
2.296074390411377 4.136426833333333
2.3009414672851562 4.188786666666666
2.3067286014556885 4.276053055555556
2.311555862426758 4.345866166666666
2.3172481060028076 4.398225999999999
2.322957992553711 4.485492388888889
2.3283960819244385 4.572758777777778
2.3333897590637207 4.642571888888889
2.339076042175293 4.694931722222222
2.344740152359009 4.782198111111111
2.3496718406677246 4.852011222222222
2.3602066040039062 4.904371055555555
2.367931365966797 5.096357111111111
2.3740503787994385 5.166170222222222
2.379561185836792 5.253436611111111
2.385270118713379 5.305796444444444
2.3903119564056396 5.375609555555555
2.396071672439575 5.462875944444445
2.4009671211242676 5.515235777777778
2.4069745540618896 5.585048888888888
2.4118804931640625 5.654862
2.4176206588745117 5.742128388888888
2.4234087467193604 5.8119415
2.4290709495544434 5.864301333333334
2.4347097873687744 5.934114444444444
2.439504623413086 6.003927555555555
2.445268154144287 6.056287388888888
2.4500648975372314 6.143553777777777
2.456009864807129 6.213366888888889
2.4608964920043945 6.248273444444444
2.466834306716919 6.318086555555555
2.4727630615234375 6.387899666666666
2.478253126144409 6.457712777777777
2.4832260608673096 6.510072611111111
2.4889285564422607 6.5798857222222225
2.4940578937530518 6.649698833333333
2.4993691444396973 6.719511944444444
2.5051236152648926 6.7544185
2.509835958480835 6.82423161111111
2.515749216079712 6.876591444444445
2.5204384326934814 6.928951277777778
2.527387857437134 6.981311111111111
2.5320961475372314 7.051124222222222
2.5379607677459717 7.103484055555555
2.542903423309326 7.13839061111111
2.5483362674713135 7.1907504444444434
2.5533530712127686 7.260563555555555
2.5618650913238525 7.330376666666667
2.567600727081299 7.3827365
2.573302984237671 7.417643055555556
2.578994035720825 7.470002888888889
2.5840888023376465 7.504909444444444
2.5895650386810303 7.5572692777777775
2.5953493118286133 7.592175833333332
2.6000683307647705 7.627082388888888
2.6059787273406982 7.679442222222223
2.610887050628662 7.6968955
2.6164255142211914 7.731802055555556
2.6215105056762695 7.784161888888889
2.628028392791748 7.8190684444444445
2.632986545562744 7.836521722222222
2.6384434700012207 7.8714282777777775
2.643465518951416 7.888881555555555
2.6493899822235107 7.923788111111111
2.6551458835601807 7.941241388888888
2.659855365753174 7.976147944444444
2.6659085750579834 7.993601222222221
2.6707863807678223 8.011054499999998
2.6773877143859863 8.028507777777778
2.6821305751800537 8.045961055555555
2.6877779960632324 8.063414333333334
2.6927099227905273 8.080867611111112
2.6981585025787354 8.098320888888889
2.7031662464141846 8.098320888888889
2.7090415954589844 8.115774166666666
2.714130401611328 8.133227444444444
2.7194252014160156 8.133227444444444
2.7260894775390625 8.133227444444444
2.7309556007385254 8.150680722222223
2.7368175983428955 8.150680722222223
2.7416486740112305 8.150680722222223
2.7473697662353516 8.150680722222223
2.7521257400512695 8.150680722222223
2.763547420501709 8.133227444444444
2.7695045471191406 8.133227444444444
2.776221752166748 8.133227444444444
2.7811148166656494 8.115774166666666
2.7871923446655273 8.115774166666666
2.7919740676879883 8.098320888888889
2.7978622913360596 8.098320888888889
2.802818775177002 8.080867611111112
2.808251142501831 8.063414333333334
2.8132293224334717 8.063414333333334
2.8189947605133057 8.045961055555555
2.82413649559021 8.028507777777778
2.830679416656494 7.993601222222221
2.8362555503845215 7.976147944444444
2.8411307334899902 7.958694666666666
2.846918821334839 7.941241388888888
2.8517422676086426 7.923788111111111
2.8575375080108643 7.888881555555555
2.8622899055480957 7.8714282777777775
2.8679864406585693 7.836521722222222
2.872929334640503 7.8190684444444445
2.8918731212615967 7.714348777777778
2.904078960418701 7.644535666666666
2.9121506214141846 7.574722555555555
2.9183483123779297 7.539815999999999
2.923379421234131 7.504909444444444
2.9299676418304443 7.470002888888889
2.9358575344085693 7.417643055555556
2.9407503604888916 7.3827365
2.9467105865478516 7.330376666666667
2.9515891075134277 7.295470111111111
2.9573564529418945 7.260563555555555
2.9621074199676514 7.208203722222222
2.967805862426758 7.155843888888889
2.972763776779175 7.120937333333333
2.984466552734375 7.0685775
2.9959185123443604 6.911498
