0.003874063491821289 0.0
0.009548664093017578 0.0
0.014488458633422852 0.0
0.02048778533935547 0.01745327777777778
0.02519965171813965 0.01745327777777778
0.030889272689819336 0.01745327777777778
0.035814523696899414 0.01745327777777778
0.04127311706542969 0.01745327777777778
0.05130267143249512 0.03490655555555556
0.05906224250793457 0.03490655555555556
0.06392550468444824 0.03490655555555556
0.06986331939697266 0.03490655555555556
0.07467150688171387 0.03490655555555556
0.0806114673614502 0.03490655555555556
0.08535194396972656 0.05235983333333333
0.09101557731628418 0.05235983333333333
0.09595036506652832 0.05235983333333333
0.1018214225769043 0.05235983333333333
0.10836482048034668 0.06981311111111112
0.1130824089050293 0.06981311111111112
0.11897039413452148 0.06981311111111112
0.1238396167755127 0.06981311111111112
0.12937355041503906 0.08726638888888888
0.1343212127685547 0.08726638888888888
0.14031505584716797 0.10471966666666666
0.145979642868042 0.10471966666666666
0.15146255493164062 0.12217294444444445
0.15811491012573242 0.12217294444444445
0.16283321380615234 0.13962622222222223
0.16877102851867676 0.1570795
0.17346978187561035 0.1570795
0.1791691780090332 0.17453277777777776
0.18404769897460938 0.17453277777777776
0.18984580039978027 0.19198605555555553
0.19469428062438965 0.2094393333333333
0.20063328742980957 0.2268926111111111
0.206465482711792 0.2443458888888889
0.21213889122009277 0.2443458888888889
0.2172701358795166 0.26179916666666664
0.2225642204284668 0.27925244444444447
0.2282726764678955 0.2967057222222222
0.2331399917602539 0.314159
0.23903822898864746 0.33161227777777774
0.24391746520996094 0.3490655555555555
0.2494523525238037 0.36651883333333335
0.26032376289367676 0.40142538888888885
0.2651031017303467 0.4188786666666666
0.27097249031066895 0.4537852222222222
0.27595019340515137 0.47123849999999995
0.2817990779876709 0.4886917777777778
0.2866518497467041 0.5235983333333333
0.2923452854156494 0.5410516111111111
0.29803895950317383 0.5585048888888889
0.3027818202972412 0.5934114444444444
0.30939555168151855 0.6108647222222222
0.31438326835632324 0.628318
0.3203139305114746 0.6632245555555555
0.32506823539733887 0.698131111111111
0.33073925971984863 0.7155843888888889
0.3355121612548828 0.7504909444444444
0.3411555290222168 0.7679442222222221
0.34616589546203613 0.8028507777777777
0.35186076164245605 0.8203040555555555
0.35832715034484863 0.855210611111111
0.36329054832458496 0.8901171666666666
0.3695502281188965 0.9250237222222222
0.37464046478271484 0.9599302777777778
0.3805992603302002 0.9948368333333333
0.38534116744995117 1.029743388888889
0.3910098075866699 1.0646499444444444
0.3959629535675049 1.0821032222222222
0.4014136791229248 1.1170097777777779
0.40645909309387207 1.1693696111111112
0.4128248691558838 1.2042761666666666
0.41871094703674316 1.239182722222222
0.423431396484375 1.2740892777777777
0.42915987968444824 1.3089958333333334
0.43404698371887207 1.3439023888888888
0.43996667861938477 1.3788089444444445
0.444805383682251 1.4311687777777777
0.4565596580505371 1.5184351666666667
0.46309471130371094 1.5533417222222223
0.46912407875061035 1.6057015555555554
0.4739689826965332 1.6231548333333334
0.4799339771270752 1.6755146666666665
0.4847888946533203 1.7278745
0.4906623363494873 1.7802343333333333
0.4954235553741455 1.7976876111111109
0.501276969909668 1.8500474444444444
0.5062942504882812 1.8849539999999998
0.5127668380737305 1.9547671111111111
0.5184898376464844 1.9896736666666666
0.5233182907104492 2.0420335
0.5290839672088623 2.094393333333333
0.5339818000793457 2.1292998888888888
0.5395340919494629 2.1642064444444444
0.544600248336792 2.2340195555555558
0.5502994060516357 2.268926111111111
0.5550217628479004 2.3038326666666666
0.5618772506713867 2.3736457777777775
0.5666592121124268 2.426005611111111
0.5723578929901123 2.4609121666666667
0.5779938697814941 2.513272
0.5827322006225586 2.5656318333333332
0.588447093963623 2.6005383888888884
0.5931544303894043 2.6703514999999998
0.5990543365478516 2.7227113333333333
0.6039614677429199 2.757617888888889
0.609525203704834 2.827431
0.6154797077178955 2.8797908333333333
0.6213381290435791 2.932150666666667
0.6263213157653809 2.967057222222222
0.6320838928222656 3.0368703333333333
0.637204647064209 3.1066834444444447
0.6424973011016846 3.1590432777777777
0.6482052803039551 3.193949833333333
0.6528575420379639 3.2637629444444447
0.658785343170166 3.3161227777777778
0.6646137237548828 3.3859358888888886
0.6703450679779053 3.420842444444444
0.6750738620758057 3.4906555555555556
0.6809296607971191 3.5604686666666665
0.6859269142150879 3.5953752222222217
0.6914284229278564 3.6651883333333335
0.6964321136474609 3.7350014444444444
0.7021000385284424 3.7699079999999996
0.7072000503540039 3.8397211111111114
0.7134730815887451 3.9095342222222222
0.7192201614379883 3.979347333333333
0.7240848541259766 4.014253888888889
0.729872465133667 4.084067
0.7346827983856201 4.1538801111111106
0.7406117916107178 4.223693222222223
0.745419979095459 4.2585997777777775
0.7512972354888916 4.328412888888889
0.756281852722168 4.380772722222222
0.7619743347167969 4.450585833333333
0.7684524059295654 4.520398944444445
0.7733182907104492 4.590212055555555
0.7791061401367188 4.660025166666666
0.783980131149292 4.712384999999999
0.7895312309265137 4.782198111111111
0.7945058345794678 4.834557944444445
0.8004660606384277 4.904371055555555
0.8052048683166504 4.974184166666666
0.8108699321746826 5.043997277777778
0.8165593147277832 5.113810388888889
0.8222227096557617 5.166170222222222
0.8279128074645996 5.235983333333333
0.8326718807220459 5.323249722222222
0.8383734226226807 5.358156277777778
0.8430619239807129 5.4454226666666665
0.8514976501464844 5.550142333333333
0.8605251312255859 5.637408722222222
0.8662233352661133 5.724675111111111
0.8720877170562744 5.794488222222222
0.8771967887878418 5.864301333333334
0.8827898502349854 5.951567722222221
0.8884851932525635 6.021380833333334
0.893277645111084 6.073740666666667
0.8990442752838135 6.143553777777777
0.9039041996002197 6.195913611111111
0.9094300270080566 6.28318
0.9143822193145752 6.335539833333333
0.9210906028747559 6.440259499999999
0.9260358810424805 6.492619333333334
0.9314677715301514 6.562432444444444
0.9364476203918457 6.614792277777778
0.9421324729919434 6.702058666666666
0.9472215175628662 6.771871777777777
0.9525017738342285 6.859138166666666
0.9581694602966309 6.911498
0.9628705978393555 6.981311111111111
0.9694392681121826 7.0685775
0.9745135307312012 7.155843888888889
0.9804191589355469 7.208203722222222
0.9851200580596924 7.278016833333334
0.9907946586608887 7.365283222222223
0.9955310821533203 7.417643055555556
1.001272201538086 7.504909444444444
1.006199836730957 7.5572692777777775
1.012054204940796 7.627082388888888
1.0184500217437744 7.714348777777778
1.0231568813323975 7.801615166666666
1.0290615558624268 7.8714282777777775
1.0339081287384033 7.923788111111111
1.0398175716400146 8.011054499999998
1.044614553451538 8.098320888888889
1.0502984523773193 8.150680722222223
1.0550429821014404 8.237947111111112
1.0607705116271973 8.307760222222221
1.0655078887939453 8.377573333333332
1.072072982788086 8.447386444444446
1.0771515369415283 8.534652833333334
1.0824434757232666 8.621919222222221
1.0881941318511963 8.674279055555555
1.092876672744751 8.761545444444444
1.0988969802856445 8.831358555555555
1.1038079261779785 8.901171666666666
1.1093473434448242 8.970984777777778
1.1142241954803467 9.02334461111111
1.120891809463501 9.145517555555555
1.125882863998413 9.197877388888887
1.131249189376831 9.285143777777778
1.136197566986084 9.337503611111112
1.142716407775879 9.424769999999999
1.1484639644622803 9.49458311111111
1.153139352798462 9.581849499999999
1.1591732501983643 9.66911588888889
1.1640183925628662 9.721475722222221
1.1707053184509277 9.80874211111111
1.1754579544067383 9.878555222222221
1.181105613708496 9.96582161111111
1.1860530376434326 10.018181444444444
1.1914818286895752 10.105447833333333
1.1964654922485352 10.192714222222222
1.2021691799163818 10.245074055555556
1.2072584629058838 10.332340444444444
1.212515115737915 10.402153555555554
1.2182183265686035 10.471966666666667
1.2241172790527344 10.541779777777778
1.2326538562774658 10.681405999999999
1.2384202480316162 10.733765833333333
1.2431528568267822 10.821032222222222
1.2540757656097412 10.890845333333333
1.261228084564209 11.06537811111111
1.2662558555603027 11.117737944444444
1.2729933261871338 11.22245761111111
1.2791352272033691 11.309724
1.2840352058410645 11.362083833333333
1.2898342609405518 11.449350222222222
1.2946434020996094 11.519163333333333
1.30033540725708 11.571523166666665
1.3050639629364014 11.658789555555556
1.3107640743255615 11.728602666666667
1.3155527114868164 11.798415777777777
1.3221759796142578 11.868228888888888
1.327908992767334 11.955495277777777
1.332655429840088 12.025308388888888
1.338376760482788 12.077668222222222
1.3434557914733887 12.16493461111111
1.349161148071289 12.234747722222222
1.3540422916412354 12.287107555555554
1.3595588207244873 12.374373944444445
1.3645071983337402 12.426733777777779
1.3703064918518066 12.496546888888888
1.3760161399841309 12.56636
1.381453275680542 12.653626388888888
1.3864483833312988 12.740892777777777
1.3921494483947754 12.775799333333332
1.397258996963501 12.86306572222222
1.4027514457702637 12.932878833333332
1.408449411392212 12.985238666666667
1.4150314331054688 13.089958333333334
1.4208769798278809 13.159771444444445
1.4266555309295654 13.229584555555556
1.432527780532837 13.316850944444445
1.4382247924804688 13.369210777777777
1.443096399307251 13.439023888888888
1.4490113258361816 13.508837
1.4538774490356445 13.561196833333332
1.459859848022461 13.631009944444443
1.4646658897399902 13.700823055555555
1.4703564643859863 13.75318288888889
1.4761340618133545 13.822996
1.481806755065918 13.892809111111111
1.4866275787353516 13.962622222222222
1.4922525882720947 14.014982055555555
1.4979150295257568 14.084795166666666
1.5026352405548096 14.154608277777777
1.5083847045898438 14.20696811111111
1.5131442546844482 14.27678122222222
1.5192184448242188 14.346594333333332
1.5250804424285889 14.381500888888887
1.5309691429138184 14.486220555555553
1.5359411239624023 14.52112711111111
1.541353702545166 14.590940222222223
1.5463943481445312 14.643300055555557
1.5520870685577393 14.695659888888889
1.5572047233581543 14.765473
1.5624964237213135 14.835286111111111
1.5681986808776855 14.887645944444444
1.572927713394165 14.940005777777777
1.5799877643585205 15.009818888888889
1.5848133563995361 15.079631999999998
1.5905613899230957 15.114538555555555
1.5953083038330078 15.184351666666664
1.6010162830352783 15.254164777777776
1.6059575080871582 15.289071333333332
1.6114468574523926 15.341431166666668
1.6164379119873047 15.393791
1.6221330165863037 15.446150833333334
1.6288232803344727 15.533417222222223
1.6335396766662598 15.568323777777778
1.6394977569580078 15.638136888888889
1.6444718837738037 15.673043444444444
1.6551780700683594 15.725403277777778
1.6626741886138916 15.865029499999999
1.6684362888336182 15.899936055555555
1.6735312938690186 15.952295888888887
1.6806004047393799 16.022108999999997
1.6855123043060303 16.07446883333333
1.6913297176361084 16.12682866666667
1.6963114738464355 16.161735222222223
1.7021489143371582 16.214095055555557
1.7072720527648926 16.266454888888887
1.7126665115356445 16.31881472222222
1.7183763980865479 16.353721277777776
1.723301649093628 16.40608111111111
1.7299649715423584 16.458440944444444
1.7348191738128662 16.510800777777778
1.7406020164489746 16.545707333333333
1.7454867362976074 16.580613888888887
1.7511296272277832 16.63297372222222
1.7560837268829346 16.667880277777776
1.76194429397583 16.72024011111111
1.7666754722595215 16.755146666666665
1.772395133972168 16.79005322222222
1.7780935764312744 16.824959777777774
1.7839722633361816 16.87731961111111
1.7899541854858398 16.929679444444446
1.7948055267333984 16.964586
1.8006248474121094 16.999492555555555
1.805387020111084 17.03439911111111
1.8110854625701904 17.06930566666667
1.8160340785980225 17.104212222222223
1.8218772411346436 17.139118777777778
1.8266761302947998 17.174025333333333
1.833162784576416 17.226385166666667
1.8391051292419434 17.26129172222222
1.8440282344818115 17.278745
1.8498144149780273 17.313651555555555
1.85465669631958 17.34855811111111
1.8604106903076172 17.383464666666665
1.8651678562164307 17.41837122222222
1.8708627223968506 17.453277777777778
1.8758442401885986 17.470731055555554
1.882446527481079 17.50563761111111
1.888223648071289 17.540544166666667
1.892948865890503 17.557997444444442
1.8988697528839111 17.592903999999997
1.9038019180297852 17.610357277777776
1.9093477725982666 17.64526383333333
1.914360523223877 17.66271711111111
1.9203424453735352 17.69762366666667
1.925114631652832 17.715076944444444
1.931525468826294 17.7499835
1.9365954399108887 17.767436777777778
1.942512035369873 17.802343333333333
1.9482226371765137 17.819796611111112
1.9529614448547363 17.837249888888888
1.9588894844055176 17.854703166666667
1.9638135433197021 17.872156444444446
1.9693489074707031 17.88960972222222
1.974336862564087 17.907063
1.9800100326538086 17.924516277777776
1.985898733139038 17.941969555555556
1.9914743900299072 17.959422833333335
1.9964563846588135 17.97687611111111
2.0024259090423584 17.99432938888889
2.0082576274871826 18.011782666666665
2.0129716396331787 18.029235944444444
2.018897533416748 18.04668922222222
2.0235683917999268 18.04668922222222
2.029348373413086 18.0641425
2.0350749492645264 18.08159577777778
2.040769577026367 18.08159577777778
2.045490264892578 18.099049055555554
2.051314115524292 18.116502333333333
2.0626697540283203 18.13395561111111
2.0684378147125244 18.13395561111111
2.073486089706421 18.13395561111111
2.079284191131592 18.151408888888888
2.0852625370025635 18.151408888888888
2.0909717082977295 18.151408888888888
2.0959312915802 18.151408888888888
2.101318120956421 18.168862166666667
2.1062896251678467 18.168862166666667
2.1119673252105713 18.168862166666667
2.1167235374450684 18.168862166666667
2.122573137283325 18.168862166666667
2.1283111572265625 18.168862166666667
2.1341235637664795 18.168862166666667
2.139948606491089 18.168862166666667
2.1457936763763428 18.168862166666667
2.1512527465820312 18.168862166666667
2.1562039852142334 18.168862166666667
2.1619114875793457 18.168862166666667
2.1666419506073 18.168862166666667
2.172347068786621 18.151408888888888
2.178046703338623 18.151408888888888
2.182965040206909 18.151408888888888
2.189922571182251 18.151408888888888
2.1947457790374756 18.151408888888888
2.2005414962768555 18.13395561111111
2.2053327560424805 18.13395561111111
2.2110400199890137 18.13395561111111
2.2160134315490723 18.116502333333333
2.221496105194092 18.116502333333333
2.226499080657959 18.116502333333333
2.23219895362854 18.099049055555554
2.238976001739502 18.099049055555554
2.243867874145508 18.08159577777778
2.2494263648986816 18.08159577777778
2.2544612884521484 18.0641425
2.2603018283843994 18.0641425
2.265047311782837 18.04668922222222
2.270759344100952 18.029235944444444
2.2755088806152344 18.029235944444444
2.281153678894043 18.011782666666665
2.28786301612854 17.99432938888889
2.2926204204559326 17.97687611111111
2.298372983932495 17.97687611111111
2.30344557762146 17.959422833333335
2.3093395233154297 17.941969555555556
2.3143439292907715 17.941969555555556
2.32000470161438 17.907063
2.3248584270477295 17.88960972222222
2.3306362628936768 17.872156444444446
2.3353939056396484 17.872156444444446
2.3421032428741455 17.837249888888888
2.3472204208374023 17.819796611111112
2.352512836456299 17.802343333333333
2.3582303524017334 17.784890055555557
2.3633244037628174 17.767436777777778
2.369110584259033 17.732530222222223
2.37406849861145 17.732530222222223
2.3798463344573975 17.69762366666667
2.3847239017486572 17.68017038888889
2.3911921977996826 17.64526383333333
2.396195888519287 17.627810555555552
2.4019062519073486 17.592903999999997
2.4066882133483887 17.57545072222222
2.41241717338562 17.557997444444442
2.4182047843933105 17.523090888888888
2.423060894012451 17.488184333333333
2.429013967514038 17.470731055555554
2.4339540004730225 17.453277777777778
2.440810203552246 17.400917944444444
2.4458365440368652 17.383464666666665
2.451284408569336 17.34855811111111
2.4638237953186035 17.278745
2.4695584774017334 17.243838444444442
2.474622964859009 17.208931888888888
2.4946460723876953 17.104212222222223
2.50045108795166 17.06930566666667
2.505204200744629 17.03439911111111
2.510895013809204 16.999492555555555
2.5158698558807373 16.964586
2.521341562271118 16.929679444444446
2.5263054370880127 16.89477288888889
2.5320143699645996 16.859866333333333
2.537180185317993 16.8075065
2.543858766555786 16.772599944444444
2.5494325160980225 16.72024011111111
2.5544543266296387 16.70278683333333
2.5613350868225098 16.650427
2.566375494003296 16.615520444444442
2.572260856628418 16.563160611111112
2.5779354572296143 16.528254055555553
2.5827107429504395 16.475894222222223
2.5884850025177 16.440987666666665
2.594438314437866 16.40608111111111
2.6004035472869873 16.353721277777776
2.6051578521728516 16.301361444444446
2.6108250617980957 16.24900161111111
2.6157948970794678 16.214095055555557
2.6212644577026367 16.161735222222223
2.626279354095459 16.12682866666667
2.631950616836548 16.09192211111111
2.637141466140747 16.039562277777776
2.643097162246704 15.987202444444442
2.6490159034729004 15.93484261111111
2.6539299488067627 15.882482777777776
2.659930467605591 15.847576222222221
2.6647894382476807 15.77776311111111
2.6705567836761475 15.742856555555555
2.675313711166382 15.690496722222221
2.680992603302002 15.638136888888889
2.6859354972839355 15.603230333333332
2.691422462463379 15.5508705
2.698179006576538 15.498510666666666
2.7030093669891357 15.428697555555557
2.7089505195617676 15.376337722222223
2.713865280151367 15.341431166666668
2.7197964191436768 15.271618055555553
2.7246201038360596 15.219258222222221
2.7303414344787598 15.184351666666664
2.7350881099700928 15.114538555555555
2.7407917976379395 15.062178722222221
2.7465293407440186 15.009818888888889
2.752215623855591 14.957459055555555
2.757878541946411 14.905099222222221
2.7626090049743652 14.835286111111111
2.7683801651000977 14.800379555555555
2.773160219192505 14.730566444444445
2.7792837619781494 14.678206611111111
2.7841763496398926 14.625846777777777
2.7899253368377686 14.573486944444445
2.7958686351776123 14.503673833333332
2.801281452178955 14.43386072222222
2.80629563331604 14.398954166666666
2.8119139671325684 14.329141055555555
2.8167059421539307 14.27678122222222
2.8223986625671387 14.224421388888889
2.8281123638153076 14.154608277777777
2.8330137729644775 14.102248444444443
2.839104413986206 14.032435333333334
2.843980312347412 13.9800755
2.850661516189575 13.892809111111111
2.8610668182373047 13.788089444444445
2.868344783782959 13.718276333333332
2.8734045028686523 13.64846322222222
2.8793742656707764 13.57865011111111
2.884333372116089 13.526290277777777
2.8902933597564697 13.473930444444443
2.895042657852173 13.404117333333332
2.9019482135772705 13.334304222222222
2.906703233718872 13.264491111111111
2.912440061569214 13.212131277777777
2.9181363582611084 13.142318166666668
2.922834873199463 13.072505055555556
2.9287214279174805 13.002691944444445
2.9334464073181152 12.95033211111111
2.9392106533050537 12.880518999999998
2.9440650939941406 12.828159166666666
2.9507627487182617 12.740892777777777
2.955512285232544 12.688532944444443
2.961395263671875 12.618719833333333
2.9664251804351807 12.56636
2.972088575363159 12.496546888888888
2.9771924018859863 12.426733777777779
2.9824881553649902 12.356920666666666
2.988215446472168 12.304560833333332
2.9929111003875732 12.234747722222222
2.999541759490967 12.147481333333333
