0.01711249351501465 0.0 5 5.0 100
0.5265970230102539 5.515235777777778 5 -0.5152357777777778 -51.52357777777779
1.036374807357788 3.752454722222222 5 1.2475452777777778 100
1.5537376403808594 8.621919222222221 5 -3.621919222222221 -100
2.0688300132751465 4.502945666666666 5 0.4970543333333337 49.705433333333374
2.5764317512512207 6.265726722222222 5 -1.2657267222222224 -100
3.0834362506866455 1.5358884444444443 5 3.4641115555555557 100
3.590524435043335 5.637408722222222 5 -0.6374087222222222 -63.74087222222222
4.098473310470581 3.2986695 5 1.7013305 100
4.606297254562378 8.028507777777778 5 -3.0285077777777776 -100
5.11557936668396 4.136426833333333 5 0.8635731666666668 86.35731666666669
5.6243815422058105 7.5572692777777775 5 -2.5572692777777775 -100
6.132238388061523 3.351029333333333 5 1.648970666666667 100
6.639729022979736 7.470002888888889 5 -2.4700028888888887 -100
7.148106336593628 3.5779219444444443 5 1.4220780555555557 100
7.656296253204346 7.6968955 5 -2.6968955 -100
8.164679765701294 3.857174388888889 5 1.1428256111111108 100
8.672272205352783 7.923788111111111 5 -2.9237881111111106 -100
9.180087804794312 4.014253888888889 5 0.9857461111111112 98.57461111111112
9.688316822052002 7.906334833333333 5 -2.906334833333333 -100
10.196243286132812 3.979347333333333 5 1.0206526666666669 100
