0.053118228912353516 0 0
0.060326337814331055 0 0
0.06327176094055176 0 0
0.06659293174743652 0 2
0.07066488265991211 1 17
0.07384181022644043 1 17
0.07688188552856445 2 51
0.08109188079833984 2 12
0.08425784111022949 2 35
0.08915233612060547 4 78
0.0923910140991211 4 156
0.09579348564147949 5 199
0.09973907470703125 6 196
0.10271239280700684 8 221
0.10609722137451172 8 265
0.1100761890411377 10 280
0.11304259300231934 11 296
0.1164853572845459 12 331
0.12076187133789062 14 358
0.12392950057983398 15 372
0.1269845962524414 16 384
0.13111305236816406 18 411
0.134263277053833 20 430
0.13924956321716309 22 468
0.14247751235961914 24 479
0.1458578109741211 26 498
0.14998626708984375 28 525
0.1529679298400879 30 555
0.15633296966552734 33 574
0.16030192375183105 36 595
0.16413450241088867 37 601
0.1676769256591797 40 631
0.17699980735778809 46 680
0.18609094619750977 52 722
0.19301748275756836 59 794
0.204056978225708 66 810
0.21111392974853516 74 853
0.2208263874053955 83 899
0.22913479804992676 90 920
0.23631763458251953 98 937
0.2413158416748047 102 963
0.25103116035461426 112 993
0.26157426834106445 120 1010
0.2669486999511719 128 1039
0.27479982376098633 137 1059
0.2862856388092041 146 1080
0.2940831184387207 154 1094
0.3024311065673828 168 1107
0.30910444259643555 172 1122
0.3123915195465088 179 1124
0.3157920837402344 182 1132
0.3197481632232666 186 1137
0.32273006439208984 191 1148
0.3261129856109619 193 1148
0.3302021026611328 200 1153
0.3331894874572754 202 1163
0.3365905284881592 207 1167
0.3407151699066162 212 1171
0.3540337085723877 214 1187
0.364332914352417 240 1205
0.3725705146789551 250 1212
0.37706804275512695 255 1213
0.3826913833618164 262 1220
0.3865053653717041 268 1226
0.3906443119049072 272 1227
0.3937959671020508 275 1227
0.39683008193969727 280 1233
0.40097522735595703 285 1235
0.40415239334106445 288 1239
0.4080634117126465 292 1242
0.4125187397003174 300 1242
0.41592860221862793 302 1245
0.41989755630493164 308 1250
0.42292070388793945 312 1254
0.42630863189697266 318 1254
0.43029165267944336 322 1257
0.4332547187805176 325 1258
0.43665647506713867 330 1258
0.4409809112548828 335 1264
0.4441502094268799 338 1266
0.44769954681396484 343 1270
0.4512979984283447 348 1266
0.45447230339050293 353 1270
0.4584505558013916 356 1275
0.46265435218811035 363 1275
0.4660756587982178 366 1278
0.4706861972808838 374 1278
0.47386622428894043 376 1280
0.47690701484680176 381 1280
0.48110461235046387 386 1283
0.48427343368530273 392 1283
0.4882364273071289 394 1287
0.4917175769805908 399 1282
0.4947338104248047 404 1287
0.4986085891723633 407 1289
0.5022773742675781 414 1292
0.5056777000427246 417 1289
0.5096414089202881 422 1289
0.5138087272644043 428 1291
0.5168604850769043 432 1294
0.5210320949554443 438 1290
0.5242295265197754 440 1292
0.5281786918640137 446 1292
0.5316896438598633 451 1296
0.534703254699707 456 1293
0.5385775566101074 458 1296
0.5422120094299316 466 1297
0.5456428527832031 469 1294
0.5495665073394775 474 1293
0.5525667667388916 479 1296
0.5559587478637695 482 1298
0.5601048469543457 487 1301
0.5643124580383301 495 1297
0.5682644844055176 498 1298
0.5717337131500244 502 1301
0.5756354331970215 508 1305
0.579573392868042 513 1303
0.5825741291046143 518 1300
0.5859768390655518 521 1298
0.589984655380249 526 1305
0.5929739475250244 532 1307
0.5964009761810303 536 1305
0.6003570556640625 542 1300
0.6033229827880859 544 1301
0.6067314147949219 550 1304
0.6108613014221191 555 1310
0.6150577068328857 560 1308
0.6191995143890381 566 1305
0.6224775314331055 570 1307
0.6258704662322998 573 1308
0.6298284530639648 578 1311
0.6328165531158447 584 1308
0.6361889839172363 589 1311
0.640164852142334 594 1305
0.6431269645690918 597 1308
0.6465179920196533 602 1310
0.650688886642456 608 1313
0.6538498401641846 610 1314
0.657027006149292 615 1308
0.6612277030944824 620 1309
0.6656692028045654 626 1313
0.6698219776153564 631 1315
0.6728148460388184 636 1311
0.6761980056762695 642 1311
0.6803534030914307 646 1312
0.6836047172546387 649 1317
0.6867406368255615 654 1317
0.6999828815460205 668 1315
0.7038455009460449 676 1314
0.7069308757781982 681 1314
0.7111485004425049 686 1309
0.7155759334564209 692 1313
0.7195436954498291 696 1316
0.7225532531738281 702 1315
0.7259414196014404 704 1319
0.7299342155456543 710 1313
0.7329094409942627 715 1314
0.736297607421875 720 1313
0.7406399250030518 726 1318
0.7552933692932129 744 1318
0.7683823108673096 754 1318
0.7767565250396729 770 1319
0.7826442718505859 781 1314
0.7860205173492432 784 1316
0.7909650802612305 792 1317
0.794517993927002 797 1318
0.7984871864318848 800 1320
0.802156925201416 807 1315
0.8055336475372314 810 1316
0.8092756271362305 815 1317
0.812532901763916 820 1320
0.8166918754577637 823 1320
0.8208508491516113 831 1315
0.8240280151367188 834 1316
0.8270888328552246 839 1317
0.8312582969665527 844 1321
0.8344404697418213 850 1319
0.8383963108062744 852 1315
0.8418762683868408 857 1315
0.8449611663818359 862 1316
0.8489959239959717 868 1325
0.8522753715515137 873 1322
0.8556561470031738 876 1318
0.8598077297210693 881 1315
0.8628180027008057 886 1318
0.8661937713623047 892 1323
0.8711187839508057 897 1319
0.8742802143096924 902 1317
0.8782565593719482 905 1319
0.8821618556976318 912 1321
0.8855829238891602 916 1322
0.8892982006072998 921 1321
0.8925375938415527 926 1317
0.8959352970123291 928 1316
0.8999340534210205 934 1320
0.9029297828674316 939 1322
0.9063432216644287 944 1324
0.9103496074676514 950 1318
0.913322925567627 952 1319
0.9198465347290039 960 1321
0.9228625297546387 966 1321
0.9262645244598389 971 1321
0.9306819438934326 976 1322
0.9338803291320801 979 1320
0.936943531036377 984 1322
0.9411165714263916 990 1322
0.9442911148071289 995 1321
0.9482676982879639 997 1321
0.9517829418182373 1002 1320
0.9548037052154541 1008 1321
0.9588613510131836 1014 1326
0.9621429443359375 1016 1322
0.965573787689209 1021 1320
0.9702925682067871 1029 1320
0.9732832908630371 1032 1320
0.9766955375671387 1037 1324
0.981705904006958 1042 1325
0.984752893447876 1048 1320
0.9886312484741211 1053 1323
0.9921054840087891 1056 1320
0.9952852725982666 1061 1323
0.9992489814758301 1066 1323
