0.02466130256652832 0.0 1.044219226637034 0.958851077208406 23.971276930210152
0.033622026443481445 0.0 1.0746195355835122 1.044219226637034 100
0.04179811477661133 0.01745327777777778 1.1020569965064546 1.0571662578057344 -100
0.049710750579833984 0.01745327777777778 1.128329846487355 1.0846037187286768 100
0.05685901641845703 0.01745327777777778 1.1518219434707084 1.1108765687095772 -100
0.0647282600402832 0.03490655555555556 1.1774110484616087 1.1169153879151528 100
0.0727534294128418 0.03490655555555556 1.2032067840809466 1.142504492906053 -100
0.0809028148651123 0.05235983333333333 1.2290845703727982 1.1508469507476133 100
0.08981537818908691 0.05235983333333333 1.257011734786 1.176724737039465 -100
0.0970754623413086 0.06981311111111112 1.2794661466654367 1.1871986236748888 100
0.10492801666259766 0.06981311111111112 1.3034491708584879 1.2096530355543256 -100
0.1128532886505127 0.06981311111111112 1.3273282995701308 1.2336360597473768 100
0.12086033821105957 0.08726638888888888 1.3511151564950548 1.2400619106812418 -100
0.1287524700164795 0.08726638888888888 1.3742215865906688 1.2638487676061658 100
0.13714289665222168 0.08726638888888888 1.3984113052890255 1.28695519770178 -100
0.14528727531433105 0.10471966666666666 1.4215150998343018 1.293691638622359 100
0.1531999111175537 0.10471966666666666 1.4436003379317806 1.316795433167635 -100
0.16144990921020508 0.10471966666666666 1.46624214099385 1.3388806712651138 100
0.16924428939819336 0.12217294444444445 1.4872669047167046 1.3440691965494056 -100
0.17638134956359863 0.12217294444444445 1.5062017412150142 1.3650939602722603 100
0.18430209159851074 0.12217294444444445 1.52685626603095 1.3840287967705698 -100
0.19327521324157715 0.12217294444444445 1.549791850748924 1.4046833215865056 100
0.20165038108825684 0.12217294444444445 1.570748850783995 1.4276189063044795 -100
0.20961928367614746 0.13962622222222223 1.5902801963964408 1.4311226285617729 100
0.2168292999267578 0.12217294444444445 1.6076036126948123 1.4681072519519964 -100
0.2255697250366211 0.13962622222222223 1.6281555508746521 1.4679773904725901 100
0.23354339599609375 0.13962622222222223 1.6464707604743336 1.48852932865243 -100
0.2423686981201172 0.13962622222222223 1.6662537555266543 1.5068445382521114 100
0.25037121772766113 0.13962622222222223 1.6837437848914854 1.5266275333044321 -100
0.25758814811706543 0.13962622222222223 1.6991471119477706 1.5441175626692631 100
0.26595020294189453 0.13962622222222223 1.716551610552715 1.5595208897255484 -100
0.27368640899658203 0.13962622222222223 1.7322260477615883 1.5769253883304928 100
0.28189730644226074 0.13962622222222223 1.7484085552802162 1.592599825539366 -100
0.2908918857574463 0.13962622222222223 1.7655942908499356 1.608782333057994 100
0.2987520694732666 0.13962622222222223 1.7801449450716085 1.6259680686277134 -100
0.3059253692626953 0.13962622222222223 1.7930402068441789 1.6405187228493863 100
0.3137052059173584 0.12217294444444445 1.8066085698941772 1.6708672623997345 -100
0.32211756706237793 0.13962622222222223 1.8207878215718365 1.666982347671955 100
0.3300971984863281 0.12217294444444445 1.833761443687556 1.6986148771273921 -100
0.3389596939086914 0.12217294444444445 1.8476229097301777 1.7115884992431116 100
0.34622645378112793 0.12217294444444445 1.8585556415261602 1.7254499652857334 -100
0.35397934913635254 0.12217294444444445 1.8697868672518507 1.7363826970817158 100
0.3622112274169922 0.12217294444444445 1.8812198513386977 1.7476139228074064 -100
0.37027835845947266 0.12217294444444445 1.8919293449235595 1.7590469068942534 100
0.37755846977233887 0.12217294444444445 1.901171348283322 1.769756400479115 -100
0.3858218193054199 0.12217294444444445 1.9111730878455255 1.7789984038388775 100
0.39474034309387207 0.10471966666666666 1.9213820439043576 1.8064534211788588 -100
0.4027235507965088 0.12217294444444445 1.9300019534313086 1.7992090994599133 100
0.4172182083129883 0.10471966666666666 1.944393593248331 1.8252822867646419 -100
0.42535924911499023 0.12217294444444445 1.9517609237531826 1.8222206488038866 100
0.43354129791259766 0.12217294444444445 1.9586440333169033 1.8295879793087382 -100
0.442899227142334 0.13962622222222223 1.965873283944751 1.819017811094681 100
0.4508852958679199 0.13962622222222223 1.9714982551203402 1.8262470617225288 -100
0.45879220962524414 0.1570795 1.9765719940925939 1.8144187551203401 100
0.4659857749938965 0.1570795 1.9807586133230286 1.8194924940925938 -100
0.47365474700927734 0.1570795 1.98477036994522 1.8236791133230286 100
0.4818880558013916 0.17453277777777776 1.9885576009249135 1.810237592167442 -100
0.4898719787597656 0.17453277777777776 1.9917151922128067 1.8140248231471356 100
0.49878454208374023 0.17453277777777776 1.9946401666339844 1.8171824144350288 -100
0.506127119064331 0.19198605555555553 1.996573802537479 1.8026541110784289 100
0.5138869285583496 0.19198605555555553 1.998149352581224 1.8045877469819236 -100
0.522305965423584 0.19198605555555553 1.999314416581152 1.8061632970256685 100
0.5302741527557373 0.19198605555555553 1.9998949789789053 1.8073283610255966 -100
0.5374813079833984 0.2094393333333333 1.9999826420596443 1.790455645645572 100
0.5467171669006348 0.2094393333333333 1.9994875425246634 1.790543308726311 -100
0.5543813705444336 0.2094393333333333 1.9985587245251817 1.7900482091913301 100
0.5627768039703369 0.2094393333333333 1.9970023892667927 1.7891193911918484 -100
0.5707302093505859 0.2268926111111111 1.9950086636177593 1.7701097781556816 100
0.5786950588226318 0.2268926111111111 1.9925061998211135 1.7681160525066482 -100
0.5858972072601318 0.2268926111111111 1.9898080543713865 1.7656135887100024 100
0.594832181930542 0.2268926111111111 1.9858870190872417 1.7629154432602754 -100
0.6028165817260742 0.2268926111111111 1.981846556438943 1.7589944079761306 100
0.6107866764068604 0.2268926111111111 1.977309324271457 1.7549539453278318 -100
0.6186854839324951 0.2443458888888889 1.9723169881556062 1.732963435382568 100
0.6261019706726074 0.2443458888888889 1.9671814271110617 1.7279710992667172 -100
0.6338443756103516 0.2443458888888889 1.9613584490938154 1.7228355382221727 100
0.6431386470794678 0.2443458888888889 1.9537473361176494 1.7170125602049264 -100
0.6514618396759033 0.26179916666666664 1.9463584071560387 1.6919481694509828 100
0.6592423915863037 0.26179916666666664 1.938963435367596 1.6845592404893721 -100
0.666388988494873 0.26179916666666664 1.9317572745325815 1.6771642687009294 100
0.6743037700653076 0.26179916666666664 1.9233160385618167 1.669958107865915 -100
0.6826627254486084 0.26179916666666664 1.9138778772616456 1.66151687189515 100
0.6906676292419434 0.2443458888888889 1.9043380516522153 1.6695319883727566 -100
0.6995871067047119 0.2443458888888889 1.8931334663882984 1.6599921627633263 100
0.7067713737487793 0.2443458888888889 1.8836704306210836 1.6487875774994094 -100
0.7143964767456055 0.2443458888888889 1.873201363775805 1.6393245417321947 100
0.7223634719848633 0.2443458888888889 1.8617975506697355 1.628855474886916 -100
0.7302546501159668 0.26179916666666664 1.850036291861835 1.599998384003069 100
0.7374100685119629 0.2443458888888889 1.8389731925209447 1.605690402972946 -100
0.7467920780181885 0.26179916666666664 1.8238972540252447 1.5771740258542781 100
0.7546482086181641 0.2443458888888889 1.8107790318654928 1.5795513651363557 -100
0.7623963356018066 0.2443458888888889 1.7974032889855351 1.5664331429766039 100
0.7712044715881348 0.2443458888888889 1.7816735947873399 1.5530574000966462 -100
0.7789349555969238 0.2443458888888889 1.7674126509592367 1.537327705898451 100
0.7862279415130615 0.2443458888888889 1.753571440257999 1.5230667620703477 -100
0.7938814163208008 0.26179916666666664 1.7386449349767186 1.4917722735913324 100
0.8032307624816895 0.2443458888888889 1.7198585872891936 1.4942990460878296 -100
0.8180758953094482 0.26179916666666664 1.6887964522303491 1.458059420622527 100
0.8259682655334473 0.2443458888888889 1.6716744941770343 1.4444505633414602 -100
0.8338401317596436 0.2443458888888889 1.6541821335962328 1.4273286052881453 100
0.8421683311462402 0.2268926111111111 1.6352294847183189 1.4272895224851216 -100
0.8512306213378906 0.2268926111111111 1.6140910247961338 1.4083368736072077 100
0.8618447780609131 0.2268926111111111 1.5886590520345671 1.3871984136850226 -100
0.8698279857635498 0.2268926111111111 1.5690586014483003 1.361766440923456 100
0.8770380020141602 0.2268926111111111 1.5510126047805106 1.3421659903371892 -100
0.8848309516906738 0.2268926111111111 1.531145021223216 1.3241199936693995 100
0.8928127288818359 0.2268926111111111 1.510410509801833 1.304252410112105 -100
0.9015984535217285 0.2268926111111111 1.4871427653383946 1.2835178986907219 100
0.9097111225128174 0.2268926111111111 1.4652496104428459 1.2602501542272835 -100
0.9169378280639648 0.2268926111111111 1.4454223230742114 1.2383569993317347 100
0.9249389171600342 0.2268926111111111 1.4231183898045527 1.2185297119631002 -100
0.9329028129577637 0.2268926111111111 1.400556255413971 1.1962257786934416 100
0.9408547878265381 0.2268926111111111 1.377673382159568 1.1736636443028599 -100
0.9496996402740479 0.2268926111111111 1.3518120507960503 1.1507807710484568 100
0.9568212032318115 0.2268926111111111 1.3306816235581065 1.1249194396849391 -100
0.9644153118133545 0.2268926111111111 1.3078518004527728 1.1037890124469953 100
0.9724102020263672 0.2268926111111111 1.283491231906192 1.0809591893416617 -100
0.980771541595459 0.2268926111111111 1.2576631356714658 1.0565986207950808 100
0.9881095886230469 0.2268926111111111 1.234705968979687 1.0307705245603547 -100
0.9958698749542236 0.2268926111111111 1.2101385963860942 1.007813357868576 100
1.004737377166748 0.2268926111111111 1.1817095124374655 0.9832459852749831 -100
1.0126941204071045 0.2268926111111111 1.1558836719017553 0.9548169013263543 100
1.020686149597168 0.2268926111111111 1.1296486520312592 0.9289910607906442 -100
1.028050422668457 0.2268926111111111 1.1052186840327052 0.902756040920148 100
1.0358445644378662 0.2268926111111111 1.0791016471709531 0.878326072921594 -100
1.0438330173492432 0.2268926111111111 1.0520614594871602 0.852209036059842 100
1.0529582500457764 0.2268926111111111 1.02084519296404 0.8251688483760491 -100
1.0609347820281982 0.2268926111111111 0.9932796211651983 0.7939525818529289 100
1.0688750743865967 0.2268926111111111 0.9655882124199976 0.7663870100540873 -100
1.0760524272918701 0.2268926111111111 0.9403477893788608 0.7386956013088866 100
1.0838398933410645 0.2268926111111111 0.9127427951366627 0.7134551782677496 -100
1.0921292304992676 0.2268926111111111 0.8831156578881598 0.6858501840255515 100
1.1015050411224365 0.2268926111111111 0.8493132333679435 0.6562230467770487 -100
1.1093127727508545 0.2268926111111111 0.8209357755181063 0.6224206222568325 100
1.116715431213379 0.2268926111111111 0.7938455917603455 0.5940431644069952 -100
1.1244125366210938 0.2268926111111111 0.7654934319339178 0.5669529806492344 100
1.1323752403259277 0.2268926111111111 0.7359721251697867 0.5386008208228068 -100
1.1403172016143799 0.2268926111111111 0.7063417897404483 0.5090795140586757 100
1.1476106643676758 0.2268926111111111 0.6789737580132308 0.47944917862933717 -100
1.156745433807373 0.2268926111111111 0.64449330966041 0.4520811469021197 100
1.1647584438323975 0.2268926111111111 0.614069598757389 0.4176006985492989 -100
1.1728804111480713 0.2268926111111111 0.5830712948158626 0.3871769876462779 100
1.1808805465698242 0.2268926111111111 0.5523875297981987 0.35617868370475153 -100
1.188772201538086 0.2268926111111111 0.5219812467478565 0.32549491868708763 100
1.1959731578826904 0.2268926111111111 0.4941225522287719 0.2950886356367454 -100
1.2048251628875732 0.2268926111111111 0.4597365432582967 0.2672299411176608 100
1.219125509262085 0.2268926111111111 0.403886480642266 0.23284393214718563 -100
1.2276220321655273 0.2268926111111111 0.3705438862495057 0.17699386953115492 100
1.2359330654144287 0.2268926111111111 0.3378256154857612 0.1436512751383946 -100
1.2438409328460693 0.2268926111111111 0.3066077076208037 0.11093300437465009 100
1.2531628608703613 0.2268926111111111 0.2697096186676731 0.0797150965096926 -100
1.2613275051116943 0.2268926111111111 0.23731484618686535 0.04281700755656204 100
1.2690739631652832 0.2268926111111111 0.20652067104216124 0.010422235075754266 -100
1.2762291431427002 0.2268926111111111 0.178032772765623 -0.02037194006894985 100
1.2842624187469482 0.2094393333333333 0.14600563283822018 -0.03140656056771032 -100
1.2922425270080566 0.2268926111111111 0.1141531280184274 -0.0808869782728909 100
1.3007259368896484 0.2094393333333333 0.08026000198311957 -0.0952862053149059 -100
1.3096466064453125 0.2094393333333333 0.04459518524603044 -0.12917933135021376 100
1.3168323040008545 0.2094393333333333 0.015855925073810895 -0.16484414808730286 -100
1.3246691226959229 0.2094393333333333 -0.015491028707728059 -0.19358340825952242 100
1.3363299369812012 0.2094393333333333 -0.06212444615526682 -0.22493036204106137 -100
1.3449082374572754 0.2094393333333333 -0.09641026490326923 -0.2715637794886001 100
1.3536796569824219 0.2094393333333333 -0.13143852209194962 -0.3058495982366025 -100
1.3621914386749268 0.2094393333333333 -0.1653913581671907 -0.3408778554252829 100
1.3702294826507568 0.2094393333333333 -0.19741065632819166 -0.374830691500524 -100
1.377450942993164 0.2094393333333333 -0.2261338509245594 -0.40684998966152497 100
1.3854877948760986 0.19198605555555553 -0.25804452198184596 -0.41811990648011493 -100
1.3933353424072266 0.19198605555555553 -0.28913928325638705 -0.4500305775374015 100
1.4016962051391602 0.19198605555555553 -0.3221894330714946 -0.4811253388119426 -100
1.4109249114990234 0.19198605555555553 -0.3585651640063288 -0.5141754886270502 100
1.4188342094421387 0.19198605555555553 -0.3896435993476327 -0.5505512195618844 -100
1.426037073135376 0.19198605555555553 -0.41786158078184765 -0.5816296549031883 100
1.4339630603790283 0.19198605555555553 -0.44881203865513447 -0.6098476363374032 -100
1.4421496391296387 0.17453277777777776 -0.48066159971967803 -0.6233448164329123 100
1.4502899646759033 0.17453277777777776 -0.512203467346025 -0.6551943774974558 -100
1.45920729637146 0.17453277777777776 -0.546599930881487 -0.6867362451238027 100
1.4667890071868896 0.17453277777777776 -0.575708240208586 -0.7211327086592647 -100
1.4746575355529785 0.17453277777777776 -0.6057776576673264 -0.7502410179863638 100
1.4826843738555908 0.17453277777777776 -0.6362974233961349 -0.7803104354451041 -100
1.4904131889343262 0.17453277777777776 -0.6655291685842154 -0.8108302011739127 100
1.4980261325836182 0.17453277777777776 -0.6941672424036585 -0.8400619463619932 -100
1.506770133972168 0.17453277777777776 -0.7268611181970497 -0.8687000201814362 100
1.5146150588989258 0.17453277777777776 -0.7560044507460982 -0.9013938959748274 -100
1.5228049755096436 0.17453277777777776 -0.7862307319502002 -0.930537228523876 100
1.530787706375122 0.17453277777777776 -0.8154894211581086 -0.960763509727978 -100
1.5381152629852295 0.19198605555555553 -0.8421639421064767 -1.0074754767136642 100
1.5459330081939697 0.19198605555555553 -0.870423333191528 -1.0341499976620323 -100
1.5536372661590576 0.19198605555555553 -0.8980643501237836 -1.0624093887470836 100
1.562887191772461 0.19198605555555553 -0.9309686008811185 -1.0900504056793392 -100
1.5708622932434082 0.19198605555555553 -0.959082632882249 -1.1229546564366741 100
1.5787882804870605 0.19198605555555553 -0.9867817958578772 -1.1510686884378045 -100
1.5862057209014893 0.19198605555555553 -1.0124792558543216 -1.1787678514134328 100
1.5941386222839355 0.19198605555555553 -1.039715787893919 -1.2044653114098771 -100
1.6021997928619385 0.19198605555555553 -1.0671245796465092 -1.2317018434494744 100
1.617431879043579 0.19198605555555553 -1.1181522705888438 -1.2591106352020647 -100
1.625694751739502 0.19198605555555553 -1.1454018733897646 -1.3101383261443993 100
1.633739709854126 0.19198605555555553 -1.1716323548341818 -1.33738792894532 -100
1.6421539783477783 0.19198605555555553 -1.1987423405350324 -1.3636184103897373 100
1.6501777172088623 0.19198605555555553 -1.224277978871621 -1.3907283960905878 -100
1.6591663360595703 0.17453277777777776 -1.2525096292274163 -1.3988107566493988 100
1.6664021015167236 0.17453277777777776 -1.2749422350052315 -1.4270424070051941 -100
1.6742820739746094 0.17453277777777776 -1.2990681641120057 -1.4494750127830094 100
1.6822898387908936 0.17453277777777776 -1.3232547775330283 -1.4736009418897833 -100
1.6929471492767334 0.19198605555555553 -1.3549165856706686 -1.5152408330885838 100
1.701225996017456 0.17453277777777776 -1.3790881402259858 -1.5294493634484465 -100
1.7097947597503662 0.17453277777777776 -1.4037079080805788 -1.5536209180037637 100
1.7170860767364502 0.17453277777777776 -1.4243329520673558 -1.5782406858583564 -100
1.7249095439910889 0.19198605555555553 -1.446126330338069 -1.6163190076229113 100
1.7329158782958984 0.19198605555555553 -1.4680625153996947 -1.6381123858936244 -100
1.7408497333526611 0.19198605555555553 -1.4894288190136389 -1.6600485709552502 100
1.7487990856170654 0.19198605555555553 -1.5104607477062266 -1.6814148745691944 -100
1.7559340000152588 0.19198605555555553 -1.529012917487753 -1.702446803261782 100
1.7648141384124756 0.17453277777777776 -1.5516676933780504 -1.7035456952655306 -100
1.7727839946746826 0.19198605555555553 -1.5715836437790425 -1.743653748933606 100
1.780761957168579 0.17453277777777776 -1.5911199490639147 -1.7461164215568203 -100
1.7881317138671875 0.17453277777777776 -1.6088070682620064 -1.7656527268416924 100
1.795877456665039 0.17453277777777776 -1.6270197556561832 -1.7833398460397842 -100
1.8035860061645508 0.19198605555555553 -1.644757350143741 -1.8190058112117387 100
1.8420650959014893 0.19198605555555553 -1.7273720051193506 -1.8367434056992964 -100
1.8708481788635254 0.2967057222222222 -1.7825087901270413 -2.024077727341573 100
1.8849122524261475 0.314159 -1.807312756034083 -2.096667790127041 -100
1.8928394317626953 0.33161227777777774 -1.8206645688230139 -2.138925033811861 100
1.900805950164795 0.3490655555555555 -1.8336215891719412 -2.169730124378569 -100
1.9081203937530518 0.36651883333333335 -1.8451082440468622 -2.2001404225052745 100
1.9169561862945557 0.36651883333333335 -1.8584572302453217 -2.2116270773801956 -100
1.9248008728027344 0.38397211111111107 -1.869822637232776 -2.242429341356433 100
1.932769536972046 0.40142538888888885 -1.8808964209997823 -2.2712480261216648 -100
1.9408695697784424 0.40142538888888885 -1.891663134799641 -2.2823218098886713 100
1.9487779140472412 0.4188786666666666 -1.9016961156965675 -2.3105418014663077 -100
1.9561867713928223 0.4188786666666666 -1.9106638537786167 -2.3205747823632343 100
1.965289831161499 0.43633194444444445 -1.921107700493536 -2.346995798223061 -100
1.9731004238128662 0.43633194444444445 -1.929561273564571 -2.3574396449379806 100
1.9812159538269043 0.4537852222222222 -1.937846082388499 -2.3833464957867934 -100
1.9889421463012695 0.4537852222222222 -1.9452591040159677 -2.3916313046107214 100
1.9961388111114502 0.47123849999999995 -1.9517462832602097 -2.4164976040159676 -100
2.004016160964966 0.47123849999999995 -1.9583834902214539 -2.4229847832602096 100
2.0192840099334717 0.47123849999999995 -1.9698622695497705 -2.4296219902214538 -100
2.0267553329467773 0.5061450555555556 -1.9748107344157269 -2.476007325105326 100
2.0347626209259033 0.5061450555555556 -1.9796246427746418 -2.4809557899712824 -100
2.0428895950317383 0.5235983333333333 -1.983991363068654 -2.503222976107975 100
2.05083966255188 0.5235983333333333 -1.9877558858578068 -2.5075896964019875 -100
2.0587034225463867 0.5410516111111111 -1.990985174384036 -2.528807496968918 100
2.067115306854248 0.5410516111111111 -1.9938943788008359 -2.5320367854951473 -100
2.0749242305755615 0.5585048888888889 -1.9960899581542209 -2.552399267689725 100
2.0830636024475098 0.5585048888888889 -1.9978602297888182 -2.5545948470431097 -100
2.0911526679992676 0.5585048888888889 -1.999095042594342 -2.556365118677707 100
2.100778579711914 0.5585048888888889 -1.999882672801829 -2.5575999314832307 -100
2.1081230640411377 0.5759581666666667 -1.9999851224300842 -2.575840839468496 100
2.116781711578369 0.5759581666666667 -1.999551659725045 -2.5759432890967506 -100
2.124788522720337 0.5759581666666667 -1.9986172071897732 -2.5755098263917118 100
2.132762908935547 0.5759581666666667 -1.9971771407964978 -2.57457537385644 -100
2.140716075897217 0.5759581666666667 -1.995234933839398 -2.5731353074631644 100
2.148104667663574 0.5759581666666667 -1.992978260683648 -2.571193100506065 -100
2.1557114124298096 0.5759581666666667 -1.9902003109471675 -2.5689364273503146 100
2.163529396057129 0.5759581666666667 -1.9868652363440478 -2.5661584776138344 -100
2.1723623275756836 0.5759581666666667 -1.9825128122474325 -2.5628234030107144 100
2.180724859237671 0.5759581666666667 -1.9778220066155114 -2.558470978914099 -100
2.1880762577056885 0.5759581666666667 -1.9732413870161059 -2.553780173282178 100
2.1958441734313965 0.5759581666666667 -1.9679377708404384 -2.5491995536827723 -100
2.203556776046753 0.5759581666666667 -1.9622020022460265 -2.543895937507105 100
2.211874008178711 0.5759581666666667 -1.9554934142151268 -2.538160168912693 -100
2.2207770347595215 0.5759581666666667 -1.9477127930699818 -2.5314515808817935 100
2.2296910285949707 0.5585048888888889 -1.9393039300868624 -2.5062176819588706 -100
2.2368147373199463 0.5585048888888889 -1.932140655431283 -2.4978088189757512 100
2.244798421859741 0.5585048888888889 -1.9236466276849025 -2.490645544320172 -100
2.2527339458465576 0.5585048888888889 -1.914717826875995 -2.4821515165737913 100
2.2606935501098633 0.5585048888888889 -1.905277448145228 -2.473222715764884 -100
2.268038511276245 0.5585048888888889 -1.8961376607864653 -2.4637823370341168 100
2.276695728302002 0.5585048888888889 -1.8848397579807425 -2.4546425496753543 -100
2.2843432426452637 0.5585048888888889 -1.8743893989381175 -2.4433446468696314 100
2.292327642440796 0.5585048888888889 -1.8630108426978578 -2.4328942878270063 -100
2.3004186153411865 0.5585048888888889 -1.8509958066479058 -2.4215157315867466 100
2.308079719543457 0.5585048888888889 -1.839172329290453 -2.409500695536795 -100
2.315713882446289 0.5585048888888889 -1.8269609281980403 -2.397677218179342 100
2.324399471282959 0.5585048888888889 -1.812549936683687 -2.385465817086929 -100
2.3323237895965576 0.5585048888888889 -1.7989247876812147 -2.371054825572576 100
2.340726137161255 0.5585048888888889 -1.783984236646343 -2.3574296765701037 -100
2.3496665954589844 0.5585048888888889 -1.7675337409227423 -2.342489125535232 100
2.356804370880127 0.5585048888888889 -1.75399424887906 -2.3260386298116313 -100
2.364788293838501 0.5585048888888889 -1.7384263357664587 -2.312499137767949 100
2.373540163040161 0.5585048888888889 -1.7208519058516165 -2.2969312246553475 -100
2.3817028999328613 0.5585048888888889 -1.703985205744792 -2.2793567947405053 100
2.3896429538726807 0.5585048888888889 -1.6871428731329916 -2.262490094633681 -100
2.396754026412964 0.5585048888888889 -1.671697695595363 -2.2456477620218807 100
2.4046630859375 0.5585048888888889 -1.6541222656576067 -2.230202584484252 -100
2.418931484222412 0.5585048888888889 -1.6213713985936553 -2.2126271545464955 100
2.427393913269043 0.5410516111111111 -1.6013217429137765 -2.1624230097047663 -100
2.435605049133301 0.5410516111111111 -1.581428949744189 -2.1423733540248877 100
2.443558692932129 0.5410516111111111 -1.5617532820470905 -2.1224805608553 -100
2.4517035484313965 0.5410516111111111 -1.5411950927862461 -2.1028048931582015 100
2.45969557762146 0.5410516111111111 -1.5206250981019214 -2.0822467038973573 -100
2.4668314456939697 0.5410516111111111 -1.5019302438909947 -2.0616767092130326 100
2.476036787033081 0.5235983333333333 -1.4773623933240945 -2.025528577224328 -100
2.4839959144592285 0.5235983333333333 -1.4557165712041429 -2.0009607266574276 100
2.492215633392334 0.5235983333333333 -1.4329749317809208 -1.979314904537476 -100
2.5001108646392822 0.5235983333333333 -1.410766350780676 -1.9565732651142542 100
2.507354259490967 0.5235983333333333 -1.390081802935771 -1.9343646841140094 -100
2.5154802799224854 0.5235983333333333 -1.366529789312492 -1.9136801362691043 100
2.524200916290283 0.5061450555555556 -1.3408530294363337 -1.8726748448680475 -100
2.5322582721710205 0.5061450555555556 -1.3167665125266907 -1.8469980849918892 100
2.540649890899658 0.5061450555555556 -1.29131734115253 -1.8229115680822463 -100
2.5480101108551025 0.5061450555555556 -1.2686964215513006 -1.7974623967080856 100
2.5556857585906982 0.5061450555555556 -1.2448133053696078 -1.7748414771068561 -100
2.563523054122925 0.5061450555555556 -1.2201245744251301 -1.7509583609251633 100
2.574939250946045 0.5061450555555556 -1.183627043149831 -1.7262696299806857 -100
2.5829102993011475 0.5061450555555556 -1.1577766770598066 -1.6897720987053866 100
2.590912103652954 0.5061450555555556 -1.1315306284462934 -1.6639217326153621 -100
2.598787784576416 0.5061450555555556 -1.105415251224783 -1.637675684001849 100
2.606208086013794 0.5061450555555556 -1.0805588493797376 -1.6115603067803386 -100
2.614023447036743 0.5235983333333333 -1.0541218650302 -1.6041571827130707 100
2.6222221851348877 0.5235983333333333 -1.0261113501624226 -1.5777201983635334 -100
2.631443977355957 0.5235983333333333 -0.9942763280956181 -1.549709683495756 100
2.639214515686035 0.5061450555555556 -0.967188249529141 -1.5004213836511737 -100
2.6463820934295654 0.5061450555555556 -0.9419948294507964 -1.4733333050846964 100
2.654303550720215 0.5061450555555556 -0.9139266158825109 -1.448139885006352 -100
2.662411689758301 0.5061450555555556 -0.8849594263892128 -1.4200716714380666 100
2.6704089641571045 0.5061450555555556 -0.8561603188932044 -1.3911044819447684 -100
2.6795542240142822 0.5061450555555556 -0.8229591782117485 -1.36230537444876 100
2.6868200302124023 0.5061450555555556 -0.7963844462241169 -1.329104233767304 -100
2.6946308612823486 0.5061450555555556 -0.7676288767299515 -1.3025295017796723 100
2.702680826187134 0.5061450555555556 -0.737796995526607 -1.273773932285507 -100
2.7104153633117676 0.5061450555555556 -0.7089537983798962 -1.2439420510821626 100
2.718080997467041 0.5061450555555556 -0.6802001463651429 -1.215098853935452 -100
2.727034091949463 0.5061450555555556 -0.646415326903306 -1.1863452019206986 100
2.735079050064087 0.5061450555555556 -0.6158802903268052 -1.1525603824588617 -100
2.7430193424224854 0.5061450555555556 -0.5855861430644791 -1.1220253458823608 100
2.75118350982666 0.5061450555555556 -0.5542839512609347 -1.0917311986200346 -100
2.7589211463928223 0.5235983333333333 -0.5244805867086917 -1.077882284594268 100
2.7660977840423584 0.5235983333333333 -0.4967256168496485 -1.048078920042025 -100
2.7738265991210938 0.5235983333333333 -0.466720872194394 -1.0203239501829817 100
2.783212661743164 0.5235983333333333 -0.43013311901862294 -0.9903192055277272 -100
2.7913057804107666 0.5235983333333333 -0.39846321538885476 -0.9537314523519562 100
2.7990763187408447 0.5235983333333333 -0.3679572913204634 -0.922061548722188 -100
2.806225061416626 0.5235983333333333 -0.33981377954629927 -0.8915556246537967 100
2.821037769317627 0.5061450555555556 -0.28128387810736233 -0.8459588351018548 -100
2.830005645751953 0.5235983333333333 -0.24572557831733796 -0.8048822114406956 100
2.83721923828125 0.5235983333333333 -0.21706523922705317 -0.7693239116506713 -100
2.8454625606536865 0.5235983333333333 -0.18425871201702074 -0.7406635725603865 100
2.853794574737549 0.5235983333333333 -0.15104835143823547 -0.707857045350354 -100
2.862124443054199 0.5410516111111111 -0.11780461540591412 -0.6920999625493466 100
2.8701465129852295 0.5410516111111111 -0.0857582611779381 -0.6588562265170252 -100
2.879027843475342 0.5410516111111111 -0.05025395085808964 -0.6268098722890492 100
2.8862760066986084 0.5410516111111111 -0.02126618680902011 -0.5913055619692007 -100
2.893967866897583 0.5410516111111111 0.009500817497614686 -0.5623177979201313 100
2.90230393409729 0.5410516111111111 0.042841844980912105 -0.5315507936134964 -100
2.910247564315796 0.5410516111111111 0.07460233206848883 -0.498209766130199 100
2.9174790382385254 0.5235983333333333 0.10349928721145968 -0.44899600126484446 -100
2.925466299057007 0.5235983333333333 0.13539095917436822 -0.4200990461218736 100
2.9339356422424316 0.5235983333333333 0.1691695793021717 -0.38820737415896506 -100
2.942105770111084 0.5410516111111111 0.20170894009904602 -0.3718820318089394 100
2.950099468231201 0.5410516111111111 0.23349356647436012 -0.33934267101206506 -100
2.9573326110839844 0.5410516111111111 0.2622028548669751 -0.30755804463675096 100
2.9656262397766113 0.5410516111111111 0.2950534609417191 -0.278848756244136 -100
2.9734199047088623 0.5410516111111111 0.32584991804662594 -0.24599815016939203 100
2.982322931289673 0.5235983333333333 0.36093268035613596 -0.19774841528670734 -100
2.990671396255493 0.5410516111111111 0.3937264150873986 -0.18011893075497515 100
2.9980688095092773 0.5235983333333333 0.4226928788344513 -0.1298719182459347 -100
3.0057766437530518 0.5410516111111111 0.4527763558417471 -0.11835873227665983 100
3.0135445594787598 0.5235983333333333 0.48298545232166534 -0.0708219774915862 -100
3.0219547748565674 0.5410516111111111 0.5155607702685091 -0.058066158789445765 100
3.0310862064361572 0.5410516111111111 0.5507641187678549 -0.025490840842602003 -100
3.0388987064361572 0.5410516111111111 0.5807373803122187 0.009712507656743807 100
3.046071767807007 0.5235983333333333 0.6081327141012561 0.05713904697888539 -100
3.053798198699951 0.5235983333333333 0.6375012994765111 0.08453438076792286 100
3.062166690826416 0.5235983333333333 0.6691384493771912 0.11390296614317785 -100
3.070089340209961 0.5235983333333333 0.6989175056726878 0.14554011604385797 100
3.0773262977600098 0.5410516111111111 0.7259660705011328 0.15786589456157674 -100
3.0864040851593018 0.5410516111111111 0.7596791415887634 0.1849144593900217 100
3.094332456588745 0.5410516111111111 0.7889190441195519 0.21862753047765227 -100
3.1022493839263916 0.5410516111111111 0.8179188147982849 0.24786743300844083 100
3.1102375984191895 0.5410516111111111 0.8469718540627239 0.27686720368717377 -100
3.1174755096435547 0.5410516111111111 0.873109571162983 0.3059202429516128 100
3.125798463821411 0.5235983333333333 0.9029391316908881 0.34951123782964977 -100
3.1344237327575684 0.5410516111111111 0.9335881041845856 0.361887520579777 100
3.1429049968719482 0.5235983333333333 0.9634545274867896 0.4099897708512523 -100
3.1509151458740234 0.5235983333333333 0.9914075473416621 0.43985619415345634 100
3.1589715480804443 0.5235983333333333 1.0192653158689406 0.46780921400832887 -100
3.166161298751831 0.5235983333333333 1.0439031067161497 0.49566698253560737 100
3.1740078926086426 0.5235983333333333 1.0705452640033593 0.5203047733828164 -100
3.1831910610198975 0.5410516111111111 1.1013902963386277 0.5294936528922481 100
3.1913952827453613 0.5410516111111111 1.1286332700748205 0.5603386852275166 -100
3.1991093158721924 0.5410516111111111 1.1539714811693693 0.5875816589637094 100
3.2067251205444336 0.5410516111111111 1.178717622300641 0.6129198700582582 -100
3.221961498260498 0.5410516111111111 1.2273989078897751 0.6376660111895299 100
3.2312374114990234 0.5410516111111111 1.2564808244895391 0.686347296778664 -100
3.240144968032837 0.5410516111111111 1.2840009761269136 0.715429213378428 100
3.247354507446289 0.5410516111111111 1.305977071475669 0.7429493650158024 -100
3.2562906742095947 0.5410516111111111 1.332838917593993 0.764925460364558 100
3.2644202709198 0.5235983333333333 1.3569066399107983 0.8092405842606597 -100
3.2727835178375244 0.5235983333333333 1.381291704124361 0.833308306577465 100
3.28090763092041 0.5235983333333333 1.4046095513798744 0.8576933707910278 -100
3.289780855178833 0.5235983333333333 1.4296536052122868 0.8810112180465411 100
3.296998977661133 0.5061450555555556 1.449694509541724 0.9235085496567312 -100
3.304812431335449 0.5061450555555556 1.4710476824126528 0.9435494539861684 100
3.312758207321167 0.5061450555555556 1.4923940458371827 0.9649026268570973 -100
3.3209009170532227 0.5061450555555556 1.5138784165194799 0.9862489902816272 100
3.328744888305664 0.5061450555555556 1.5341949674169695 1.0077333609639243 -100
3.336886405944824 0.5061450555555556 1.5548827918560029 1.028049911861414 100
3.3447816371917725 0.5061450555555556 1.5745511170508142 1.0487377363004473 -100
3.3527543544769287 0.5061450555555556 1.5940140699822383 1.0684060614952586 100
3.3607282638549805 0.5061450555555556 1.61307456143689 1.0878690144266827 -100
3.3680362701416016 0.5061450555555556 1.6301831335349928 1.1069295058813344 100
3.3758091926574707 0.5061450555555556 1.647997841715547 1.1240380779794372 -100
3.3837199211120605 0.5235983333333333 1.665719437709437 1.1243995083822136 100
3.3928704261779785 0.5061450555555556 1.6856980050279398 1.1595743821538815 -100
3.4008054733276367 0.5235983333333333 1.702565999148718 1.1620996716946066 100
3.4253408908843994 0.5410516111111111 1.7519915066715448 1.1615143880376069 -100
3.43324613571167 0.5585048888888889 1.767023295089994 1.1934866177826557 100
3.4422848224639893 0.5759581666666667 1.7836688722870855 1.1910651284233273 -100
3.4502294063568115 0.6108647222222222 1.797818424601733 1.1728041500648634 100
3.457479476928711 0.628318 1.8103350203464244 1.169500424601733 -100
3.4655020236968994 0.6457712777777778 1.82374150464598 1.1645637425686466 100
3.4732470512390137 0.6632245555555555 1.836238840969165 1.1605169490904244 -100
3.4813997745513916 0.6806778333333333 1.8489179975780548 1.1555610076358316 100
3.4901208877563477 0.6806778333333333 1.8619368764311197 1.1682401642447213 -100
3.497403383255005 0.698131111111111 1.8723743559530868 1.1638057653200087 100
3.505715847015381 0.7155843888888889 1.8838024588157147 1.156789967064198 -100
3.5136659145355225 0.7330376666666667 1.8942452795379128 1.150764792149048 100
3.521852493286133 0.7504909444444444 1.9044982795292953 1.1437543350934685 -100
3.529825210571289 0.7504909444444444 1.9139927428201877 1.154007335084851 100
3.537022113800049 0.7679442222222221 1.922145469060146 1.1460485205979656 -100
3.545851945877075 0.7853975 1.9316038170925625 1.136747969060146 100
3.5535621643066406 0.7853975 1.9393703015699775 1.1462063170925625 -100
3.561906576156616 0.8028507777777777 1.9472559423087645 1.1365195237921997 100
3.5698599815368652 0.8028507777777777 1.9542672970352502 1.144405164530987 -100
3.5770349502563477 0.8203040555555555 1.9601682197549133 1.1339632414796945 100
3.584913969039917 0.8203040555555555 1.9661831466272597 1.1398641641993579 -100
3.5934953689575195 0.8203040555555555 1.9721787826549908 1.1458790910717043 100
3.601712703704834 0.8203040555555555 1.9773756070486106 1.1518747270994352 -100
3.609692096710205 0.8377573333333332 1.981910863028593 1.1396182737152774 100
3.6235485076904297 0.8377573333333332 1.9885865504276539 1.1441535296952599 -100
3.631891965866089 0.855210611111111 1.9918698887148125 1.1333759393165428 100
3.641263008117676 0.855210611111111 1.994896266846213 1.1366592776037017 -100
3.6489412784576416 0.8726638888888889 1.9968537188231104 1.122232377957324 100
3.656332015991211 0.8726638888888889 1.9982930986135925 1.1241898299342215 -100
3.664172410964966 0.8726638888888889 1.9993427898651102 1.1256292097247036 100
3.6722540855407715 0.8726638888888889 1.9999102541720168 1.1266789009762213 -100
3.680401563644409 0.8901171666666666 1.9999534674094037 1.1097930875053503 100
3.688040256500244 0.8901171666666666 1.9995116594201316 1.109836300742737 -100
3.6967623233795166 0.8901171666666666 1.9984365538793751 1.1093944927534651 100
3.7046315670013428 0.8901171666666666 1.996944733959223 1.1083193872127084 -100
3.7124195098876953 0.8901171666666666 1.9949813312028075 1.1068275672925565 100
3.720371723175049 0.8901171666666666 1.992477108807236 1.1048641645361408 -100
3.727541923522949 0.8901171666666666 1.9897870464028033 1.1023599421405694 100
3.7355551719665527 0.8726638888888889 1.9862965426873038 1.1171231575139144 -100
3.7446420192718506 0.8726638888888889 1.9817211703438313 1.113632653798415 100
3.752413034439087 0.8726638888888889 1.977289069288819 1.1090572814549424 -100
3.7603206634521484 0.8901171666666666 1.9722887769098396 1.0871719026221522 100
3.767526865005493 0.8901171666666666 1.9673023810376995 1.082171610243173 -100
3.7757997512817383 0.8901171666666666 1.9610741062596646 1.077185214371033 100
3.7835404872894287 0.8901171666666666 1.95476026018154 1.0709569395929979 -100
3.7922840118408203 0.8901171666666666 1.9470650878815507 1.0646430935148734 100
3.800751209259033 0.8901171666666666 1.9390456221779844 1.056947921214884 -100
3.8080995082855225 0.8901171666666666 1.9316351137895686 1.0489284555113176 100
3.815851926803589 0.8901171666666666 1.92336484424847 1.0415179471229021 -100
3.823556900024414 0.8901171666666666 1.9146870534279306 1.0332476775818034 100
3.8318212032318115 0.8901171666666666 1.9048739987411973 1.024569886761264 -100
3.8397421836853027 0.8901171666666666 1.8949801589524424 1.0147568320745308 100
3.848670482635498 0.8901171666666666 1.8832581089426341 1.004862992285776 -100
3.855886697769165 0.8901171666666666 1.8733448933676724 0.9931409422759675 100
3.863837480545044 0.8901171666666666 1.861970851573425 0.9832277267010058 -100
3.872020721435547 0.8901171666666666 1.8497726391069318 0.9718536849067584 100
3.8800086975097656 0.8901171666666666 1.8373875898976393 0.9596554724402652 -100
3.8871726989746094 0.8901171666666666 1.8258811026810802 0.9472704232309727 100
3.896846294403076 0.8726638888888889 1.80974948233587 0.9532172137921913 -100
3.9048571586608887 0.8901171666666666 1.7958776007677075 0.9196323156692033 100
3.9128270149230957 0.8901171666666666 1.7816192731548925 0.9057604341010409 -100
3.9209375381469727 0.8901171666666666 1.766644601486701 0.8915021064882259 100
3.9287757873535156 0.8901171666666666 1.7517309052158274 0.8765274348200344 -100
3.9359359741210938 0.8901171666666666 1.7377310172095366 0.8616137385491608 100
3.9448161125183105 0.8726638888888889 1.719873498424786 0.8650671283206477 -100
3.9528069496154785 0.8901171666666666 1.7033404450971896 0.8297563317581195 100
3.9607696533203125 0.8726638888888889 1.6864328420042056 0.8306765562083007 -100
3.968113422393799 0.8726638888888889 1.6704602267777442 0.8137689531153167 100
3.975954294204712 0.8726638888888889 1.6530087403998772 0.7977963378888553 -100
3.983834743499756 0.8901171666666666 1.6350595958636793 0.7628915737332106 100
3.992008924484253 0.8901171666666666 1.6160123438167893 0.7449424291970127 -100
4.000868558883667 0.8901171666666666 1.5948802856576245 0.7258951771501226 100
4.008745431900024 0.8901171666666666 1.5756716074371024 0.7047631189909579 -100
4.021822452545166 0.8901171666666666 1.5429206234475294 0.6855544407704358 100
4.031530141830444 0.8726638888888889 1.5179242425467252 0.6702567345586405 -100
4.03926682472229 0.8901171666666666 1.4975928425350935 0.6278070758800586 100
4.048126935958862 0.8901171666666666 1.4738690221813562 0.6074756758684269 -100
4.056073904037476 0.9075704444444443 1.4521963064802188 0.5662985777369118 100
4.063818454742432 0.9075704444444443 1.430722626353411 0.5446258620357745 -100
4.072011232376099 0.9250237222222222 1.4076326215779416 0.5056989041311888 100
4.080023765563965 0.9250237222222222 1.3846850202046197 0.4826088993557194 -100
4.087254524230957 0.9424769999999999 1.3636709910341687 0.4422080202046198 100
4.095178127288818 0.9424769999999999 1.3403160948004444 0.42119399103416877 -100
4.103945016860962 0.9599302777777778 1.3140836168116194 0.3803858170226666 100
4.112157106399536 0.9599302777777778 1.2891446239270148 0.3541533390338416 -100
4.120129108428955 0.9599302777777778 1.264602038213047 0.32921434614923695 100
4.127349138259888 0.9599302777777778 1.242096886612526 0.3046717604352691 -100
4.135293960571289 0.9599302777777778 1.2170334123774227 0.2821666088347481 100
4.143190860748291 0.9599302777777778 1.1918166084604593 0.25710313459964484 -100
4.1521522998809814 0.9599302777777778 1.1628407075052365 0.2318863306826815 100
4.160669326782227 0.9599302777777778 1.134955421995854 0.20291042972745865 -100
4.1680378913879395 0.9773835555555556 1.110564283130092 0.1575718664402984 100
4.175784111022949 0.9599302777777778 1.0846630929978747 0.15063400535231408 -100
4.183545351028442 0.9773835555555556 1.058450594390057 0.1072795374423191 100
4.1916656494140625 0.9599302777777778 1.03075253545321 0.09852031661227922 -100
4.2003395557403564 0.9599302777777778 1.0008660279663002 0.07082225767543227 100
4.20756721496582 0.9599302777777778 0.975732218739165 0.04093575018852236 -100
4.215543985366821 0.9599302777777778 0.9477569524309817 0.015801940961387206 100
4.22441554069519 0.9599302777777778 0.9163605899455227 -0.01217332534679616 -100
4.232409954071045 0.9599302777777778 0.8878210390537353 -0.04356968783225512 100
4.240372180938721 0.9599302777777778 0.8591707909610233 -0.07210923872404251 -100
4.247562646865845 0.9599302777777778 0.8331101270468012 -0.1007594868167545 100
4.25696063041687 0.9599302777777778 0.7987897579231588 -0.12682015073097663 -100
4.264928579330444 0.9599302777777778 0.769470176439473 -0.16114051985461908 100
4.275376319885254 0.9599302777777778 0.7307308180217936 -0.19046010133830482 -100
4.283565044403076 0.9773835555555556 0.7001438233343227 -0.24665273753376193 100
4.29200553894043 0.9773835555555556 0.6684199528551584 -0.2772397322212329 -100
4.301177978515625 0.9773835555555556 0.6337293749200056 -0.30896360270039713 100
4.308955907821655 0.9773835555555556 0.6041453362653544 -0.34365418063555 -100
4.316178560256958 0.9948368333333333 0.5765422805619252 -0.3906914970679789 100
4.324134349822998 0.9948368333333333 0.545998356130939 -0.41829455277140803 -100
4.336212873458862 1.0122901111111111 0.4993647238812821 -0.46629175498017206 100
4.344339370727539 1.0122901111111111 0.46782370234891946 -0.5129253872298289 -100
4.358782052993774 1.0122901111111111 0.41146831623965285 -0.5444664087621917 100
4.375077962875366 1.0122901111111111 0.34747186603642827 -0.6008217948714583 -100
4.3915486335754395 1.029743388888889 0.28241433296132346 -0.6822715228524607 100
4.407044887542725 1.029743388888889 0.22092460228955296 -0.7473290559275655 -100
4.414839029312134 1.029743388888889 0.18991323967331927 -0.8088187865993359 100
4.430678606033325 1.0471966666666666 0.12675648437490758 -0.8572834269933473 -100
4.438054800033569 1.0646499444444444 0.0972983005105012 -0.9378934600695368 100
4.445937156677246 1.0821032222222222 0.06579542109444554 -0.984804921711721 -100
4.464639663696289 1.0995564999999998 -0.009002702843745096 -1.0337610789055542 100
4.479119539260864 1.0995564999999998 -0.06690974799710682 -1.108559202843745 -100
4.486895799636841 1.1170097777777779 -0.09798803263431316 -1.1839195257748847 100
4.49474024772644 1.1170097777777779 -0.12931479764633644 -1.214997810412091 -100
4.502730131149292 1.1170097777777779 -0.16118958928673718 -1.2463245754241143 100
4.51169228553772 1.1170097777777779 -0.1968937832622454 -1.278199367064515 -100
4.519638538360596 1.1344630555555555 -0.22849819683870332 -1.331356838817801 100
4.526789426803589 1.1344630555555555 -0.25689012147675055 -1.3629612523942587 -100
4.534832715988159 1.1344630555555555 -0.2887621617812245 -1.391353177032306 100
4.542800664901733 1.1519163333333333 -0.32026200978664743 -1.440678495114558 -100
4.5509374141693115 1.1519163333333333 -0.35234518892121885 -1.4721783431199809 100
4.559844970703125 1.1519163333333333 -0.38736036604173113 -1.5042615222545521 -100
4.567038297653198 1.1693696111111112 -0.4155477830498041 -1.5567299771528422 100
4.574911832809448 1.1693696111111112 -0.4463018294333524 -1.5849173941609154 -100
4.582862615585327 1.1693696111111112 -0.47724527870988437 -1.6156714405444634 100
4.591181755065918 1.1693696111111112 -0.5094930078518832 -1.6466148898209956 -100
4.598879814147949 1.1693696111111112 -0.5392077822994346 -1.6788626189629943 100
4.60606050491333 1.1693696111111112 -0.5668104236173473 -1.7085773934105457 -100
4.614808082580566 1.1693696111111112 -0.600277686063119 -1.7361800347284584 100
4.622812271118164 1.1693696111111112 -0.6307401058157963 -1.76964729717423 -100
4.630752325057983 1.1693696111111112 -0.6607987643574791 -1.8001097169269076 100
4.63811182975769 1.1693696111111112 -0.68851099719908 -1.8301683754685902 -100
4.645702838897705 1.1693696111111112 -0.7169386201882925 -1.8578806083101913 100
4.65368127822876 1.1693696111111112 -0.7466389009096587 -1.8863082312994037 -100
4.662825107574463 1.1693696111111112 -0.7804431871050036 -1.91600851202077 100
4.670742750167847 1.1693696111111112 -0.8095038783255024 -1.9498127982161146 -100
4.678116083145142 1.1693696111111112 -0.8363843683874009 -1.9788734894366136 100
4.686070442199707 1.1693696111111112 -0.8651789533514695 -2.005753979498512 -100
4.693793296813965 1.1693696111111112 -0.8929260702423928 -2.0345485644625807 100
4.702014923095703 1.1693696111111112 -0.922230945095679 -2.062295681353504 -100
4.711277008056641 1.1693696111111112 -0.9549453191243545 -2.09160055620679 100
4.719055891036987 1.1693696111111112 -0.9821682056777472 -2.1243149302354656 -100
4.726218938827515 1.1693696111111112 -1.0070258372880563 -2.151537816788858 100
4.733943462371826 1.1693696111111112 -1.0336001760382187 -2.1763954483991674 -100
4.742125988006592 1.1693696111111112 -1.0614809623789085 -2.20296978714933 100
4.75004243850708 1.1693696111111112 -1.0881846536314916 -2.2308505734900197 -100
4.757221221923828 1.1693696111111112 -1.1121643938880035 -2.257554264742603 100
4.766041040420532 1.1693696111111112 -1.1413114168092944 -2.2815340049991146 -100
4.773900270462036 1.1693696111111112 -1.1669850309981071 -2.3106810279204053 100
4.782135248184204 1.1693696111111112 -1.1935766588832935 -2.3363546421092183 -100
4.790070056915283 1.1693696111111112 -1.218892816221751 -2.3629462699944046 100
4.797288417816162 1.1693696111111112 -1.241656656475587 -2.388262427332862 -100
4.8052449226379395 1.1693696111111112 -1.2664482961562384 -2.4110262675866982 100
4.814155101776123 1.1693696111111112 -1.2938305421041345 -2.4358179072673494 -100
4.829920768737793 1.1693696111111112 -1.3412686348769598 -2.4632001532152454 100
4.837112903594971 1.1693696111111112 -1.362469303018117 -2.510638245988071 -100
4.845041036605835 1.1693696111111112 -1.385512695772277 -2.531838914129228 100
4.853294372558594 1.1519163333333333 -1.4091311531980133 -2.5374290291056103 -100
4.861389636993408 1.1519163333333333 -1.431924321014213 -2.5610474865313466 100
4.870067119598389 1.1344630555555555 -1.4559398250406554 -2.5663873765697685 -100
4.877243518829346 1.1344630555555555 -1.4754700058588202 -2.590402880596211 100
4.8850579261779785 1.1344630555555555 -1.4963906773772628 -2.6099330614143756 -100
4.893182754516602 1.1344630555555555 -1.5177547668626676 -2.6308537329328185 100
4.901248216629028 1.1344630555555555 -1.5385663926139366 -2.652217822418223 -100
4.908971309661865 1.1170097777777779 -1.5581194542956773 -2.6555761703917145 100
4.9170684814453125 1.1170097777777779 -1.5782203355968198 -2.675129232073455 -100
4.924902439117432 1.1170097777777779 -1.5972739255427184 -2.6952301133745977 100
4.9338157176971436 1.1170097777777779 -1.618475511179601 -2.714283703320496 -100
4.942248106002808 1.1344630555555555 -1.6380598944827676 -2.7529385667351565 100
4.9507904052734375 1.1344630555555555 -1.6574244883877036 -2.772522950038323 -100
4.958096504211426 1.1344630555555555 -1.6736031272576315 -2.7918875439432593 100
4.967068910598755 1.1344630555555555 -1.692982412079969 -2.808066182813187 -100
4.97489070892334 1.1344630555555555 -1.709431968067928 -2.8274454676355245 100
4.982808589935303 1.1344630555555555 -1.7256575064240205 -2.8438950236234835 -100
4.990771293640137 1.1519163333333333 -1.7415384711657873 -2.877573839757354 100
4.9980788230896 1.1519163333333333 -1.7557241791376172 -2.893454804499121 -100
5.005781173706055 1.1519163333333333 -1.7702703179138475 -2.907640512470951 100
