0.06719279289245605 0.0 10 10.0 100
0.07245945930480957 0.0 10 10.0 100
0.07852625846862793 0.01745327777777778 10 9.982546722222223 100
0.0849757194519043 0.01745327777777778 10 9.982546722222223 100
0.09025883674621582 0.03490655555555556 10 9.965093444444445 100
0.09796571731567383 0.05235983333333333 10 9.947640166666666 100
0.10352587699890137 0.08726638888888888 10 9.912733611111111 100
0.1098020076751709 0.12217294444444445 10 9.877827055555555 100
0.11656880378723145 0.1570795 10 9.8429205 100
0.12225031852722168 0.19198605555555553 10 9.808013944444445 100
0.12849640846252441 0.2443458888888889 10 9.755654111111111 100
0.13495469093322754 0.27925244444444447 10 9.720747555555555 100
0.14023709297180176 0.3490655555555555 10 9.650934444444445 100
0.1479182243347168 0.38397211111111107 10 9.616027888888889 100
0.15346765518188477 0.4537852222222222 10 9.546214777777777 100
0.15975213050842285 0.5061450555555556 10 9.493854944444445 100
0.1663966178894043 0.5759581666666667 10 9.424041833333334 100
0.17218422889709473 0.628318 10 9.371682 100
0.1785264015197754 0.698131111111111 10 9.301868888888889 100
0.18494606018066406 0.7679442222222221 10 9.232055777777777 100
0.19025540351867676 0.8377573333333332 10 9.162242666666668 100
0.19773626327514648 0.8901171666666666 10 9.109882833333334 100
0.20331430435180664 0.9773835555555556 10 9.022616444444445 100
0.2095937728881836 1.0471966666666666 10 8.952803333333334 100
0.21602892875671387 1.1170097777777779 10 8.882990222222222 100
0.2215867042541504 1.2042761666666666 10 8.795723833333334 100
0.22802162170410156 1.2740892777777777 10 8.725910722222222 100
0.23359370231628418 1.3439023888888888 10 8.656097611111111 100
0.23998117446899414 1.4137155 10 8.5862845 100
0.2464761734008789 1.5009818888888888 10 8.499018111111111 100
0.253248929977417 1.6057015555555554 10 8.394298444444445 100
0.259493350982666 1.6755146666666665 10 8.324485333333334 100
0.26597166061401367 1.7453277777777778 10 8.254672222222222 100
0.271512508392334 1.8325941666666667 10 8.167405833333333 100
0.27792835235595703 1.9198605555555557 10 8.080139444444445 100
0.28348255157470703 1.9896736666666666 10 8.010326333333333 100
0.2898228168487549 2.0769400555555553 10 7.923059944444445 100
0.2966773509979248 2.1467531666666666 10 7.853246833333333 100
0.3033175468444824 2.268926111111111 10 7.731073888888889 100
0.3096039295196533 2.3387392222222223 10 7.661260777777778 100
0.3161025047302246 2.426005611111111 10 7.573994388888889 100
0.32177257537841797 2.513272 10 7.486727999999999 100
0.32803845405578613 2.583085111111111 10 7.416914888888889 100
0.3336007595062256 2.6703514999999998 10 7.3296485 100
0.3406667709350586 2.757617888888889 10 7.242382111111111 100
0.3473188877105713 2.827431 10 7.172569 100
0.3535745143890381 2.949603944444444 10 7.050396055555556 100
0.36000847816467285 3.0368703333333333 10 6.963129666666667 100
0.36652541160583496 3.1066834444444447 10 6.893316555555556 100
0.37222933769226074 3.193949833333333 10 6.806050166666667 100
0.3784518241882324 3.281216222222222 10 6.718783777777778 100
0.3843371868133545 3.368482611111111 10 6.63151738888889 100
0.3902151584625244 3.455749 10 6.544251 100
0.3966696262359619 3.5430153888888887 10 6.456984611111111 100
0.40342116355895996 3.6302817777777774 10 6.369718222222223 100
0.4096846580505371 3.7350014444444444 10 6.264998555555556 100
0.4163382053375244 3.822267833333333 10 6.177732166666667 100
0.4219672679901123 3.9095342222222222 10 6.090465777777778 100
0.4284214973449707 3.9968006111111105 10 6.0031993888888895 100
0.4349405765533447 4.084067 10 5.915933 100
0.4480869770050049 4.171333388888889 10 5.828666611111111 100
0.4554026126861572 4.3633194444444445 10 5.6366805555555555 100
0.46123504638671875 4.485492388888889 10 5.514507611111111 100
0.4679298400878906 4.572758777777778 10 5.427241222222222 100
0.47345471382141113 4.642571888888889 10 5.357428111111111 100
0.4799628257751465 4.729838277777778 10 5.270161722222222 100
0.4872918128967285 4.817104666666666 10 5.182895333333334 100
0.49261045455932617 4.939277611111111 10 5.060722388888889 100
0.4990406036376953 5.026544 10 4.973456 100
0.5062100887298584 5.078903833333333 10 4.921096166666667 100
0.5118827819824219 5.201076777777777 10 4.798923222222223 100
0.5181584358215332 5.2883431666666665 10 4.7116568333333335 100
0.5237302780151367 5.375609555555555 10 4.624390444444445 100
0.5299549102783203 5.462875944444445 10 4.537124055555555 100
0.5366275310516357 5.550142333333333 10 4.449857666666667 100
0.5423190593719482 5.619955444444445 10 4.380044555555555 100
0.5485405921936035 5.742128388888888 10 4.257871611111112 100
0.5561532974243164 5.794488222222222 10 4.205511777777778 100
0.5617928504943848 5.916661166666667 10 4.083338833333333 100
0.5680806636810303 6.003927555555555 10 3.9960724444444446 100
0.5736956596374512 6.091193944444444 10 3.908806055555556 100
0.5799221992492676 6.178460333333333 10 3.8215396666666672 100
0.5864543914794922 6.265726722222222 10 3.7342732777777776 100
0.5921969413757324 6.35299311111111 10 3.64700688888889 100
0.5985720157623291 6.440259499999999 10 3.559740500000001 100
0.6060781478881836 6.527525888888889 10 3.4724741111111106 100
0.6117546558380127 6.6322455555555555 10 3.3677544444444445 100
0.6180806159973145 6.736965222222222 10 3.2630347777777784 100
0.6236379146575928 6.806778333333333 10 3.193221666666667 100
0.6299521923065186 6.8940447222222225 10 3.1059552777777775 100
0.6364526748657227 6.981311111111111 10 3.0186888888888888 100
0.6421630382537842 7.0685775 10 2.9314225 100
0.6483888626098633 7.155843888888889 10 2.8441561111111113 100
0.6560666561126709 7.2431102777777765 10 2.7568897222222235 100
0.6617348194122314 7.365283222222223 10 2.6347167777777774 100
0.6680266857147217 7.4525496111111105 10 2.5474503888888895 100
0.6735563278198242 7.539815999999999 10 2.460184000000001 100
0.6798076629638672 7.627082388888888 10 2.372917611111112 100
0.686509370803833 7.714348777777778 10 2.2856512222222216 100
0.6921861171722412 7.801615166666666 10 2.198384833333334 100
0.6983978748321533 7.888881555555555 10 2.111118444444445 100
0.7055788040161133 7.976147944444444 10 2.0238520555555564 100
0.7112457752227783 8.098320888888889 10 1.901679111111111 100
0.7179317474365234 8.168134 10 1.8318659999999998 100
0.7234766483306885 8.272853666666666 10 1.7271463333333337 100
0.7297399044036865 8.342666777777778 10 1.6573332222222223 100
0.7362256050109863 8.429933166666666 10 1.5700668333333336 100
0.7418861389160156 8.517199555555555 10 1.482800444444445 100
0.748183012008667 8.604465944444444 10 1.3955340555555562 100
0.7537612915039062 8.691732333333333 10 1.3082676666666675 100
0.7611737251281738 8.813905277777776 10 1.186094722222224 100
0.7676980495452881 8.901171666666666 10 1.0988283333333335 100
0.7732133865356445 8.988438055555555 10 1.0115619444444448 100
0.7796201705932617 9.075704444444444 10 0.9242955555555561 100
0.7860729694366455 9.162970833333333 10 0.8370291666666674 100
0.7917678356170654 9.250237222222223 10 0.7497627777777769 100
0.7980737686157227 9.337503611111112 10 0.6624963888888882 100
0.8037035465240479 9.424769999999999 10 0.5752300000000012 100
0.8112335205078125 9.546942944444444 10 0.453057055555556 90.6114111111112
0.8181271553039551 9.634209333333333 10 0.36579066666666726 73.15813333333345
0.8238918781280518 9.704022444444444 10 0.29597755555555594 59.19551111111119
0.8305439949035645 9.791288833333333 10 0.20871116666666722 41.742233333333445
0.8377041816711426 9.878555222222221 10 0.12144477777777851 24.288955555555702
0.8505964279174805 10.035634722222223 10 -0.0356347222222233 -7.126944444444661
0.8584036827087402 10.157807666666667 10 -0.1578076666666668 -31.561533333333358
0.8651854991912842 10.210167499999999 10 -0.21016749999999895 -42.03349999999979
0.8712389469146729 10.27998061111111 10 -0.2799806111111103 -55.996122222222056
0.8781173229217529 10.332340444444444 10 -0.3323404444444442 -66.46808888888884
0.8843190670013428 10.367246999999999 10 -0.367246999999999 -73.4493999999998
0.8905460834503174 10.419606833333333 10 -0.41960683333333293 -83.92136666666659
0.8976385593414307 10.437060111111112 10 -0.4370601111111121 -87.41202222222242
0.9066486358642578 10.471966666666667 10 -0.47196666666666687 -94.39333333333337
0.9136779308319092 10.471966666666667 10 -0.47196666666666687 -94.39333333333337
0.9201304912567139 10.471966666666667 10 -0.47196666666666687 -94.39333333333337
0.9270906448364258 10.471966666666667 10 -0.47196666666666687 -94.39333333333337
0.9329085350036621 10.471966666666667 10 -0.47196666666666687 -94.39333333333337
0.9393308162689209 10.45451338888889 10 -0.4545133888888895 -90.9026777777779
0.9461343288421631 10.437060111111112 10 -0.4370601111111121 -87.41202222222242
0.9520702362060547 10.402153555555554 10 -0.40215355555555377 -80.43071111111075
0.9597418308258057 10.367246999999999 10 -0.367246999999999 -73.4493999999998
0.9665179252624512 10.332340444444444 10 -0.3323404444444442 -66.46808888888884
0.9724500179290771 10.297433888888888 10 -0.29743388888888767 -59.48677777777753
0.9790997505187988 10.245074055555556 10 -0.2450740555555555 -49.0148111111111
0.9855656623840332 10.210167499999999 10 -0.21016749999999895 -42.03349999999979
0.9915118217468262 10.175260944444444 10 -0.17526094444444418 -35.052188888888836
0.9981317520141602 10.14035438888889 10 -0.1403543888888894 -28.07087777777788
1.0042905807495117 10.105447833333333 10 -0.10544783333333285 -21.08956666666657
1.0115277767181396 10.053088 10 -0.05308800000000069 -10.617600000000138
1.018263816833496 10.018181444444444 10 -0.01818144444444414 -3.636288888888828
1.0243847370147705 10.000728166666665 10 -0.0007281666666649755 -0.1456333333329951
1.0306732654571533 9.96582161111111 10 0.0341783888888898 6.83567777777796
1.0375683307647705 9.930915055555555 10 0.06908494444444457 13.816988888888915
1.043281078338623 9.913461777777776 10 0.08653822222222374 17.307644444444747
1.0497798919677734 9.896008499999999 10 0.10399150000000112 20.798300000000225
1.056532382965088 9.878555222222221 10 0.12144477777777851 24.288955555555702
1.063497543334961 9.878555222222221 10 0.12144477777777851 24.288955555555702
1.0699825286865234 9.861101944444444 10 0.1388980555555559 27.77961111111118
1.0771937370300293 9.861101944444444 10 0.1388980555555559 27.77961111111118
1.0830185413360596 9.861101944444444 10 0.1388980555555559 27.77961111111118
1.0894861221313477 9.861101944444444 10 0.1388980555555559 27.77961111111118
1.0961229801177979 9.861101944444444 10 0.1388980555555559 27.77961111111118
1.101963758468628 9.878555222222221 10 0.12144477777777851 24.288955555555702
1.1084702014923096 9.878555222222221 10 0.12144477777777851 24.288955555555702
1.116154670715332 9.896008499999999 10 0.10399150000000112 20.798300000000225
1.121960163116455 9.896008499999999 10 0.10399150000000112 20.798300000000225
1.1285004615783691 9.913461777777776 10 0.08653822222222374 17.307644444444747
1.1352038383483887 9.930915055555555 10 0.06908494444444457 13.816988888888915
1.141223430633545 9.948368333333333 10 0.051631666666667186 10.326333333333437
1.147993803024292 9.948368333333333 10 0.051631666666667186 10.326333333333437
1.1537675857543945 9.96582161111111 10 0.0341783888888898 6.83567777777796
1.1602637767791748 9.983274888888888 10 0.016725111111112412 3.3450222222224824
1.1681077480316162 9.983274888888888 10 0.016725111111112412 3.3450222222224824
1.1743004322052002 10.000728166666665 10 -0.0007281666666649755 -0.1456333333329951
1.1804447174072266 10.000728166666665 10 -0.0007281666666649755 -0.1456333333329951
1.187436580657959 10.018181444444444 10 -0.01818144444444414 -3.636288888888828
1.1931495666503906 10.018181444444444 10 -0.01818144444444414 -3.636288888888828
1.199784755706787 10.018181444444444 10 -0.01818144444444414 -3.636288888888828
1.2069175243377686 10.018181444444444 10 -0.01818144444444414 -3.636288888888828
1.213592767715454 10.018181444444444 10 -0.01818144444444414 -3.636288888888828
1.220029592514038 10.018181444444444 10 -0.01818144444444414 -3.636288888888828
1.2269227504730225 10.018181444444444 10 -0.01818144444444414 -3.636288888888828
1.2326092720031738 10.018181444444444 10 -0.01818144444444414 -3.636288888888828
1.2391443252563477 10.018181444444444 10 -0.01818144444444414 -3.636288888888828
1.2525091171264648 10.018181444444444 10 -0.01818144444444414 -3.636288888888828
1.259425401687622 10.018181444444444 10 -0.01818144444444414 -3.636288888888828
1.2674672603607178 10.018181444444444 10 -0.01818144444444414 -3.636288888888828
1.27315354347229 10.018181444444444 10 -0.01818144444444414 -3.636288888888828
1.279714584350586 10.018181444444444 10 -0.01818144444444414 -3.636288888888828
1.2864880561828613 10.018181444444444 10 -0.01818144444444414 -3.636288888888828
1.2923381328582764 10.018181444444444 10 -0.01818144444444414 -3.636288888888828
1.29903244972229 10.018181444444444 10 -0.01818144444444414 -3.636288888888828
1.3053736686706543 10.018181444444444 10 -0.01818144444444414 -3.636288888888828
1.311176061630249 10.018181444444444 10 -0.01818144444444414 -3.636288888888828
1.3189904689788818 10.018181444444444 10 -0.01818144444444414 -3.636288888888828
1.3253650665283203 10.018181444444444 10 -0.01818144444444414 -3.636288888888828
1.3311493396759033 10.018181444444444 10 -0.01818144444444414 -3.636288888888828
1.338050365447998 10.018181444444444 10 -0.01818144444444414 -3.636288888888828
1.3454713821411133 10.018181444444444 10 -0.01818144444444414 -3.636288888888828
1.351236343383789 10.018181444444444 10 -0.01818144444444414 -3.636288888888828
1.3579342365264893 10.018181444444444 10 -0.01818144444444414 -3.636288888888828
1.3636791706085205 10.018181444444444 10 -0.01818144444444414 -3.636288888888828
1.3711674213409424 10.018181444444444 10 -0.01818144444444414 -3.636288888888828
1.378103494644165 10.018181444444444 10 -0.01818144444444414 -3.636288888888828
1.383840799331665 10.018181444444444 10 -0.01818144444444414 -3.636288888888828
1.3904223442077637 10.018181444444444 10 -0.01818144444444414 -3.636288888888828
1.3973188400268555 10.018181444444444 10 -0.01818144444444414 -3.636288888888828
1.4030590057373047 10.018181444444444 10 -0.01818144444444414 -3.636288888888828
1.409529685974121 10.018181444444444 10 -0.01818144444444414 -3.636288888888828
1.4173107147216797 10.018181444444444 10 -0.01818144444444414 -3.636288888888828
1.423039436340332 10.018181444444444 10 -0.01818144444444414 -3.636288888888828
1.429502248764038 10.018181444444444 10 -0.01818144444444414 -3.636288888888828
1.4363360404968262 10.018181444444444 10 -0.01818144444444414 -3.636288888888828
1.4422662258148193 10.018181444444444 10 -0.01818144444444414 -3.636288888888828
1.4523985385894775 10.018181444444444 10 -0.01818144444444414 -3.636288888888828
1.4592654705047607 10.018181444444444 10 -0.01818144444444414 -3.636288888888828
1.4670274257659912 10.018181444444444 10 -0.01818144444444414 -3.636288888888828
1.4726612567901611 10.018181444444444 10 -0.01818144444444414 -3.636288888888828
1.479386568069458 10.018181444444444 10 -0.01818144444444414 -3.636288888888828
1.485992670059204 10.018181444444444 10 -0.01818144444444414 -3.636288888888828
1.4917950630187988 10.018181444444444 10 -0.01818144444444414 -3.636288888888828
1.4986212253570557 10.018181444444444 10 -0.01818144444444414 -3.636288888888828
1.5051934719085693 10.018181444444444 10 -0.01818144444444414 -3.636288888888828
1.5109996795654297 10.018181444444444 10 -0.01818144444444414 -3.636288888888828
1.5184237957000732 10.018181444444444 10 -0.01818144444444414 -3.636288888888828
1.5251152515411377 10.018181444444444 10 -0.01818144444444414 -3.636288888888828
1.5317137241363525 10.018181444444444 10 -0.01818144444444414 -3.636288888888828
1.5382113456726074 10.018181444444444 10 -0.01818144444444414 -3.636288888888828
1.5443534851074219 10.018181444444444 10 -0.01818144444444414 -3.636288888888828
1.5504662990570068 10.018181444444444 10 -0.01818144444444414 -3.636288888888828
1.5575754642486572 10.018181444444444 10 -0.01818144444444414 -3.636288888888828
1.5632567405700684 10.018181444444444 10 -0.01818144444444414 -3.636288888888828
1.5706031322479248 10.018181444444444 10 -0.01818144444444414 -3.636288888888828
1.577495813369751 10.018181444444444 10 -0.01818144444444414 -3.636288888888828
1.5831701755523682 10.018181444444444 10 -0.01818144444444414 -3.636288888888828
1.5921061038970947 10.018181444444444 10 -0.01818144444444414 -3.636288888888828
1.5989251136779785 10.018181444444444 10 -0.01818144444444414 -3.636288888888828
1.60536789894104 10.018181444444444 10 -0.01818144444444414 -3.636288888888828
1.6111538410186768 10.018181444444444 10 -0.01818144444444414 -3.636288888888828
1.6190330982208252 10.018181444444444 10 -0.01818144444444414 -3.636288888888828
1.6255288124084473 10.018181444444444 10 -0.01818144444444414 -3.636288888888828
1.6313230991363525 10.018181444444444 10 -0.01818144444444414 -3.636288888888828
1.6379709243774414 10.018181444444444 10 -0.01818144444444414 -3.636288888888828
1.64998459815979 10.018181444444444 10 -0.01818144444444414 -3.636288888888828
1.6571578979492188 10.018181444444444 10 -0.01818144444444414 -3.636288888888828
1.6629908084869385 10.018181444444444 10 -0.01818144444444414 -3.636288888888828
1.6702399253845215 10.018181444444444 10 -0.01818144444444414 -3.636288888888828
1.6775853633880615 10.018181444444444 10 -0.01818144444444414 -3.636288888888828
1.683283805847168 10.018181444444444 10 -0.01818144444444414 -3.636288888888828
1.6897966861724854 10.018181444444444 10 -0.01818144444444414 -3.636288888888828
1.69649338722229 10.018181444444444 10 -0.01818144444444414 -3.636288888888828
1.7023265361785889 10.018181444444444 10 -0.01818144444444414 -3.636288888888828
1.7090184688568115 10.018181444444444 10 -0.01818144444444414 -3.636288888888828
1.7154178619384766 10.018181444444444 10 -0.01818144444444414 -3.636288888888828
1.7222819328308105 10.018181444444444 10 -0.01818144444444414 -3.636288888888828
1.7290689945220947 10.018181444444444 10 -0.01818144444444414 -3.636288888888828
1.7354798316955566 10.018181444444444 10 -0.01818144444444414 -3.636288888888828
1.7416279315948486 10.018181444444444 10 -0.01818144444444414 -3.636288888888828
1.7481417655944824 10.018181444444444 10 -0.01818144444444414 -3.636288888888828
1.7542526721954346 10.018181444444444 10 -0.01818144444444414 -3.636288888888828
1.760408639907837 10.018181444444444 10 -0.01818144444444414 -3.636288888888828
1.767411231994629 10.018181444444444 10 -0.01818144444444414 -3.636288888888828
1.7738759517669678 10.018181444444444 10 -0.01818144444444414 -3.636288888888828
1.780393123626709 10.018181444444444 10 -0.01818144444444414 -3.636288888888828
1.7871954441070557 10.018181444444444 10 -0.01818144444444414 -3.636288888888828
1.7930095195770264 10.018181444444444 10 -0.01818144444444414 -3.636288888888828
1.7996408939361572 10.018181444444444 10 -0.01818144444444414 -3.636288888888828
1.8063383102416992 10.018181444444444 10 -0.01818144444444414 -3.636288888888828
1.812194585800171 10.018181444444444 10 -0.01818144444444414 -3.636288888888828
1.8185818195343018 10.018181444444444 10 -0.01818144444444414 -3.636288888888828
1.8262355327606201 10.018181444444444 10 -0.01818144444444414 -3.636288888888828
1.8321788311004639 10.018181444444444 10 -0.01818144444444414 -3.636288888888828
1.8385729789733887 10.018181444444444 10 -0.01818144444444414 -3.636288888888828
1.8452095985412598 10.018181444444444 10 -0.01818144444444414 -3.636288888888828
1.8510010242462158 10.018181444444444 10 -0.01818144444444414 -3.636288888888828
1.8579397201538086 10.018181444444444 10 -0.01818144444444414 -3.636288888888828
1.863677978515625 10.018181444444444 10 -0.01818144444444414 -3.636288888888828
1.8700931072235107 10.018181444444444 10 -0.01818144444444414 -3.636288888888828
1.8779687881469727 10.018181444444444 10 -0.01818144444444414 -3.636288888888828
1.883723497390747 10.018181444444444 10 -0.01818144444444414 -3.636288888888828
1.8902018070220947 10.018181444444444 10 -0.01818144444444414 -3.636288888888828
1.8971216678619385 10.018181444444444 10 -0.01818144444444414 -3.636288888888828
1.9029731750488281 10.018181444444444 10 -0.01818144444444414 -3.636288888888828
1.909379243850708 10.018181444444444 10 -0.01818144444444414 -3.636288888888828
1.9161999225616455 10.018181444444444 10 -0.01818144444444414 -3.636288888888828
1.9221181869506836 10.018181444444444 10 -0.01818144444444414 -3.636288888888828
1.9295923709869385 10.018181444444444 10 -0.01818144444444414 -3.636288888888828
1.936307668685913 10.018181444444444 10 -0.01818144444444414 -3.636288888888828
1.9422152042388916 10.018181444444444 10 -0.01818144444444414 -3.636288888888828
1.9485836029052734 10.018181444444444 10 -0.01818144444444414 -3.636288888888828
1.9551877975463867 10.018181444444444 10 -0.01818144444444414 -3.636288888888828
1.9610028266906738 10.018181444444444 10 -0.01818144444444414 -3.636288888888828
1.9676997661590576 10.018181444444444 10 -0.01818144444444414 -3.636288888888828
1.975102186203003 10.018181444444444 10 -0.01818144444444414 -3.636288888888828
1.9810843467712402 10.018181444444444 10 -0.01818144444444414 -3.636288888888828
1.9879670143127441 10.018181444444444 10 -0.01818144444444414 -3.636288888888828
1.9937236309051514 10.018181444444444 10 -0.01818144444444414 -3.636288888888828
2.000227212905884 10.018181444444444 10 -0.01818144444444414 -3.636288888888828
2.0071566104888916 10.018181444444444 10 -0.01818144444444414 -3.636288888888828
2.0129544734954834 10.018181444444444 10 -0.01818144444444414 -3.636288888888828
2.019296169281006 10.018181444444444 10 -0.01818144444444414 -3.636288888888828
2.026639461517334 10.018181444444444 10 -0.01818144444444414 -3.636288888888828
2.032531261444092 10.018181444444444 10 -0.01818144444444414 -3.636288888888828
2.0392727851867676 10.018181444444444 10 -0.01818144444444414 -3.636288888888828
2.051466941833496 10.018181444444444 10 -0.01818144444444414 -3.636288888888828
2.0582127571105957 10.018181444444444 10 -0.01818144444444414 -3.636288888888828
2.064338207244873 10.018181444444444 10 -0.01818144444444414 -3.636288888888828
2.0706756114959717 10.018181444444444 10 -0.01818144444444414 -3.636288888888828
2.07849383354187 10.018181444444444 10 -0.01818144444444414 -3.636288888888828
2.085174798965454 10.018181444444444 10 -0.01818144444444414 -3.636288888888828
2.090959310531616 10.018181444444444 10 -0.01818144444444414 -3.636288888888828
2.097923755645752 10.018181444444444 10 -0.01818144444444414 -3.636288888888828
2.1036341190338135 10.018181444444444 10 -0.01818144444444414 -3.636288888888828
2.1100504398345947 10.018181444444444 10 -0.01818144444444414 -3.636288888888828
2.1171391010284424 10.018181444444444 10 -0.01818144444444414 -3.636288888888828
2.122915267944336 10.018181444444444 10 -0.01818144444444414 -3.636288888888828
2.1300137042999268 10.018181444444444 10 -0.01818144444444414 -3.636288888888828
2.1369428634643555 10.018181444444444 10 -0.01818144444444414 -3.636288888888828
2.1426169872283936 10.018181444444444 10 -0.01818144444444414 -3.636288888888828
2.1491801738739014 10.018181444444444 10 -0.01818144444444414 -3.636288888888828
2.155583620071411 10.018181444444444 10 -0.01818144444444414 -3.636288888888828
2.161721706390381 10.018181444444444 10 -0.01818144444444414 -3.636288888888828
2.1681973934173584 10.018181444444444 10 -0.01818144444444414 -3.636288888888828
2.1743383407592773 10.018181444444444 10 -0.01818144444444414 -3.636288888888828
2.1815550327301025 10.018181444444444 10 -0.01818144444444414 -3.636288888888828
2.1881000995635986 10.018181444444444 10 -0.01818144444444414 -3.636288888888828
2.1938204765319824 10.018181444444444 10 -0.01818144444444414 -3.636288888888828
2.2001936435699463 10.018181444444444 10 -0.01818144444444414 -3.636288888888828
2.2071008682250977 10.018181444444444 10 -0.01818144444444414 -3.636288888888828
2.2126646041870117 10.018181444444444 10 -0.01818144444444414 -3.636288888888828
2.2193968296051025 10.018181444444444 10 -0.01818144444444414 -3.636288888888828
2.2260115146636963 10.018181444444444 10 -0.01818144444444414 -3.636288888888828
2.232663869857788 10.018181444444444 10 -0.01818144444444414 -3.636288888888828
2.2392308712005615 10.018181444444444 10 -0.01818144444444414 -3.636288888888828
2.2460265159606934 10.018181444444444 10 -0.01818144444444414 -3.636288888888828
2.251879930496216 10.018181444444444 10 -0.01818144444444414 -3.636288888888828
2.258392810821533 10.018181444444444 10 -0.01818144444444414 -3.636288888888828
2.267540216445923 10.018181444444444 10 -0.01818144444444414 -3.636288888888828
2.2732396125793457 10.018181444444444 10 -0.01818144444444414 -3.636288888888828
2.2809455394744873 10.018181444444444 10 -0.01818144444444414 -3.636288888888828
2.287733793258667 10.018181444444444 10 -0.01818144444444414 -3.636288888888828
2.293419361114502 10.018181444444444 10 -0.01818144444444414 -3.636288888888828
2.299893856048584 10.018181444444444 10 -0.01818144444444414 -3.636288888888828
2.3065669536590576 10.018181444444444 10 -0.01818144444444414 -3.636288888888828
2.312438488006592 10.018181444444444 10 -0.01818144444444414 -3.636288888888828
2.3190762996673584 10.018181444444444 10 -0.01818144444444414 -3.636288888888828
2.325515031814575 10.018181444444444 10 -0.01818144444444414 -3.636288888888828
2.3321707248687744 10.018181444444444 10 -0.01818144444444414 -3.636288888888828
2.3390085697174072 10.018181444444444 10 -0.01818144444444414 -3.636288888888828
2.3464903831481934 10.018181444444444 10 -0.01818144444444414 -3.636288888888828
2.3523659706115723 10.018181444444444 10 -0.01818144444444414 -3.636288888888828
2.358980655670166 10.018181444444444 10 -0.01818144444444414 -3.636288888888828
2.3653552532196045 10.018181444444444 10 -0.01818144444444414 -3.636288888888828
2.371157646179199 10.018181444444444 10 -0.01818144444444414 -3.636288888888828
2.3780887126922607 10.018181444444444 10 -0.01818144444444414 -3.636288888888828
2.385570526123047 10.018181444444444 10 -0.01818144444444414 -3.636288888888828
2.3915364742279053 10.018181444444444 10 -0.01818144444444414 -3.636288888888828
2.398261785507202 10.018181444444444 10 -0.01818144444444414 -3.636288888888828
2.4043831825256348 10.018181444444444 10 -0.01818144444444414 -3.636288888888828
2.410566568374634 10.018181444444444 10 -0.01818144444444414 -3.636288888888828
2.417342185974121 10.018181444444444 10 -0.01818144444444414 -3.636288888888828
2.423062801361084 10.018181444444444 10 -0.01818144444444414 -3.636288888888828
2.4295217990875244 10.018181444444444 10 -0.01818144444444414 -3.636288888888828
2.437300443649292 10.018181444444444 10 -0.01818144444444414 -3.636288888888828
2.4430341720581055 10.018181444444444 10 -0.01818144444444414 -3.636288888888828
2.460085153579712 10.018181444444444 10 -0.01818144444444414 -3.636288888888828
2.4671618938446045 10.018181444444444 10 -0.01818144444444414 -3.636288888888828
2.4729957580566406 10.018181444444444 10 -0.01818144444444414 -3.636288888888828
2.4795851707458496 10.018181444444444 10 -0.01818144444444414 -3.636288888888828
2.4958958625793457 10.018181444444444 10 -0.01818144444444414 -3.636288888888828
2.5098190307617188 10.018181444444444 10 -0.01818144444444414 -3.636288888888828
2.522113800048828 10.018181444444444 10 -0.01818144444444414 -3.636288888888828
2.53623366355896 10.018181444444444 10 -0.01818144444444414 -3.636288888888828
2.5432541370391846 10.018181444444444 10 -0.01818144444444414 -3.636288888888828
2.549696922302246 10.018181444444444 10 -0.01818144444444414 -3.636288888888828
2.556358814239502 10.018181444444444 10 -0.01818144444444414 -3.636288888888828
2.5622899532318115 10.018181444444444 10 -0.01818144444444414 -3.636288888888828
2.570227861404419 10.018181444444444 10 -0.01818144444444414 -3.636288888888828
2.5821707248687744 10.018181444444444 10 -0.01818144444444414 -3.636288888888828
2.597498893737793 10.018181444444444 10 -0.01818144444444414 -3.636288888888828
2.6074483394622803 10.018181444444444 10 -0.01818144444444414 -3.636288888888828
2.613466262817383 10.018181444444444 10 -0.01818144444444414 -3.636288888888828
2.6199264526367188 10.018181444444444 10 -0.01818144444444414 -3.636288888888828
2.6266181468963623 10.018181444444444 10 -0.01818144444444414 -3.636288888888828
2.632498264312744 10.018181444444444 10 -0.01818144444444414 -3.636288888888828
2.640068769454956 10.018181444444444 10 -0.01818144444444414 -3.636288888888828
2.6470024585723877 10.018181444444444 10 -0.01818144444444414 -3.636288888888828
2.6526272296905518 10.018181444444444 10 -0.01818144444444414 -3.636288888888828
2.659160614013672 10.018181444444444 10 -0.01818144444444414 -3.636288888888828
2.6655824184417725 10.018181444444444 10 -0.01818144444444414 -3.636288888888828
2.671534776687622 10.018181444444444 10 -0.01818144444444414 -3.636288888888828
2.6781065464019775 10.018181444444444 10 -0.01818144444444414 -3.636288888888828
2.6838419437408447 10.018181444444444 10 -0.01818144444444414 -3.636288888888828
2.6915712356567383 10.018181444444444 10 -0.01818144444444414 -3.636288888888828
2.6982460021972656 10.018181444444444 10 -0.01818144444444414 -3.636288888888828
2.7043535709381104 10.018181444444444 10 -0.01818144444444414 -3.636288888888828
2.7105824947357178 10.018181444444444 10 -0.01818144444444414 -3.636288888888828
2.7174265384674072 10.018181444444444 10 -0.01818144444444414 -3.636288888888828
2.723078966140747 10.018181444444444 10 -0.01818144444444414 -3.636288888888828
2.7295141220092773 10.018181444444444 10 -0.01818144444444414 -3.636288888888828
2.736233711242676 10.018181444444444 10 -0.01818144444444414 -3.636288888888828
2.7431647777557373 10.018181444444444 10 -0.01818144444444414 -3.636288888888828
2.749587059020996 10.018181444444444 10 -0.01818144444444414 -3.636288888888828
2.756429433822632 10.018181444444444 10 -0.01818144444444414 -3.636288888888828
2.762319564819336 10.018181444444444 10 -0.01818144444444414 -3.636288888888828
2.76908016204834 10.018181444444444 10 -0.01818144444444414 -3.636288888888828
2.775418996810913 10.018181444444444 10 -0.01818144444444414 -3.636288888888828
2.781169891357422 10.018181444444444 10 -0.01818144444444414 -3.636288888888828
2.787879467010498 10.018181444444444 10 -0.01818144444444414 -3.636288888888828
2.795304775238037 10.018181444444444 10 -0.01818144444444414 -3.636288888888828
2.8011341094970703 10.018181444444444 10 -0.01818144444444414 -3.636288888888828
2.8091037273406982 10.018181444444444 10 -0.01818144444444414 -3.636288888888828
2.8189210891723633 10.018181444444444 10 -0.01818144444444414 -3.636288888888828
2.825331687927246 10.018181444444444 10 -0.01818144444444414 -3.636288888888828
2.8311245441436768 10.018181444444444 10 -0.01818144444444414 -3.636288888888828
2.8378217220306396 10.018181444444444 10 -0.01818144444444414 -3.636288888888828
2.8494155406951904 10.018181444444444 10 -0.01818144444444414 -3.636288888888828
2.8575632572174072 10.018181444444444 10 -0.01818144444444414 -3.636288888888828
2.863213062286377 10.018181444444444 10 -0.01818144444444414 -3.636288888888828
2.869830369949341 10.018181444444444 10 -0.01818144444444414 -3.636288888888828
2.877026319503784 10.018181444444444 10 -0.01818144444444414 -3.636288888888828
2.88263201713562 10.018181444444444 10 -0.01818144444444414 -3.636288888888828
2.8891587257385254 10.018181444444444 10 -0.01818144444444414 -3.636288888888828
2.8966684341430664 10.018181444444444 10 -0.01818144444444414 -3.636288888888828
2.9025487899780273 10.018181444444444 10 -0.01818144444444414 -3.636288888888828
2.909163236618042 10.018181444444444 10 -0.01818144444444414 -3.636288888888828
2.9155595302581787 10.018181444444444 10 -0.01818144444444414 -3.636288888888828
2.921314001083374 10.018181444444444 10 -0.01818144444444414 -3.636288888888828
2.9279751777648926 10.018181444444444 10 -0.01818144444444414 -3.636288888888828
2.9337472915649414 10.018181444444444 10 -0.01818144444444414 -3.636288888888828
2.9404304027557373 10.018181444444444 10 -0.01818144444444414 -3.636288888888828
2.948136568069458 10.018181444444444 10 -0.01818144444444414 -3.636288888888828
2.9538486003875732 10.018181444444444 10 -0.01818144444444414 -3.636288888888828
2.9602832794189453 10.018181444444444 10 -0.01818144444444414 -3.636288888888828
2.967177629470825 10.018181444444444 10 -0.01818144444444414 -3.636288888888828
2.9729835987091064 10.018181444444444 10 -0.01818144444444414 -3.636288888888828
2.9794139862060547 10.018181444444444 10 -0.01818144444444414 -3.636288888888828
2.9860777854919434 10.018181444444444 10 -0.01818144444444414 -3.636288888888828
2.9919395446777344 10.018181444444444 10 -0.01818144444444414 -3.636288888888828
3.001915454864502 10.018181444444444 10 -0.01818144444444414 -3.636288888888828
3.0083975791931152 10.018181444444444 10 -0.01818144444444414 -3.636288888888828
3.0150580406188965 10.018181444444444 10 -0.01818144444444414 -3.636288888888828
3.0206642150878906 10.018181444444444 10 -0.01818144444444414 -3.636288888888828
3.0277183055877686 10.018181444444444 10 -0.01818144444444414 -3.636288888888828
3.0334420204162598 10.018181444444444 10 -0.01818144444444414 -3.636288888888828
3.0398800373077393 10.018181444444444 10 -0.01818144444444414 -3.636288888888828
3.0476720333099365 10.018181444444444 10 -0.01818144444444414 -3.636288888888828
3.053375482559204 10.018181444444444 10 -0.01818144444444414 -3.636288888888828
3.0600273609161377 10.018181444444444 10 -0.01818144444444414 -3.636288888888828
3.0669145584106445 10.018181444444444 10 -0.01818144444444414 -3.636288888888828
3.0725505352020264 10.018181444444444 10 -0.01818144444444414 -3.636288888888828
3.079157590866089 10.018181444444444 10 -0.01818144444444414 -3.636288888888828
3.0855751037597656 10.018181444444444 10 -0.01818144444444414 -3.636288888888828
3.0915067195892334 10.018181444444444 10 -0.01818144444444414 -3.636288888888828
3.098991870880127 10.018181444444444 10 -0.01818144444444414 -3.636288888888828
3.105438709259033 10.018181444444444 10 -0.01818144444444414 -3.636288888888828
3.111252546310425 10.018181444444444 10 -0.01818144444444414 -3.636288888888828
3.118084669113159 10.018181444444444 10 -0.01818144444444414 -3.636288888888828
3.123833656311035 10.018181444444444 10 -0.01818144444444414 -3.636288888888828
3.130229949951172 10.018181444444444 10 -0.01818144444444414 -3.636288888888828
3.1371212005615234 10.018181444444444 10 -0.01818144444444414 -3.636288888888828
3.1429097652435303 10.018181444444444 10 -0.01818144444444414 -3.636288888888828
3.1500847339630127 10.018181444444444 10 -0.01818144444444414 -3.636288888888828
3.157155990600586 10.018181444444444 10 -0.01818144444444414 -3.636288888888828
3.1629838943481445 10.018181444444444 10 -0.01818144444444414 -3.636288888888828
3.1694495677948 10.018181444444444 10 -0.01818144444444414 -3.636288888888828
3.176215648651123 10.018181444444444 10 -0.01818144444444414 -3.636288888888828
3.182112455368042 10.018181444444444 10 -0.01818144444444414 -3.636288888888828
3.1885712146759033 10.018181444444444 10 -0.01818144444444414 -3.636288888888828
3.1951744556427 10.018181444444444 10 -0.01818144444444414 -3.636288888888828
3.2019386291503906 10.018181444444444 10 -0.01818144444444414 -3.636288888888828
3.208425998687744 10.018181444444444 10 -0.01818144444444414 -3.636288888888828
3.215064764022827 10.018181444444444 10 -0.01818144444444414 -3.636288888888828
3.2208871841430664 10.018181444444444 10 -0.01818144444444414 -3.636288888888828
3.227604866027832 10.018181444444444 10 -0.01818144444444414 -3.636288888888828
3.233307123184204 10.018181444444444 10 -0.01818144444444414 -3.636288888888828
3.239896774291992 10.018181444444444 10 -0.01818144444444414 -3.636288888888828
3.25171160697937 10.018181444444444 10 -0.01818144444444414 -3.636288888888828
3.2598328590393066 10.018181444444444 10 -0.01818144444444414 -3.636288888888828
3.2666800022125244 10.018181444444444 10 -0.01818144444444414 -3.636288888888828
3.2725987434387207 10.018181444444444 10 -0.01818144444444414 -3.636288888888828
3.279317617416382 10.018181444444444 10 -0.01818144444444414 -3.636288888888828
3.2860705852508545 10.018181444444444 10 -0.01818144444444414 -3.636288888888828
3.2919440269470215 10.018181444444444 10 -0.01818144444444414 -3.636288888888828
3.2995846271514893 10.018181444444444 10 -0.01818144444444414 -3.636288888888828
3.306311845779419 10.018181444444444 10 -0.01818144444444414 -3.636288888888828
3.312232732772827 10.018181444444444 10 -0.01818144444444414 -3.636288888888828
3.3186252117156982 10.018181444444444 10 -0.01818144444444414 -3.636288888888828
3.325223684310913 10.018181444444444 10 -0.01818144444444414 -3.636288888888828
3.3310694694519043 10.018181444444444 10 -0.01818144444444414 -3.636288888888828
3.3377652168273926 10.018181444444444 10 -0.01818144444444414 -3.636288888888828
3.345069646835327 10.018181444444444 10 -0.01818144444444414 -3.636288888888828
3.3518218994140625 10.018181444444444 10 -0.01818144444444414 -3.636288888888828
3.358499765396118 10.018181444444444 10 -0.01818144444444414 -3.636288888888828
3.3651230335235596 10.018181444444444 10 -0.01818144444444414 -3.636288888888828
3.3709142208099365 10.018181444444444 10 -0.01818144444444414 -3.636288888888828
3.37762451171875 10.018181444444444 10 -0.01818144444444414 -3.636288888888828
3.3832828998565674 10.018181444444444 10 -0.01818144444444414 -3.636288888888828
3.3898258209228516 10.018181444444444 10 -0.01818144444444414 -3.636288888888828
3.3965187072753906 10.018181444444444 10 -0.01818144444444414 -3.636288888888828
3.4033985137939453 10.018181444444444 10 -0.01818144444444414 -3.636288888888828
3.409856081008911 10.018181444444444 10 -0.01818144444444414 -3.636288888888828
3.416985511779785 10.018181444444444 10 -0.01818144444444414 -3.636288888888828
3.4225924015045166 10.018181444444444 10 -0.01818144444444414 -3.636288888888828
3.4291930198669434 10.018181444444444 10 -0.01818144444444414 -3.636288888888828
3.435577392578125 10.018181444444444 10 -0.01818144444444414 -3.636288888888828
3.441458225250244 10.018181444444444 10 -0.01818144444444414 -3.636288888888828
3.448059320449829 10.018181444444444 10 -0.01818144444444414 -3.636288888888828
3.4554615020751953 10.018181444444444 10 -0.01818144444444414 -3.636288888888828
3.4612619876861572 10.018181444444444 10 -0.01818144444444414 -3.636288888888828
3.467944383621216 10.018181444444444 10 -0.01818144444444414 -3.636288888888828
3.4737024307250977 10.018181444444444 10 -0.01818144444444414 -3.636288888888828
3.4804022312164307 10.018181444444444 10 -0.01818144444444414 -3.636288888888828
3.4871976375579834 10.018181444444444 10 -0.01818144444444414 -3.636288888888828
3.4930055141448975 10.018181444444444 10 -0.01818144444444414 -3.636288888888828
3.4994404315948486 10.018181444444444 10 -0.01818144444444414 -3.636288888888828
3.5070366859436035 10.018181444444444 10 -0.01818144444444414 -3.636288888888828
3.512624502182007 10.018181444444444 10 -0.01818144444444414 -3.636288888888828
3.5191433429718018 10.018181444444444 10 -0.01818144444444414 -3.636288888888828
3.5255508422851562 10.018181444444444 10 -0.01818144444444414 -3.636288888888828
3.531327247619629 10.018181444444444 10 -0.01818144444444414 -3.636288888888828
3.5381364822387695 10.018181444444444 10 -0.01818144444444414 -3.636288888888828
3.5438554286956787 10.018181444444444 10 -0.01818144444444414 -3.636288888888828
3.5505876541137695 10.018181444444444 10 -0.01818144444444414 -3.636288888888828
3.5582075119018555 10.018181444444444 10 -0.01818144444444414 -3.636288888888828
3.56429123878479 10.018181444444444 10 -0.01818144444444414 -3.636288888888828
3.570436954498291 10.018181444444444 10 -0.01818144444444414 -3.636288888888828
3.577406406402588 10.018181444444444 10 -0.01818144444444414 -3.636288888888828
3.58312726020813 10.018181444444444 10 -0.01818144444444414 -3.636288888888828
3.589550018310547 10.018181444444444 10 -0.01818144444444414 -3.636288888888828
3.5963945388793945 10.018181444444444 10 -0.01818144444444414 -3.636288888888828
3.6022846698760986 10.018181444444444 10 -0.01818144444444414 -3.636288888888828
3.609708070755005 10.018181444444444 10 -0.01818144444444414 -3.636288888888828
3.6164119243621826 10.018181444444444 10 -0.01818144444444414 -3.636288888888828
3.6222898960113525 10.018181444444444 10 -0.01818144444444414 -3.636288888888828
3.6286802291870117 10.018181444444444 10 -0.01818144444444414 -3.636288888888828
3.635345697402954 10.018181444444444 10 -0.01818144444444414 -3.636288888888828
3.6411373615264893 10.018181444444444 10 -0.01818144444444414 -3.636288888888828
3.652233362197876 10.018181444444444 10 -0.01818144444444414 -3.636288888888828
3.6609742641448975 10.018181444444444 10 -0.01818144444444414 -3.636288888888828
3.667875051498413 10.018181444444444 10 -0.01818144444444414 -3.636288888888828
3.677164316177368 10.018181444444444 10 -0.01818144444444414 -3.636288888888828
3.6829912662506104 10.018181444444444 10 -0.01818144444444414 -3.636288888888828
3.6894333362579346 10.018181444444444 10 -0.01818144444444414 -3.636288888888828
3.6960713863372803 10.018181444444444 10 -0.01818144444444414 -3.636288888888828
3.7019290924072266 10.018181444444444 10 -0.01818144444444414 -3.636288888888828
3.709287166595459 10.018181444444444 10 -0.01818144444444414 -3.636288888888828
3.7160396575927734 10.018181444444444 10 -0.01818144444444414 -3.636288888888828
3.7218985557556152 10.018181444444444 10 -0.01818144444444414 -3.636288888888828
3.728421688079834 10.018181444444444 10 -0.01818144444444414 -3.636288888888828
3.7351129055023193 10.018181444444444 10 -0.01818144444444414 -3.636288888888828
3.740919351577759 10.018181444444444 10 -0.01818144444444414 -3.636288888888828
3.747631311416626 10.018181444444444 10 -0.01818144444444414 -3.636288888888828
3.753307819366455 10.018181444444444 10 -0.01818144444444414 -3.636288888888828
3.760674238204956 10.018181444444444 10 -0.01818144444444414 -3.636288888888828
3.767568349838257 10.018181444444444 10 -0.01818144444444414 -3.636288888888828
3.77323842048645 10.018181444444444 10 -0.01818144444444414 -3.636288888888828
3.779839277267456 10.018181444444444 10 -0.01818144444444414 -3.636288888888828
3.786583423614502 10.018181444444444 10 -0.01818144444444414 -3.636288888888828
3.792426109313965 10.018181444444444 10 -0.01818144444444414 -3.636288888888828
3.7990341186523438 10.018181444444444 10 -0.01818144444444414 -3.636288888888828
3.805392265319824 10.018181444444444 10 -0.01818144444444414 -3.636288888888828
3.81241774559021 10.018181444444444 10 -0.01818144444444414 -3.636288888888828
3.8190603256225586 10.018181444444444 10 -0.01818144444444414 -3.636288888888828
3.825434684753418 10.018181444444444 10 -0.01818144444444414 -3.636288888888828
3.831177234649658 10.018181444444444 10 -0.01818144444444414 -3.636288888888828
3.838083267211914 10.018181444444444 10 -0.01818144444444414 -3.636288888888828
3.843893051147461 10.018181444444444 10 -0.01818144444444414 -3.636288888888828
3.850522994995117 10.018181444444444 10 -0.01818144444444414 -3.636288888888828
3.858125686645508 10.018181444444444 10 -0.01818144444444414 -3.636288888888828
3.8642914295196533 10.018181444444444 10 -0.01818144444444414 -3.636288888888828
3.870410919189453 10.018181444444444 10 -0.01818144444444414 -3.636288888888828
3.877291679382324 10.018181444444444 10 -0.01818144444444414 -3.636288888888828
3.8830208778381348 10.018181444444444 10 -0.01818144444444414 -3.636288888888828
3.8894472122192383 10.018181444444444 10 -0.01818144444444414 -3.636288888888828
3.896204710006714 10.018181444444444 10 -0.01818144444444414 -3.636288888888828
3.9021286964416504 10.018181444444444 10 -0.01818144444444414 -3.636288888888828
3.909640312194824 10.018181444444444 10 -0.01818144444444414 -3.636288888888828
3.9163172245025635 10.018181444444444 10 -0.01818144444444414 -3.636288888888828
3.922189474105835 10.018181444444444 10 -0.01818144444444414 -3.636288888888828
3.928600549697876 10.018181444444444 10 -0.01818144444444414 -3.636288888888828
3.9352195262908936 10.018181444444444 10 -0.01818144444444414 -3.636288888888828
3.9411792755126953 10.018181444444444 10 -0.01818144444444414 -3.636288888888828
3.9479005336761475 10.018181444444444 10 -0.01818144444444414 -3.636288888888828
3.9536375999450684 10.018181444444444 10 -0.01818144444444414 -3.636288888888828
3.9615116119384766 10.018181444444444 10 -0.01818144444444414 -3.636288888888828
3.9680557250976562 10.018181444444444 10 -0.01818144444444414 -3.636288888888828
3.973799467086792 10.018181444444444 10 -0.01818144444444414 -3.636288888888828
3.980196237564087 10.018181444444444 10 -0.01818144444444414 -3.636288888888828
3.987102746963501 10.018181444444444 10 -0.01818144444444414 -3.636288888888828
3.9929442405700684 10.018181444444444 10 -0.01818144444444414 -3.636288888888828
3.999302625656128 10.018181444444444 10 -0.01818144444444414 -3.636288888888828
4.005935907363892 10.018181444444444 10 -0.01818144444444414 -3.636288888888828
4.012614727020264 10.018181444444444 10 -0.01818144444444414 -3.636288888888828
4.019455194473267 10.018181444444444 10 -0.01818144444444414 -3.636288888888828
4.026066780090332 10.018181444444444 10 -0.01818144444444414 -3.636288888888828
4.031892776489258 10.018181444444444 10 -0.01818144444444414 -3.636288888888828
4.038353443145752 10.018181444444444 10 -0.01818144444444414 -3.636288888888828
4.045068264007568 10.018181444444444 10 -0.01818144444444414 -3.636288888888828
4.0577967166900635 10.018181444444444 10 -0.01818144444444414 -3.636288888888828
4.065229654312134 10.018181444444444 10 -0.01818144444444414 -3.636288888888828
4.071506977081299 10.018181444444444 10 -0.01818144444444414 -3.636288888888828
4.078384160995483 10.018181444444444 10 -0.01818144444444414 -3.636288888888828
4.0850396156311035 10.018181444444444 10 -0.01818144444444414 -3.636288888888828
4.09100604057312 10.018181444444444 10 -0.01818144444444414 -3.636288888888828
4.097718238830566 10.018181444444444 10 -0.01818144444444414 -3.636288888888828
4.103442430496216 10.018181444444444 10 -0.01818144444444414 -3.636288888888828
4.109874248504639 10.018181444444444 10 -0.01818144444444414 -3.636288888888828
4.11774754524231 10.018181444444444 10 -0.01818144444444414 -3.636288888888828
4.123421907424927 10.018181444444444 10 -0.01818144444444414 -3.636288888888828
4.12987494468689 10.018181444444444 10 -0.01818144444444414 -3.636288888888828
4.136937141418457 10.018181444444444 10 -0.01818144444444414 -3.636288888888828
4.142575025558472 10.018181444444444 10 -0.01818144444444414 -3.636288888888828
4.14913272857666 10.018181444444444 10 -0.01818144444444414 -3.636288888888828
4.155557155609131 10.018181444444444 10 -0.01818144444444414 -3.636288888888828
4.162357568740845 10.018181444444444 10 -0.01818144444444414 -3.636288888888828
4.168999671936035 10.018181444444444 10 -0.01818144444444414 -3.636288888888828
4.175380706787109 10.018181444444444 10 -0.01818144444444414 -3.636288888888828
4.181172132492065 10.018181444444444 10 -0.01818144444444414 -3.636288888888828
4.187918663024902 10.018181444444444 10 -0.01818144444444414 -3.636288888888828
4.193641424179077 10.018181444444444 10 -0.01818144444444414 -3.636288888888828
4.20019006729126 10.018181444444444 10 -0.01818144444444414 -3.636288888888828
4.207092523574829 10.018181444444444 10 -0.01818144444444414 -3.636288888888828
4.213606119155884 10.018181444444444 10 -0.01818144444444414 -3.636288888888828
4.220069169998169 10.018181444444444 10 -0.01818144444444414 -3.636288888888828
4.2269978523254395 10.018181444444444 10 -0.01818144444444414 -3.636288888888828
4.232620477676392 10.018181444444444 10 -0.01818144444444414 -3.636288888888828
4.2391626834869385 10.018181444444444 10 -0.01818144444444414 -3.636288888888828
4.245594024658203 10.018181444444444 10 -0.01818144444444414 -3.636288888888828
4.251520395278931 10.018181444444444 10 -0.01818144444444414 -3.636288888888828
4.258256912231445 10.018181444444444 10 -0.01818144444444414 -3.636288888888828
4.265604496002197 10.018181444444444 10 -0.01818144444444414 -3.636288888888828
4.271513938903809 10.018181444444444 10 -0.01818144444444414 -3.636288888888828
4.278087854385376 10.018181444444444 10 -0.01818144444444414 -3.636288888888828
4.2838122844696045 10.018181444444444 10 -0.01818144444444414 -3.636288888888828
4.290218353271484 10.018181444444444 10 -0.01818144444444414 -3.636288888888828
4.297106504440308 10.018181444444444 10 -0.01818144444444414 -3.636288888888828
4.302937746047974 10.018181444444444 10 -0.01818144444444414 -3.636288888888828
4.309281587600708 10.018181444444444 10 -0.01818144444444414 -3.636288888888828
4.317021608352661 10.018181444444444 10 -0.01818144444444414 -3.636288888888828
4.322620630264282 10.018181444444444 10 -0.01818144444444414 -3.636288888888828
4.329347372055054 10.018181444444444 10 -0.01818144444444414 -3.636288888888828
4.335996627807617 10.018181444444444 10 -0.01818144444444414 -3.636288888888828
4.342646837234497 10.018181444444444 10 -0.01818144444444414 -3.636288888888828
4.351517677307129 10.018181444444444 10 -0.01818144444444414 -3.636288888888828
4.358083248138428 10.018181444444444 10 -0.01818144444444414 -3.636288888888828
4.363845586776733 10.018181444444444 10 -0.01818144444444414 -3.636288888888828
4.371212720870972 10.018181444444444 10 -0.01818144444444414 -3.636288888888828
4.378079175949097 10.018181444444444 10 -0.01818144444444414 -3.636288888888828
4.38384747505188 10.018181444444444 10 -0.01818144444444414 -3.636288888888828
4.3902857303619385 10.018181444444444 10 -0.01818144444444414 -3.636288888888828
4.397189617156982 10.018181444444444 10 -0.01818144444444414 -3.636288888888828
4.40299916267395 10.018181444444444 10 -0.01818144444444414 -3.636288888888828
4.409454822540283 10.018181444444444 10 -0.01818144444444414 -3.636288888888828
4.417089939117432 10.018181444444444 10 -0.01818144444444414 -3.636288888888828
4.422903299331665 10.018181444444444 10 -0.01818144444444414 -3.636288888888828
4.42927098274231 10.018181444444444 10 -0.01818144444444414 -3.636288888888828
4.436031818389893 10.018181444444444 10 -0.01818144444444414 -3.636288888888828
4.441869020462036 10.018181444444444 10 -0.01818144444444414 -3.636288888888828
4.4483983516693115 10.018181444444444 10 -0.01818144444444414 -3.636288888888828
4.461354494094849 10.018181444444444 10 -0.01818144444444414 -3.636288888888828
4.469144344329834 10.018181444444444 10 -0.01818144444444414 -3.636288888888828
4.475591421127319 10.018181444444444 10 -0.01818144444444414 -3.636288888888828
4.481775283813477 10.018181444444444 10 -0.01818144444444414 -3.636288888888828
4.488431453704834 10.018181444444444 10 -0.01818144444444414 -3.636288888888828
4.495114326477051 10.018181444444444 10 -0.01818144444444414 -3.636288888888828
4.501101970672607 10.018181444444444 10 -0.01818144444444414 -3.636288888888828
4.507807493209839 10.018181444444444 10 -0.01818144444444414 -3.636288888888828
4.513545274734497 10.018181444444444 10 -0.01818144444444414 -3.636288888888828
4.521077632904053 10.018181444444444 10 -0.01818144444444414 -3.636288888888828
4.527881145477295 10.018181444444444 10 -0.01818144444444414 -3.636288888888828
4.5336079597473145 10.018181444444444 10 -0.01818144444444414 -3.636288888888828
4.540039539337158 10.018181444444444 10 -0.01818144444444414 -3.636288888888828
4.546960115432739 10.018181444444444 10 -0.01818144444444414 -3.636288888888828
4.552568435668945 10.018181444444444 10 -0.01818144444444414 -3.636288888888828
4.559311151504517 10.018181444444444 10 -0.01818144444444414 -3.636288888888828
4.565937042236328 10.018181444444444 10 -0.01818144444444414 -3.636288888888828
4.5726399421691895 10.018181444444444 10 -0.01818144444444414 -3.636288888888828
4.57918906211853 10.018181444444444 10 -0.01818144444444414 -3.636288888888828
4.585978269577026 10.018181444444444 10 -0.01818144444444414 -3.636288888888828
4.5918288230896 10.018181444444444 10 -0.01818144444444414 -3.636288888888828
4.598315000534058 10.018181444444444 10 -0.01818144444444414 -3.636288888888828
4.6049346923828125 10.018181444444444 10 -0.01818144444444414 -3.636288888888828
4.61056661605835 10.018181444444444 10 -0.01818144444444414 -3.636288888888828
4.6176488399505615 10.018181444444444 10 -0.01818144444444414 -3.636288888888828
4.6250879764556885 10.018181444444444 10 -0.01818144444444414 -3.636288888888828
4.6306610107421875 10.018181444444444 10 -0.01818144444444414 -3.636288888888828
4.637525796890259 10.018181444444444 10 -0.01818144444444414 -3.636288888888828
4.643212080001831 10.018181444444444 10 -0.01818144444444414 -3.636288888888828
4.6497039794921875 10.018181444444444 10 -0.01818144444444414 -3.636288888888828
4.656396389007568 10.018181444444444 10 -0.01818144444444414 -3.636288888888828
4.662301301956177 10.018181444444444 10 -0.01818144444444414 -3.636288888888828
4.668968915939331 10.018181444444444 10 -0.01818144444444414 -3.636288888888828
4.676664352416992 10.018181444444444 10 -0.01818144444444414 -3.636288888888828
4.682552099227905 10.018181444444444 10 -0.01818144444444414 -3.636288888888828
4.689111232757568 10.018181444444444 10 -0.01818144444444414 -3.636288888888828
4.6955225467681885 10.018181444444444 10 -0.01818144444444414 -3.636288888888828
4.7012879848480225 10.018181444444444 10 -0.01818144444444414 -3.636288888888828
4.70797061920166 10.018181444444444 10 -0.01818144444444414 -3.636288888888828
4.713691473007202 10.018181444444444 10 -0.01818144444444414 -3.636288888888828
4.72154426574707 10.018181444444444 10 -0.01818144444444414 -3.636288888888828
4.728121042251587 10.018181444444444 10 -0.01818144444444414 -3.636288888888828
4.733858346939087 10.018181444444444 10 -0.01818144444444414 -3.636288888888828
4.740612030029297 10.018181444444444 10 -0.01818144444444414 -3.636288888888828
4.747474193572998 10.018181444444444 10 -0.01818144444444414 -3.636288888888828
4.7531373500823975 10.018181444444444 10 -0.01818144444444414 -3.636288888888828
4.759602069854736 10.018181444444444 10 -0.01818144444444414 -3.636288888888828
4.766289710998535 10.018181444444444 10 -0.01818144444444414 -3.636288888888828
4.773125886917114 10.018181444444444 10 -0.01818144444444414 -3.636288888888828
4.779557228088379 10.018181444444444 10 -0.01818144444444414 -3.636288888888828
4.786208152770996 10.018181444444444 10 -0.01818144444444414 -3.636288888888828
4.7921142578125 10.018181444444444 10 -0.01818144444444414 -3.636288888888828
4.798926830291748 10.018181444444444 10 -0.01818144444444414 -3.636288888888828
4.805365800857544 10.018181444444444 10 -0.01818144444444414 -3.636288888888828
4.811170339584351 10.018181444444444 10 -0.01818144444444414 -3.636288888888828
4.817914962768555 10.018181444444444 10 -0.01818144444444414 -3.636288888888828
4.825312852859497 10.018181444444444 10 -0.01818144444444414 -3.636288888888828
4.8311543464660645 10.018181444444444 10 -0.01818144444444414 -3.636288888888828
4.8378212451934814 10.018181444444444 10 -0.01818144444444414 -3.636288888888828
4.843553304672241 10.018181444444444 10 -0.01818144444444414 -3.636288888888828
4.850127935409546 10.018181444444444 10 -0.01818144444444414 -3.636288888888828
4.862910747528076 10.018181444444444 10 -0.01818144444444414 -3.636288888888828
4.8694727420806885 10.018181444444444 10 -0.01818144444444414 -3.636288888888828
4.877336740493774 10.018181444444444 10 -0.01818144444444414 -3.636288888888828
4.883058309555054 10.018181444444444 10 -0.01818144444444414 -3.636288888888828
4.889604330062866 10.018181444444444 10 -0.01818144444444414 -3.636288888888828
4.896310329437256 10.018181444444444 10 -0.01818144444444414 -3.636288888888828
4.9022064208984375 10.018181444444444 10 -0.01818144444444414 -3.636288888888828
4.908602237701416 10.018181444444444 10 -0.01818144444444414 -3.636288888888828
4.915210962295532 10.018181444444444 10 -0.01818144444444414 -3.636288888888828
4.921174764633179 10.018181444444444 10 -0.01818144444444414 -3.636288888888828
4.928569555282593 10.018181444444444 10 -0.01818144444444414 -3.636288888888828
4.935206890106201 10.018181444444444 10 -0.01818144444444414 -3.636288888888828
4.941014766693115 10.018181444444444 10 -0.01818144444444414 -3.636288888888828
4.947718143463135 10.018181444444444 10 -0.01818144444444414 -3.636288888888828
4.953409671783447 10.018181444444444 10 -0.01818144444444414 -3.636288888888828
4.9598610401153564 10.018181444444444 10 -0.01818144444444414 -3.636288888888828
4.9665539264678955 10.018181444444444 10 -0.01818144444444414 -3.636288888888828
4.972416162490845 10.018181444444444 10 -0.01818144444444414 -3.636288888888828
4.980044364929199 10.018181444444444 10 -0.01818144444444414 -3.636288888888828
4.986955642700195 10.018181444444444 10 -0.01818144444444414 -3.636288888888828
4.992589950561523 10.018181444444444 10 -0.01818144444444414 -3.636288888888828
4.999151229858398 10.018181444444444 10 -0.01818144444444414 -3.636288888888828
5.005561113357544 10.018181444444444 10 -0.01818144444444414 -3.636288888888828
