0.0 0.03894183423086506
0.01 0.04214104013666481
0.02 0.045288628537906835
0.03 0.04838074403239602
0.04 0.051413599165311324
0.05 0.054383479068364264
0.06 0.05728674601004813
0.07 0.06011984385140411
0.08 0.06287930240184686
0.09 0.06556174166971404
0.1 0.06816387600233341
0.11 0.0706825181105366
0.12 0.07311458297268959
0.13 0.07545709161345864
0.14 0.0777071747526824
0.15 0.07986207631988143
0.16 0.08191915683009984
0.17 0.0838758966169443
0.18 0.08572989891886035
0.19 0.08747889281486548
0.2 0.08912073600614355
0.21 0.0906534174400927
0.22 0.09207505977361358
0.23 0.09338392167261966
0.24 0.0945783999449539
0.25 0.0956570315040986
0.26 0.09661849516127341
0.27 0.09746161324372642
0.28 0.09818535303723598
0.29 0.09878882805105653
0.3 0.09927129910375886
0.31 0.09963217522863495
0.32 0.0998710143975583
0.33 0.09998752406241311
0.34 0.09998156151342909
0.35 0.09985313405398316
0.36 0.09960239899165368
0.37 0.09922966344553834
0.38 0.09873538397007164
0.39 0.09812016599580294
0.4 0.09738476308781951
0.41 0.09653007602272377
0.42 0.0955571516852944
0.43 0.09446718178618352
0.44 0.09326150140222006
0.45 0.09194158734110772
0.46 0.0905090563325201
0.47 0.08896566304780905
0.48 0.08731329795075166
0.49 0.08555398498196859
0.5 0.08368987907984979
0.51 0.08172326354102456
0.52 0.07965654722360865
0.53 0.0774922615966543
0.54 0.07523305763941708
0.55 0.07288170259423801
0.56 0.07044107657701759
0.57 0.06791416904943406
0.58 0.06530407515722651
0.59 0.06261399193902853
0.6 0.059847214410395644
0.61 0.05700713152782333
0.62 0.05409722203769886
0.63 0.0511210502152723
0.64 0.048082261498864826
0.65 0.04498457802466274
0.66 0.0418317940675659
0.67 0.03862777139367569
0.68 0.03537643453011427
0.69 0.03208176595796971
0.7 0.028747801234254484
0.71 0.0253786240488529
0.72 0.021978361222511695
0.73 0.01855117765200059
0.74 0.015101271208634429
0.75 0.011632867596406006
0.76 0.008150215176026912
0.77 0.004657579761216959
0.78 0.0011592393936158275
0.79 -0.002340520897283145
0.8 -0.005837414342758009
0.81 -0.00932715768561397
0.82 -0.012805476426637924
0.83 -0.01626811006032541
0.84 -0.019710817293466985
0.85 -0.023129381240202182
0.86 -0.0265196145871773
0.87 -0.029877364722480804
0.88 -0.03319851882207341
0.89 -0.036479008887483406
0.9 -0.03971481672859598
0.91 -0.042901978885433845
0.92 -0.04603659148289983
0.93 -0.04911481501253587
0.94 -0.05213287903544065
0.95 -0.055087086800585966
0.96 -0.05797381977287428
0.97 -0.060789542065391736
0.98 -0.06353080477042754
0.99 -0.06619425018395468
1.0 -0.06877661591839739
1.01 -0.07127473889864795
1.02 -0.07368555923643834
1.03 -0.07600612397832049
1.04 -0.07823359072266528
1.05 -0.08036523110124884
1.06 -0.08239843412116259
1.07 -0.084330709362953
1.08 -0.0861596900310741
1.09 -0.08788313585291592
1.1 -0.0894989358228584
1.11 -0.09100511078798922
1.12 -0.0923998158723188
1.13 -0.09368134273652243
1.14 -0.09484812167044257
1.15 -0.09589872351578732
1.16 -0.09683186141667072
1.17 -0.09764639239585027
1.18 -0.09834131875473108
1.19 -0.098915789295422
1.2 -0.09936910036334645
1.21 -0.09970069670913144
1.22 -0.09991017216871849
1.23 -0.09999727016086386
1.24 -0.09996188400141855
1.25 -0.09980405703400291
1.26 -0.09952398257691626
1.27 -0.09912200368634606
1.28 -0.09859861273616702
1.29 -0.09795445081484465
1.3 -0.09719030694018209
1.31 -0.09630711709287187
1.32 -0.09530596307003675
1.33 -0.09418807116016342
1.34 -0.09295481064105249
1.35 -0.09160769210262433
1.36 -0.09014836559663546
1.37 -0.08857861861557134
1.38 -0.08690037390319161
1.39 -0.08511568709940959
1.4 -0.08322674422239013
1.41 -0.08123585899095102
1.42 -0.07914546999054661
1.43 -0.07695813768630555
1.44 -0.07467654128678124
1.45 -0.07230347546225638
1.46 -0.06984184692162136
1.47 -0.06729467085201914
1.48 -0.06466506722561835
1.49 -0.061956256978037375
1.5 -0.05917155806310094
1.51 -0.056314381388761686
1.52 -0.05338822663916435
1.53 -0.0503966779879704
1.54 -0.04734339970819343
1.55 -0.04423213168392302
1.56 -0.04106668482943409
1.57 -0.0378509364212939
1.58 -0.034588825349182804
1.59 -0.03128434729124701
1.6 -0.027941549819892504
1.61 -0.02456452744401497
1.62 -0.021157416593738505
1.63 -0.017724390553805616
1.64 -0.01426965435182586
1.65 -0.010797439607642173
1.66 -0.007311999350126309
1.67 -0.0038176028077499553
1.68 -0.0003185301793137991
1.69 0.0031809326087607805
1.7 0.006676499152155635
1.71 0.010163887818965048
1.72 0.013638826994159765
1.73 0.017097060311780723
1.74 0.020534351868455463
1.75 0.02394649141184997
1.76 0.027329299497701326
1.77 0.030678632609114288
1.78 0.033990388231851354
1.79 0.0372605098793997
1.8 0.040484992061659834
1.81 0.043659885191170394
1.82 0.04678130042085843
1.83 0.049845414407391125
1.84 0.052848473994293155
1.85 0.055786800809094095
1.86 0.058656795768874705
1.87 0.061454943488693375
1.88 0.06417781658749337
1.89 0.06682207988621561
1.9 0.06938449449297637
1.91 0.07186192177030454
1.92 0.07425132717958019
1.93 0.07654978399796486
1.94 0.0787544769032711
1.95 0.08086270542238011
1.96 0.08287188723898353
1.97 0.08477956135659825
1.98 0.086583391112979
1.99 0.08828116704223768
2.0 0.0898708095811627
2.01 0.09135037161642383
2.02 0.09271804086954273
2.03 0.09397214211670712
2.04 0.09511113924071092
2.05 0.09613363711250522
2.06 0.0970383833000575
2.07 0.09782426960242367
2.08 0.0984903334071561
2.09 0.0990357588693832
2.1 0.09945987791111763
2.11 0.09976217103956798
2.12 0.09994226798345279
2.13 0.0999999481465364
2.14 0.0999351408778317
2.15 0.09974792555813895
2.16 0.09943853150281404
2.17 0.09900733768088597
2.18 0.09845487225086708
2.19 0.0977818119138251
2.2 0.0969889810845086
2.21 0.09607735088154257
2.22 0.09504803793792889
2.23 0.0939023030333111
2.24 0.09264154954967663
2.25 0.09126732175238952
2.26 0.08978130289865853
2.27 0.08818531317575705
2.28 0.08648130747152227
2.29 0.08467137297986078
2.3 0.08275772664419839
2.31 0.08074271244200022
2.32 0.07862879851369292
2.33 0.0764185741394997
2.34 0.07411474656789752
2.35 0.07172013769957457
2.36 0.06923768063095605
2.37 0.06667041606152728
2.38 0.06402148856935713
2.39 0.06129414275938314
2.4 0.058491719289176174
2.41 0.05561765077705264
2.42 0.05267545759754649
2.43 0.04966874356938978
2.44 0.04660119154128711
2.45 0.0434765588808842
2.46 0.040298672872464775
2.47 0.037071426029003485
2.48 0.03379877132432676
2.49 0.030484717351211763
2.5 0.027133323411363278
2.51 0.02374869454327594
2.52 0.02033497649407556
2.53 0.01689635064149745
2.54 0.01343702887222073
2.55 0.009961248422835732
2.56 0.006473266689756412
2.57 0.0029773560144449266
2.58 -0.0005222015496752397
2.59 -0.004021119482196424
2.6 -0.007515112046180931
2.61 -0.01099989953765091
2.62 -0.014471213527691455
2.63 -0.01792480209074208
2.64 -0.02135643501267387
2.65 -0.024761908972272772
2.66 -0.028137052689782505
2.67 -0.03147773203620047
2.68 -0.03477985509706967
2.69 -0.038039377184560366
2.7 -0.04125230579170944
2.71 -0.04441470548273948
2.72 -0.04752270271347814
2.73 -0.050572490575962796
2.74 -0.05356033346142913
2.75 -0.056482571635963014
2.76 -0.05933562572321768
2.77 -0.06211600108870205
2.78 -0.06482029212027078
2.79 -0.06744518639957403
2.8 -0.06998746875935423
2.81 -0.0724440252216259
2.82 -0.07481184681190717
2.83 -0.0770880332448394
2.84 -0.07926979647667201
2.85 -0.08135446412026924
2.86 -0.08333948271844893
2.87 -0.08522242087164894
2.88 -0.08700097221608728
2.89 -0.0886729582487695
2.9 -0.09023633099588237
2.91 -0.09168917552130569
2.92 -0.09302971227216959
2.93 -0.09425629925858452
2.94 -0.09536743406487286
2.95 -0.09636175568984118
2.96 -0.0972380462138356
2.97 -0.09799523229054191
2.98 -0.0986323864616998
2.99 -0.09914872829312393
3.0 -0.09954362533063775
3.01 -0.09981659387475096
3.02 -0.09996729957313094
3.03 -0.09999555783014247
3.04 -0.0999013340329543
3.05 -0.0996847435939356
3.06 -0.09934605180929018
3.07 -0.09888567353410187
3.08 -0.09830417267418878
3.09 -0.09760226149538953
3.1 -0.09678079975112615
3.11 -0.09584079362931408
3.12 -0.09478339451990765
3.13 -0.0936098976045913
3.14 -0.09232174027034405
3.15 -0.09092050034882017
3.16 -0.08940789418370271
3.17 -0.0877857745283972
3.18 -0.08605612827663998
3.19 -0.08422107402880276
3.2 -0.0822828594968708
3.21 -0.0802438587512782
3.22 -0.07810656931296706
3.23 -0.07587360909423813
3.24 -0.07354771319213411
3.25 -0.07113173053828895
3.26 -0.06862862040934226
3.27 -0.06604144880219566
3.28 -0.06337338467855004
3.29 -0.06062769608332311
3.3 -0.05780774614170451
3.31 -0.05491698893974595
3.32 -0.051958965293539966
3.33 -0.04893729841216063
3.34 -0.04585568945968793
3.35 -0.042717913021742326
3.36 -0.039527812482090974
3.37 -0.03628929531498253
3.38 -0.03300632829897991
3.39 -0.029682932658152625
3.4 -0.026323179136580097
3.41 -0.022931183012199242
3.42 -0.019511099056103737
3.43 -0.016067116443468112
3.44 -0.01260345362233393
3.45 -0.009124353146535815
3.46 -0.005634076479106327
3.47 -0.002136898772513812
3.48 0.0013628963678619457
3.49 0.004861022130613322
3.5 0.008353193749110819
3.51 0.011835133749807283
3.52 0.015302577191607934
3.53 0.018751276889889708
3.54 0.022177008618772212
3.55 0.025575576285264263
3.56 0.02894281706895571
3.57 0.03227460652094913
3.58 0.03556686361579671
3.59 0.03881555575024339
3.6 0.042016703682664094
3.61 0.04516638640713533
3.62 0.0482607459561779
3.63 0.05129599212628455
3.64 0.05426840712044526
3.65 0.0571743501019837
3.66 0.06001026165412685
3.67 0.06277266813984538
3.68 0.06545818595662527
3.69 0.0680635256809563
3.7 0.07058549609746656
3.71 0.07302100810776012
3.72 0.07536707851417822
3.73 0.07762083367384155
3.74 0.07977951301850518
3.75 0.08184047243590807
3.76 0.08380118750848066
3.77 0.08565925660544055
3.78 0.08741240382448978
3.79 0.08905848177951105
3.8 0.09059547423084618
3.81 0.0920214985549389
3.82 0.09333480805031187
3.83 0.09453379407705897
3.84 0.09561698802722673
3.85 0.09658306312367652
3.86 0.0974308360452199
3.87 0.09815926837603939
3.88 0.09876746787761803
3.89 0.0992546895816199
3.9 0.09962033670238318
3.91 0.099863961367908
3.92 0.09998526516844364
3.93 0.09998409952200309
3.94 0.0998604658563575
3.95 0.09961451560728725
3.96 0.09924655003309217
3.97 0.09875701984558757
3.98 0.09814652465803898
3.99 0.0974158122507105
4.0 0.09656577765492774
4.01 0.0955974620567763
4.02 0.09451205152177901
4.03 0.09331087554211377
4.04 0.09199540540815243
4.05 0.09056725240631353
4.06 0.08902816584543795
4.07 0.08738003091410466
4.08 0.0856248663715104
4.09 0.08376482207474184
4.1 0.08180217634546953
4.11 0.07973933317928857
4.12 0.07757881930112588
4.13 0.07532328107031605
4.14 0.07297548123914381
4.15 0.07053829556881658
4.16 0.06801470930701856
4.17 0.06540781353135325
4.18 0.06272080136316126
4.19 0.059956964056345874
4.2 0.05711968696599872
4.21 0.05421244540176256
4.22 0.05123880037101151
4.23 0.048202394217062905
4.24 0.04510694615776241
4.25 0.04195624772990576
4.26 0.03875415814508193
4.27 0.035504599562620864
4.28 0.03221155228543811
4.29 0.0288790498846631
4.3 0.02551117425901744
4.31 0.02211205063499954
4.32 0.01868584251399868
4.33 0.015236746572526466
4.34 0.011768987521812185
4.35 0.00828681293306
4.36 0.004794488034705191
4.37 0.0012962904880446362
4.38 -0.002203494852366744
4.39 -0.005700581187124168
4.4 -0.009190685022768342
4.41 -0.012669531418526473
4.42 -0.016132859222583517
4.43 -0.01957642629145835
4.44 -0.022996014686099252
4.45 -0.02638743583833163
4.46 -0.029746535681330802
4.47 -0.033069199737835044
4.48 -0.03635135815986424
4.49 -0.03958899071377439
4.5 -0.04277813170454412
4.51 -0.045914874833251844
4.52 -0.04899537798180513
4.53 -0.05201586791905462
4.54 -0.05497264492253032
4.55 -0.05786208731013898
4.56 -0.06068065587627183
4.57 -0.06342489822688883
4.58 -0.06609145300826971
4.59 -0.0686770540242516
4.6 -0.07117853423691206
4.61 -0.07359282964579308
4.62 -0.07591698304091865
4.63 -0.07814814762500812
4.64 -0.08028359050044681
4.65 -0.08232069601674295
4.66 -0.08425696897437257
4.67 -0.08609003768108767
4.68 -0.08781765685694261
4.69 -0.08943771038448049
4.7 -0.09094821390071238
4.71 -0.09234731722771528
4.72 -0.0936333066388671
4.73 -0.09480460695794826
4.74 -0.09585978348853545
4.75 -0.09679754377132534
4.76 -0.09761673916723561
4.77 -0.09831636626434415
4.78 -0.09889556810694329
4.79 -0.09935363524520326
4.8 -0.09969000660415961
4.81 -0.09990427017095983
4.82 -0.09999616349952765
4.83 -0.0999655740320265
4.84 -0.09981253923672899
4.85 -0.09953724656212277
4.86 -0.09914003320730973
4.87 -0.09862138570897921
4.88 -0.09798193934546146
4.89 -0.09722247735859076
4.9 -0.09634392999433261
4.91 -0.09534737336334868
4.92 -0.09423402812289561
4.93 -0.09300525798167222
4.94 -0.09166256802944753
4.95 -0.0902076028935141
4.96 -0.088642144724224
4.97 -0.086968111012079
4.98 -0.08518755223904358
4.99 -0.08330264936696125
5.0 -0.08131571116614886
5.01 -0.07922917138744182
5.02 -0.07704558578115354
5.03 -0.07476762896660095
5.04 -0.07239809115603028
5.05 -0.06993987473695591
5.06 -0.06739599071709897
5.07 -0.06476955503627795
5.08 -0.06206378474977482
5.09 -0.05928199408784218
5.1 -0.05642759039618581
5.11 -0.05350406996239342
5.12 -0.050515013733419614
5.13 -0.047464082929372445
5.14 -0.04435501455897658
5.15 -0.04119161684220613
5.16 -0.037977764545691475
5.17 -0.03471739423661333
5.18 -0.03141449946090021
5.19 -0.028073125851635346
5.2 -0.024697366173662434
5.21 -0.02129135531045743
5.22 -0.017859265199416732
5.23 -0.014405299721753879
5.24 -0.010933689553271063
5.25 -0.007448686982310316
5.26 -0.003954560701232029
5.27 -0.00045559057780059564
5.28 0.003043937587118419
5.29 0.006539737309128407
5.3 0.010027526670709096
5.31 0.013503033566029714
5.32 0.016962000933746176
5.33 0.02040019197136539
5.34 0.023813395324801673
5.35 0.027197430246758525
5.36 0.030548151717619876
5.37 0.03386145552258083
5.38 0.037133283278798945
5.39 0.040359627406405696
5.4 0.043536536037289325
5.41 0.04666011785563917
5.42 0.04972654686432224
5.43 0.052732067071251214
5.44 0.05567299709000376
5.45 0.05854573464906048
5.46 0.06134676100413953
5.47 0.06407264524821553
5.48 0.06672004851395306
5.49 0.06928572806340139
5.5 0.0717665412599429
5.51 0.07415944941763004
5.52 0.07646152152319555
5.53 0.07866993782617727
5.54 0.08078199329275987
5.55 0.08279510091910287
5.56 0.0847067949000969
5.57 0.08651473364966732
5.58 0.08821670266892263
5.59 0.08981061725864037
5.6 0.09129452507276263
5.61 0.09266660850977528
5.62 0.09392518693904259
5.63 0.09506871875937017
5.64 0.09609580328727355
5.65 0.09700518247263981
5.66 0.09779574243968182
5.67 0.09846651485129715
5.68 0.09901667809515974
5.69 0.09944555829009205
5.7 0.09975263011148541
5.71 0.0999375174347571
5.72 0.09999999379605563
5.73 0.09993998266965097
5.74 0.09975755756166871
5.75 0.09945294192005441
5.76 0.0990265088608778
5.77 0.09847878071131222
5.78 0.0978104283698491
5.79 0.09702227048453134
5.8 0.09611527245021166
5.81 0.09509054522606486
5.82 0.09394934397480113
5.83 0.09269306652524986
5.84 0.09132325166019307
5.85 0.08984157723154898
5.86 0.08824985810521373
5.87 0.08655004393807773
5.88 0.08474421678993915
5.89 0.08283458857324084
5.9 0.08082349834375502
5.91 0.07871340943553246
5.92 0.07650690644362548
5.93 0.07420669205828223
5.94 0.07181558375448988
5.95 0.06933651034092042
5.96 0.06677250837250412
5.97 0.06412671843103182
5.98 0.0614023812783338
5.99 0.058602833886752
6.0 0.055731505351766145
6.01 0.05279191269178066
6.02 0.049787656540216836
6.03 0.046722416735187206
6.04 0.04359994781215394
6.05 0.04042407440509247
6.06 0.03719868656179339
6.07 0.033927734979038775
6.08 0.030615226163495858
6.09 0.02726521752424449
6.1 0.02388181240295862
6.11 0.020469155047827224
6.12 0.01703142553736855
6.13 0.013572834660355228
6.14 0.01009761875812457
6.15 0.0066100345355915545
6.16 0.00311435384731763
6.17 -0.0003851415349783681
6.18 -0.0038841651670551572
6.19 -0.007378431182505771
6.2 -0.010863659542407623
6.21 -0.014335581277838167
6.22 -0.01778994371882446
6.23 -0.021222515703333885
6.24 -0.024629092759918158
6.25 -0.028005502257665127
6.26 -0.031347608517149864
6.27 -0.03465131787612477
6.28 -0.037912583703743986
6.29 -0.0411274113571801
6.3 -0.044291863074562135
6.31 -0.04740206279824111
6.32 -0.05045420092247752
6.33 -0.05344453895972891
6.34 -0.056369414119832366
6.35 -0.05922524379646417
6.36 -0.062008529955383286
6.37 -0.06471586341908601
6.38 -0.06734392804262318
6.39 -0.06988950477546303
6.4 -0.07234947560442449
6.41 -0.0747208273728535
6.42 -0.07700065547136414
6.43 -0.0791861673956218
6.44 -0.0812746861668109
6.45 -0.08326365361059905
6.46 -0.0851506334905826
6.47 -0.08693331449236953
6.48 -0.08860951305465149
6.49 -0.09017717604379327
6.5 -0.09163438326866466
6.51 -0.09297934983263456
6.52 -0.09421042831984612
6.53 -0.09532611081309517
6.54 -0.09632503074084015
6.55 -0.09720596455108152
6.56 -0.09796783321005977
6.57 -0.09860970352393725
6.58 -0.09913078928184317
6.59 -0.09953045221888435
6.6 -0.09980820279793962
6.61 -0.09996370080928146
6.62 -0.09999675578729054
6.63 -0.09990732724375223
6.64 -0.0996955247174496
6.65 -0.09936160763999204
6.66 -0.0989059850180442
6.67 -0.09832921493234377
6.68 -0.09763200385412227
6.69 -0.09681520577976632
6.7 -0.09587982118477917
6.71 -0.09482699579832238
6.72 -0.0936580191998418
6.73 -0.09237432323949363
6.74 -0.09097748028430695
6.75 -0.0894692012922309
6.76 -0.08785133371642503
6.77 -0.08612585924236027
6.78 -0.08429489136050194
6.79 -0.08236067277754838
6.8 -0.0803255726693955
6.81 -0.07819208377919284
6.82 -0.07596281936404396
6.83 -0.07364050999409529
6.84 -0.07122800020792726
6.85 -0.0687282450283504
6.86 -0.06614430634287283
6.87 -0.06347934915327107
6.88 -0.060736637698857544
6.89 -0.05791953145819559
6.9 -0.055031481034159384
6.91 -0.05207602392737696
6.92 -0.0490567802032332
6.93 -0.04597744805774224
6.94 -0.04284179928772112
6.95 -0.039653674670810685
6.96 -0.03641697926100033
6.97 -0.033135677605428425
6.98 -0.029813788888306186
6.99 -0.026455382007919956
7.0 -0.02306457059273957
7.01 -0.01964550796273791
7.02 -0.01620238204209328
7.03 -0.012739410229505985
7.04 -0.009260834232412285
7.05 -0.005770914871423206
7.06 -0.002273926861352448
7.07 0.0012258464247764955
7.08 0.004724118202323123
7.09 0.008216603525808252
7.1 0.011699024537436053
7.11 0.0151671157069335
7.12 0.01861662905629157
7.13 0.022043339363008528
7.14 0.0254430493354591
7.15 0.028811594754050485
7.16 0.032144849571870644
7.17 0.0354387309685812
7.18 0.038689204351361764
7.19 0.04189228829678028
7.2 0.04504405942753861
7.21 0.04814065721812201
7.22 0.051178288723456866
7.23 0.05415323322479579
7.24 0.05706184678713244
7.25 0.05990056672256632
7.26 0.06266591595414986
7.27 0.06535450727487291
7.28 0.06796304749656783
7.29 0.0704883414836531
7.3 0.07292729606677491
7.31 0.07527692383155261
7.32 0.07753434677778892
7.33 0.07969679984465788
7.34 0.08176163429756084
7.35 0.08372632097249472
7.36 0.08558845337396082
7.37 0.087345750622621
7.38 0.08899606024909039
7.39 0.09053736083044311
7.4 0.09196776446620199
7.41 0.09328551909078055
7.42 0.09448901061954496
7.43 0.09557676492586571
7.44 0.0965474496467379
7.45 0.0973998758147594
7.46 0.09813299931446795
7.47 0.09874592216125118
7.48 0.09923789360126596
7.49 0.0996083110310178
7.5 0.09985672073547486
7.51 0.09998281844381202
7.52 0.09998644970210471
7.53 0.09986761006251563
7.54 0.0996264450887427
7.55 0.09926325017772188
7.56 0.09877847019780278
7.57 0.09817269894384036
7.58 0.09744667840987103
7.59 0.09660129788026228
7.6 0.09563759284045041
7.61 0.09455674370860076
7.62 0.09336007438974314
7.63 0.09204905065415332
7.64 0.09062527834196757
7.65 0.08909050139622984
7.66 0.08744659972677979
7.67 0.08569558690759757
7.68 0.08383960771042746
7.69 0.0818809354777014
7.7 0.07982196933797901
7.71 0.07766523126731337
7.72 0.07541336300014767
7.73 0.07306912279351988
7.74 0.07063538204854294
7.75 0.06811512179329755
7.76 0.06551142903144545
7.77 0.062827492961036
7.78 0.06006660106813734
7.79 0.057232135100077124
7.8 0.054327566923224796
7.81 0.05135645427038983
7.82 0.0483224363830424
7.83 0.045229229553700644
7.84 0.04208062257393436
7.85 0.038880472093569346
7.86 0.035632697896774874
7.87 0.03234127810081834
7.88 0.02901024428336771
7.89 0.025643676544312974
7.9 0.022245698508155342
7.91 0.018820472273082912
7.92 0.015372193312919474
7.93 0.01190508533819367
7.94 0.008423395122623157
7.95 0.004931387301348235
7.96 0.001433339147283883
7.97 -0.0020664646680011644
7.98 -0.005563737322473071
7.99 -0.00905419509445348
8.0 -0.012533562609642912
8.01 -0.01599757807791965
8.02 -0.019441998513499717
8.03 -0.02286260493206354
8.04 -0.026255207518485577
8.05 -0.029615650758832476
8.06 -0.03293981853034639
8.07 -0.0362236391431857
8.08 -0.03946309032773119
8.09 -0.042654204161365034
8.1 -0.04579307192868083
8.11 -0.04887584890916921
8.12 -0.05189875908652102
8.13 -0.054858099773775086
8.14 -0.05775024614864552
8.15 -0.060571655693477555
8.16 -0.06331887253438755
8.17 -0.06598853167427625
8.18 -0.06857736311453065
8.19 -0.0710821958603617
8.2 -0.07349996180487729
8.21 -0.07582769948713067
8.22 -0.07806255771953642
8.23 -0.08020179908022242
8.24 -0.0822428032660279
8.25 -0.08418307030204641
8.26 -0.08602022360378342
8.27 -0.0877520128881747
8.28 -0.08937631692990178
8.29 -0.09089114615962814
8.3 -0.09229464510097231
8.31 -0.09358509464323375
8.32 -0.09476091414709055
8.33 -0.09582066338068304
8.34 -0.0967630442837184
8.35 -0.09758690255743249
8.36 -0.0982912290784609
8.37 -0.09887516113488927
8.38 -0.09933798348296746
8.39 -0.09967912922319351
8.4 -0.09989818049469495
8.41 -0.09999486898705587
8.42 -0.09996907626896376
8.43 -0.09982083393327296
8.44 -0.09955032355830744
8.45 -0.09915787648545007
8.46 -0.0986439734132906
8.47 -0.09800924380883062
8.48 -0.09725446513646459
8.49 -0.09638056190568318
8.5 -0.09538860453866524
8.51 -0.09427980805914409
8.52 -0.09305553060415549
8.53 -0.09171727176048974
8.54 -0.09026667072788486
8.55 -0.08870550431121228
8.56 -0.08703568474411413
8.57 -0.08525925734675356
8.58 -0.08337839802055563
8.59 -0.08139541058299934
8.6 -0.07931272394572875
8.61 -0.077132889139441
8.62 -0.07485857618919205
8.63 -0.07249257084394976
8.64 -0.07003777116440074
8.65 -0.0674971839731869
8.66 -0.06487392117192471
8.67 -0.062171195929514936
8.68 -0.059392318746411356
8.69 -0.05654069339967334
8.7 -0.05361981277376382
8.71 -0.05063325458220104
8.72 -0.04758467698531108
8.73 -0.044477814109434466
8.74 -0.04131647147308967
8.75 -0.03810452132569021
8.76 -0.03484589790452199
8.77 -0.03154459261579492
8.78 -0.028204649145669804
8.79 -0.024830158507247017
8.8 -0.021425254029588423
8.81 -0.01799410629490787
8.82 -0.01454091803012431
8.83 -0.01106991895905169
8.84 -0.0075853606215144885
8.85 -0.004091511165741996
8.86 -0.0005926501204225719
8.87 0.0029069368471852635
8.88 0.006402963180659318
8.89 0.009891146684907898
8.9 0.013367214771325459
8.91 0.01682690969117795
8.92 0.02026599375081259
8.93 0.02368025450230409
8.94 0.027065509903174512
8.95 0.030417613438873406
8.96 0.033732459201741304
8.97 0.03700598692022844
8.98 0.04023418693222478
8.99 0.04341310509639293
9.0 0.046538847635495546
9.01 0.049607585905786906
9.02 0.05261556108662233
9.03 0.05555908878454322
9.04 0.05843456354619975
9.05 0.06123846327457769
9.06 0.06396735354312842
9.07 0.06661789180251358
9.08 0.0691868314748061
9.09 0.07167102593014615
9.1 0.0740674323409674
9.11 0.07637311540907903
9.12 0.07858525096104219
9.13 0.08070112940742613
9.14 0.08271815906171785
9.15 0.08463386931481473
9.16 0.08644591366121085
9.17 0.08815207257317184
9.18 0.0897502562193809
9.19 0.09123850702471979
9.2 0.0926150020680526
9.21 0.09387805531507835
9.22 0.09502611968351016
9.23 0.09605778893805846
9.24 0.09697179941289397
9.25 0.0977670315594789
9.26 0.09844251131787524
9.27 0.09899741130984578
9.28 0.09943105185228869
9.29 0.09974290178976508
9.3 0.09993257914509736
9.31 0.0999998515872438
9.32 0.09994463671587502
9.33 0.09976700216230402
9.34 0.09946716550664626
9.35 0.09904549401131117
9.36 0.09850250417115194
9.37 0.09783886108082346
9.38 0.09705537762012448
9.39 0.09615301345832275
9.4 0.09513287387867828
9.41 0.0939962084246105
9.42 0.09274440936916456
9.43 0.09137901000964943
9.44 0.08990168278954119
9.45 0.08831423724994975
9.46 0.08661861781315518
9.47 0.08481690140093578
9.48 0.08291129489059777
9.49 0.08090413241182517
9.5 0.07879787248766569
9.51 0.07659509502314461
9.52 0.07429849814520481
9.53 0.07191089489784021
9.54 0.0694352097964653
9.55 0.06687447524575278
9.56 0.06423182782531572
9.57 0.06151050444778803
9.58 0.058713838394014985
9.59 0.0558452552301973
9.6 0.05290826861200239
9.61 0.04990647598077743
9.62 0.04684355415712999
9.63 0.04372325483728365
9.64 0.04054939999772375
9.65 0.03732587721374654
9.66 0.034056634897669955
9.67 0.03074567746252363
9.68 0.027397060417139754
9.69 0.024014885398663782
9.7 0.020603295148563964
9.71 0.017166468438286234
9.72 0.013708614950786591
9.73 0.010233970124193796
9.74 0.006746789963925185
9.75 0.003251345829617164
9.76 -0.00024808079676116927
9.77 -0.003747203555185934
9.78 -0.0072417364578313635
9.79 -0.010727399138873911
9.8 -0.01419992209740017
9.81 -0.017655051927013745
9.82 -0.021088556525728303
9.83 -0.02449623027975839
9.84 -0.027873899214875333
9.85 -0.031217426109001575
9.86 -0.03452271555978838
9.87 -0.03778571900097568
9.88 -0.04100243966137802
9.89 -0.044168937460425016
9.9 -0.04728133383427511
9.91 -0.05033581648656671
9.92 -0.053328644058003354
9.93 -0.05625615070905468
9.94 -0.059114750610149605
9.95 -0.061900942333867386
9.96 -0.06461131314375246
9.97 -0.06724254317448582
9.98 -0.06979140949830666
9.99 -0.07225479007269738
