0.0 0.014776010333066978
0.01 0.01667435460704072
0.02 0.018546023470649136
0.03 0.02038802265297851
0.04 0.022197405348275988
0.05 0.02397127693021015
0.06 0.025706799582655662
0.07 0.027401196839593685
0.08 0.029051758026865257
0.09 0.030655842598671684
0.1 0.03221088436188455
0.11 0.03371439558140726
0.12 0.03516397096002052
0.13 0.036557291486344796
0.14 0.03789212814476386
0.15 0.03916634548137417
0.16 0.04037790502025571
0.17 0.041524868524598524
0.18 0.04260540109746815
0.19 0.04361777411724932
0.2 0.044560368003071775
0.21 0.04543167480579416
0.22 0.04623030062040102
0.23 0.04695496781595338
0.24 0.04760451707952579
0.25 0.04817790927085965
0.26 0.04867422708476597
0.27 0.04909267651861799
0.28 0.049432588142586
0.29 0.049693418170582246
0.3 0.04987474933020272
0.31 0.049976291530273956
0.32 0.04999788232493701
0.33 0.0499394871735262
0.34 0.04980119949582684
0.35 0.04958324052262343
0.36 0.049285958941777674
0.37 0.048909830340402236
0.38 0.04845545644402282
0.39 0.04792356415394571
0.4 0.047315004384370724
0.41 0.04663075070111003
0.42 0.045871897764090494
0.43 0.04503965957613137
0.44 0.044135367540798706
0.45 0.04316046833244369
0.46 0.04211652158183229
0.47 0.041005197381068725
0.48 0.03982827361180434
0.49 0.038587633101006304
0.5 0.03728526060883602
0.51 0.03592323965345631
0.52 0.03450374917784682
0.53 0.03302906006396004
0.54 0.031501531499794615
0.55 0.029923607205197822
0.56 0.028297811522435143
0.57 0.026626745377781078
0.58 0.02491308212059195
0.59 0.02315956324651728
0.6 0.02136899401169151
0.61 0.01954423894492263
0.62 0.017688217265057156
0.63 0.01580389821085269
0.64 0.01389429629082934
0.65 0.011962466460699123
0.66 0.010011499236088527
0.67 0.008044515748372788
0.68 0.006064662751531488
0.69 0.004075107588013479
0.7 0.002079033121664547
0.71 7.963264582436362e-05
0.72 -0.0019198952252617468
0.73 -0.003916351673543243
0.74 -0.0059065427945908695
0.75 -0.007887284707162412
0.76 -0.009855408646733493
0.77 -0.01180776603484485
0.78 -0.013741233516156201
0.79 -0.01565271795514851
0.8 -0.017539161384480993
0.81 -0.01939754589708652
0.82 -0.02122489847417911
0.83 -0.023018295741449896
0.84 -0.02477486864584223
0.85 -0.02649180704542465
0.86 -0.028166364205018488
0.87 -0.029795861190388198
0.88 -0.03137769115396467
0.89 -0.032909323505245246
0.9 -0.03438830795919869
0.91 -0.035812278456198526
0.92 -0.03717895694721373
0.93 -0.03848615703820122
0.94 -0.039731787487869846
0.95 -0.04091385555322052
0.96 -0.04203047017750973
0.97 -0.04307984501553703
0.98 -0.04406030129141627
0.99 -0.04497027048425889
1.0 -0.04580829683747275
1.01 -0.04657303968766213
1.02 -0.04726327560940317
1.03 -0.04787790037246356
1.04 -0.04841593070833536
1.05 -0.04887650588325485
1.06 -0.04925888907519298
1.07 -0.04956246855261335
1.08 -0.04978675865311227
1.09 -0.04993140056037495
1.1 -0.04999616287820505
1.11 -0.04998094200070927
1.12 -0.04988576227804467
1.13 -0.049710775977463574
1.14 -0.0494562630397185
1.15 -0.049122630631216635
1.16 -0.048710412492640465
1.17 -0.04822026808507654
1.18 -0.04765298153501839
1.19 -0.047009460379931436
1.2 -0.04629073411638662
1.21 -0.04549795255308553
1.22 -0.044632383971411733
1.23 -0.04369541309645112
1.24 -0.04268853888172717
1.25 -0.04161337211119506
1.26 -0.040471632822330975
1.27 -0.03926514755443903
1.28 -0.03799584642657805
1.29 -0.03666576004978283
1.3 -0.0352770162785196
1.31 -0.03383183680657285
1.32 -0.032332533612809175
1.33 -0.030781505262504318
1.34 -0.029181233070150366
1.35 -0.02753427712988188
1.36 -0.02584327221987144
1.37 -0.024110923587246577
1.38 -0.02234000262027154
1.39 -0.020533342414717087
1.4 -0.018693833241511842
1.41 -0.016824417922925255
1.42 -0.014928087124679721
1.43 -0.013007874571523446
1.44 -0.011066852193917977
1.45 -0.009108125213604793
1.46 -0.00713482717591293
1.47 -0.005150114936754893
1.48 -0.0031571636123306386
1.49 -0.0011591614996189724
1.5 0.0008406950242174857
1.51 0.0028392066153539028
1.52 0.004833176081570863
1.53 0.006819413497079882
1.54 0.008794741305724201
1.55 0.010755999404390777
1.56 0.012700050198501157
1.57 0.014623783621493486
1.58 0.016524122110265545
1.59 0.018398025528619234
1.6 0.020242496030829917
1.61 0.02205458285756012
1.62 0.023831387056444976
1.63 0.02557006611979758
1.64 0.027267838532015067
1.65 0.028921988219409972
1.66 0.03052986889534892
1.67 0.03208890829374666
1.68 0.033596612284143075
1.69 0.03505056886177991
1.7 0.0364484520062938
1.71 0.03778802540285269
1.72 0.039067146019782506
1.73 0.04028376753696067
1.74 0.041435943619491766
1.75 0.042521831031428224
1.76 0.04353969258455456
1.77 0.04448789991751798
1.78 0.045364936100859204
1.79 0.04616939806377595
1.8 0.046899998838736946
1.81 0.04755556962035545
1.82 0.04813506163522851
1.83 0.04863754781975069
1.84 0.049062224303218105
1.85 0.04940841169385002
1.86 0.04967555616567079
1.87 0.049863230344513294
1.88 0.049971133991726396
1.89 0.04999909448449278
1.9 0.0499470670919886
1.91 0.04981513504694329
1.92 0.049603509412484904
1.93 0.04931252874448419
1.94 0.04894265854993737
1.95 0.04849449054225432
1.96 0.04796874169464321
1.97 0.0473662530931065
1.98 0.04668798859088254
1.99 0.045935033266486236
2.0 0.04510859168781467
2.01 0.04420998598509564
2.02 0.043240653735761095
2.03 0.04220214566463021
2.04 0.04109612316308012
2.05 0.03992435563117452
2.06 0.03868871764700062
2.07 0.037391185967744496
2.08 0.03603383636730084
2.09 0.034618840315478024
2.1 0.0331484615041091
2.11 0.031625052225628315
2.12 0.030051049609904446
2.13 0.028428971725353486
2.14 0.026761413550565733
2.15 0.025051042822894234
2.16 0.02330059577064348
2.17 0.021512872735688436
2.18 0.0196907336935243
2.19 0.01783709367791643
2.2 0.01595491811746752
2.21 0.014047218091565089
2.22 0.012117045513296103
2.23 0.01016748824703778
2.24 0.008201665168532586
2.25 0.006222721175353086
2.26 0.004233822155736071
2.27 0.002238149923837014
2.28 0.0002388971295064256
2.29 -0.001760737849269459
2.3 -0.0037575560230904653
2.31 -0.005748362908843816
2.32 -0.007729973640194947
2.33 -0.009699218062694949
2.34 -0.011652945805350721
2.35 -0.013588031320547209
2.36 -0.01550137888425615
2.37 -0.017389927548534835
2.38 -0.019250656038389134
2.39 -0.02108058758516969
2.4 -0.02287679468876607
2.41 -0.024636403800983087
2.42 -0.026356599922604303
2.43 -0.028034631106790872
2.44 -0.02966781286160884
2.45 -0.031253532444644176
2.46 -0.03278925304283268
2.47 -0.034272517830820304
2.48 -0.03570095390135909
2.49 -0.03707227606145308
2.5 -0.038384290488179124
2.51 -0.039634898238336005
2.52 -0.04082209860630562
2.53 -0.041943992324755
2.54 -0.04299878460305931
2.55 -0.04398478799858351
2.56 -0.04490042511623102
2.57 -0.04574423113193903
2.58 -0.04651485613608483
2.59 -0.047211067293052945
2.6 -0.047831750813509426
2.61 -0.04837591373622689
2.62 -0.04884268551661096
2.63 -0.04923131941938563
2.64 -0.04954119371321066
2.65 -0.049771812665318875
2.66 -0.049922807334583014
2.67 -0.04999393616174271
2.68 -0.04998508535584787
2.69 -0.04989626907629985
2.7 -0.04972762941019945
2.71 -0.049479436145037914
2.72 -0.04915208633709439
2.73 -0.04874610367623073
2.74 -0.04826213764809926
2.75 -0.04770096249510445
2.76 -0.04706347597778009
2.77 -0.046350697938564
2.78 -0.04556376867026779
2.79 -0.044703947091851354
2.8 -0.04377260873442143
2.81 -0.042771243540674894
2.82 -0.04170145348130866
2.83 -0.04056494999220789
2.84 -0.03936355123651412
2.85 -0.038099179195951606
2.86 -0.03677385659606706
2.87 -0.03538970367029975
2.88 -0.03394893476806084
2.89 -0.03245385481224613
2.9 -0.030906855611851664
2.91 -0.029310412035589067
2.92 -0.027667078052624017
2.93 -0.025979482646769903
2.94 -0.024250325610675083
2.95 -0.022482373226729996
2.96 -0.020678453841606048
2.97 -0.018841453341503667
2.98 -0.01697431053535064
2.99 -0.015080012453334094
3.0 -0.013161589568290048
3.01 -0.011222110947592769
3.02 -0.00926467934330191
3.03 -0.007292426228421376
3.04 -0.005308506787209903
3.05 -0.0033160948675600346
3.06 -0.0013183779035178243
3.07 0.0006814481839309729
3.08 0.0026801840996534287
3.09 0.004674632292558464
3.1 0.0066616020709971985
3.11 0.008637914707188233
3.12 0.010600408522504714
3.13 0.012545943945484979
3.14 0.014471408534477854
3.15 0.016373721956884652
3.16 0.018249840917034913
3.17 0.020096764024809595
3.18 0.02191153659722567
3.19 0.023691255385297948
3.2 0.025433073218618762
3.21 0.02713420356022263
3.22 0.0287919249644516
3.23 0.030403585430687115
3.24 0.03196660664598591
3.25 0.03347848810983012
3.26 0.03493681113439516
3.27 0.036339242713934114
3.28 0.037683539257089047
3.29 0.038967550176158994
3.3 0.04018922132758104
3.31 0.041346598298122324
3.32 0.04243782953152378
3.33 0.04346116929059563
3.34 0.04441498045002413
3.35 0.045297737115423134
3.36 0.0461080270644393
3.37 0.04684455400600691
3.38 0.047506139654136754
3.39 0.048091725612922645
3.4 0.0486003750697488
3.41 0.04903127429399045
3.42 0.049383733938809016
3.43 0.04965719014396022
3.44 0.049851205437850016
3.45 0.04996546943739589
3.46 0.0499997993445736
3.47 0.04995414023885498
3.48 0.049828565165069096
3.49 0.04962327501654607
3.5 0.04933859821373067
3.51 0.04897499017877957
3.52 0.048533032606983106
3.53 0.04801343253617693
3.54 0.04741702121563218
3.55 0.046744752776234154
3.56 0.045997702704076215
3.57 0.04517706611991169
3.58 0.044284155867215375
3.59 0.0433204004119143
3.6 0.04228734155714667
3.61 0.04118663197670606
3.62 0.040020032571115555
3.63 0.03878940965056294
3.64 0.037496731949202104
3.65 0.036144067475598805
3.66 0.03473358020435765
3.67 0.03326752661422485
3.68 0.031748252078203074
3.69 0.030178187111455465
3.7 0.02855984348299936
3.71 0.026895810197412197
3.72 0.025188749352975937
3.73 0.023441391882888272
3.74 0.02165653318635147
3.75 0.019837028656530604
3.76 0.01798578911253304
3.77 0.016105776142719054
3.78 0.01419999736679247
3.79 0.012271501624250142
3.8 0.010323374096889831
3.81 0.00835873137317676
3.82 0.00638071646236762
3.83 0.00439249376636552
3.84 0.0023972440173526846
3.85 0.0003981591892967784
3.86 -0.0016015626085258167
3.87 -0.0035987222478233273
3.88 -0.005590124699210701
3.89 -0.007572584143575759
3.9 -0.009542929068709469
3.91 -0.011498007343049626
3.92 -0.01343469125841823
3.93 -0.015349882533687985
3.94 -0.0172405172713708
3.95 -0.019103570859200458
3.96 -0.020936062808866326
3.97 -0.022735061524159876
3.98 -0.024497688990902565
3.99 -0.026221125381154894
4.0 -0.02790261356433897
4.01 -0.029539463518060208
4.02 -0.03112905663156868
4.03 -0.03266884989497803
4.04 -0.03415637996753823
4.05 -0.035589267118456155
4.06 -0.03696521903395662
4.07 -0.0382820344844957
4.08 -0.039537606846257935
4.09 -0.04072992747130579
4.1 -0.04185708890098734
4.11 -0.042917287917463486
4.12 -0.04390882842847139
4.13 -0.044830124180710904
4.14 -0.04567970129751106
4.15 -0.04645620063671849
4.16 -0.047158379965034684
4.17 -0.04778511594532467
4.18 -0.048335405933716546
4.19 -0.04880836958361784
4.2 -0.049203250254082176
4.21 -0.04951941622027355
4.22 -0.04975636168409123
4.23 -0.049913707583338754
4.24 -0.049991202198142654
4.25 -0.049988721553650556
4.26 -0.04990626961836448
4.27 -0.04974397829779206
4.28 -0.049502107223425906
4.29 -0.049181043337388625
4.3 -0.04878130027340788
4.31 -0.04830351753511207
4.32 -0.047748459472960865
4.33 -0.04711701406144774
4.34 -0.0464101914785299
4.35 -0.04562912248955923
4.36 -0.04477505663829884
4.37 -0.04384936024791991
4.38 -0.042853514235175603
4.39 -0.04178911174125049
4.4 -0.040657855583074325
4.41 -0.03946155552917862
4.42 -0.03820212540445243
4.43 -0.03688158002843124
4.44 -0.035502031992015216
4.45 -0.034065688277775
4.46 -0.032574846729249596
4.47 -0.03103189237488741
4.48 -0.02943929361250924
4.49 -0.02779959826039889
4.5 -0.026115429481336577
4.51 -0.024389481586098622
4.52 -0.022624515723134828
4.53 -0.020823355461319804
4.54 -0.018988882272845738
4.55 -0.017124030923480627
4.56 -0.015231784777569722
4.57 -0.013315171025288654
4.58 -0.011377255839785619
4.59 -0.009421139471957395
4.6 -0.00744995129070994
4.61 -0.005466844776635355
4.62 -0.003474992477116348
4.63 -0.0014775809309261472
4.64 0.000522194429553081
4.65 0.0025211343903407384
4.66 0.0045160410739169925
4.67 0.006503723055145696
4.68 0.008481000466873088
4.69 0.010444710087037264
4.7 0.012391710399147993
4.71 0.01431888661804398
4.72 0.016223155672884
4.73 0.018101471139402872
4.74 0.01995082811353976
4.75 0.021768268018644663
4.76 0.02355088333856924
4.77 0.02529582226907261
4.78 0.027000293280099893
4.79 0.02866156958163424
4.8 0.030276993485980053
4.81 0.03184398065949577
4.82 0.033360024256976664
4.83 0.034822698932071884
4.84 0.03622966471732204
4.85 0.03757867076760742
4.86 0.03886755896102029
4.87 0.04009426735139911
4.88 0.04125683346700322
4.89 0.04235339745004854
4.9 0.043382205032083454
4.91 0.04434161034044378
4.92 0.045230078531298436
4.93 0.04604618824507184
4.94 0.04678863388031612
4.95 0.047456227682394735
4.96 0.04804790164363682
4.97 0.04856270921192145
4.98 0.04899982680495915
4.99 0.04935855512784777
5.0 0.04963832029179536
5.01 0.049838674732219646
5.02 0.049959297924755966
5.03 0.04999999689802782
5.04 0.049960706542359956
5.05 0.049841489713939965
5.06 0.04964253713426174
5.07 0.04936416708501179
5.08 0.04900682489888651
5.09 0.048571082247154757
5.1 0.04805763622510583
5.11 0.047467308236845626
5.12 0.04680104268122556
5.13 0.0460599054410055
5.14 0.045245082177668955
5.15 0.04435787643461747
5.16 0.04339970755177965
5.17 0.04237210839496948
5.18 0.041276722903628396
5.19 0.04011530346087267
5.2 0.038889708090054646
5.21 0.03760189748232112
5.22 0.03625393185992622
5.23 0.034847967680314944
5.24 0.03338625418625193
5.25 0.031871129807511944
5.26 0.030305018419891694
5.27 0.028690425467525423
5.28 0.027029933954708638
5.29 0.025326200313642844
5.3 0.02358195015470981
5.31 0.02179997390607697
5.32 0.01998312234960732
5.33 0.018134302060217204
5.34 0.016256470755975524
5.35 0.014352632566386423
5.36 0.012425833226422585
5.37 0.010479155203999687
5.38 0.008515712768684274
5.39 0.006538647009527471
5.4 0.004551120809992217
5.41 0.002556313788015144
5.42 0.0005574172092951044
5.43 -0.0014423711180504783
5.44 -0.003439851959296785
5.45 -0.005431829771203989
5.46 -0.007415117814205816
5.47 -0.009386543250512351
5.48 -0.011342952219974002
5.49 -0.013281214885584279
5.5 -0.015198230440552352
5.51 -0.01709093206893179
5.52 -0.018956291851871993
5.53 -0.02079132561164262
5.54 -0.0225930976856807
5.55 -0.024358725623025476
5.56 -0.026085384795624413
5.57 -0.0277703129171358
5.58 -0.029410814461997087
5.59 -0.031004264977691643
5.6 -0.03254811528331235
5.61 -0.03403989554770749
5.62 -0.03547721924068327
5.63 -0.03685778695094376
5.64 -0.03817939006465793
5.65 -0.03943991429877093
5.66 -0.04063734308340545
5.67 -0.041769760787944026
5.68 -0.042835355785628956
5.69 -0.04383242335177885
5.7 -0.04475936839098409
5.71 -0.04561470798891977
5.72 -0.046397073784691906
5.73 -0.04710521415992312
5.74 -0.04773799624107482
5.75 -0.04829440771180352
5.76 -0.048773558432450854
5.77 -0.049174681864077155
5.78 -0.04949713629476027
5.79 -0.049740405866197664
5.8 -0.049904101398969815
5.81 -0.04998796101514413
5.82 -0.049991850557223834
5.83 -0.04991576380277132
5.84 -0.04975982247436273
5.85 -0.049524276044857825
5.86 -0.049209501338296546
5.87 -0.04881600192706109
5.88 -0.04834440732626735
5.89 -0.04779547198667512
5.9 -0.04717007408772772
5.91 -0.04646921413265247
5.92 -0.04569401334786863
5.93 -0.04484571188926449
5.94 -0.04392566685821243
5.95 -0.04293535013049648
5.96 -0.0418763460016246
5.97 -0.040750348652294155
5.98 -0.03955915943806401
5.99 -0.03830468400757034
6.0 -0.03698892925389467
6.01 -0.035614000103963504
6.02 -0.034182096151114165
6.03 -0.03269550813621451
6.04 -0.031156614282966788
6.05 -0.02956787649325622
6.06 -0.027931836408633687
6.07 -0.026251111344231165
6.08 -0.024528390101616445
6.09 -0.022766428667283286
6.1 -0.02096804580366157
6.11 -0.01913611853969837
6.12 -0.01727357756822605
6.13 -0.015383402557477924
6.14 -0.013468617384255359
6.15 -0.011532285296369613
6.16 -0.009577504012099503
6.17 -0.007607400764501922
6.18 -0.00562512729850675
6.19 -0.0036338548287969475
6.2 -0.001636768966542266
6.21 0.0003629353769001255
6.22 0.0023620591011615615
6.23 0.004357404034740383
6.24 0.006345778051393395
6.25 0.008324000176857962
6.26 0.010288905677731558
6.27 0.012237351124370265
6.28 0.014166219419705826
6.29 0.016072424785935322
6.3 0.017952917701108417
6.31 0.019804689777711253
6.32 0.021624778575445074
6.33 0.02341027234049808
6.34 0.025158314663731376
6.35 0.026866109050323595
6.36 0.028530923393566374
6.37 0.030150094345651676
6.38 0.03172103157846103
6.39 0.03324122192753736
6.4 0.03470823341261223
6.41 0.036119719128255026
6.42 0.03747342099842175
6.43 0.03876717338889446
6.44 0.0399989065718343
6.45 0.04116665003690408
6.46 0.04226853564366512
6.47 0.043302800610202995
6.48 0.044267790333202744
6.49 0.0451619610349609
6.5 0.045983882233100994
6.51 0.046732239029039814
6.52 0.04740583421154482
6.53 0.048003590172016664
6.54 0.04852455062843298
6.55 0.04896788215519585
6.56 0.04933287551643482
6.57 0.049618946800633
6.58 0.049825638354760934
6.59 0.04995261951642388
6.6 0.04999968714285104
6.61 0.04996676593588069
6.62 0.049853908562421174
6.63 0.04966129557019507
6.64 0.04938923509890136
6.65 0.04903816238725761
6.66 0.04860863907671099
6.67 0.0481013523129316
6.68 0.047517113646526075
6.69 0.04685685773472967
6.7 0.04612164084615429
6.71 0.04531263917098371
6.72 0.04443114693932037
6.73 0.04347857435069319
6.74 0.04245644531803952
6.75 0.04136639502976894
6.76 0.04021016733381102
6.77 0.03898961194783055
6.78 0.037706681500073724
6.79 0.036363428405579934
6.8 0.034962001582754886
6.81 0.03350464301556
6.82 0.03199368416681606
6.83 0.030431542248360633
6.84 0.028820716354023942
6.85 0.027163783461612398
6.86 0.025463394310293538
6.87 0.023722269159979437
6.88 0.02194319343949022
6.89 0.020129013290462773
6.9 0.018282631014130902
6.91 0.016407000428263194
6.92 0.014505122141683686
6.93 0.01258003875393851
6.94 0.010634829987785335
6.95 0.008672607762294606
6.96 0.006696511214441859
6.97 0.004709701677158873
6.98 0.0027153576218750305
6.99 0.0007166695736417639
7.0 -0.0012831649930279746
7.01 -0.0032809467694361345
7.02 -0.005273479730911179
7.03 -0.007257576249765952
7.04 -0.009230062194821283
7.05 -0.01118778200933982
7.06 -0.013127603759242957
7.07 -0.015046424143537586
7.08 -0.01694117345893501
7.09 -0.0188088205107224
7.1 -0.020646377462027007
7.11 -0.022450904613718157
7.12 -0.024219515107298084
7.13 -0.025949379543260667
7.14 -0.027637730507526426
7.15 -0.029281866998715024
7.16 -0.030879158749170674
7.17 -0.03242705043283019
7.18 -0.033923065753199
7.19 -0.035364811404897556
7.2 -0.03674998090243888
7.21 -0.03807635827011412
7.22 -0.0393418215870804
7.23 -0.04054434638198178
7.24 -0.04168200887167115
7.25 -0.042752989038853516
7.26 -0.04375557354372495
7.27 -0.044688158464950965
7.28 -0.045549251865598495
7.29 -0.046337476179916494
7.3 -0.04705157041714768
7.31 -0.047690392178844465
7.32 -0.048252919486462875
7.33 -0.04873825241631006
7.34 -0.049145614539230484
7.35 -0.04947435416272676
7.36 -0.04972394537352869
7.37 -0.04989398887894223
7.38 -0.04998421264563277
7.39 -0.049994472334820295
7.4 -0.04992475153319073
7.41 -0.0497751617791537
7.42 -0.049545942384404906
7.43 -0.049237460051078395
7.44 -0.0488502082851014
7.45 -0.04838480660669026
7.46 -0.047841999559250004
7.47 -0.047222655518263865
7.48 -0.046527765302077674
7.49 -0.045758440586802125
7.5 -0.04491591212786774
7.51 -0.04400152779107899
7.52 -0.04301675039631649
7.53 -0.041963155377337115
7.54 -0.040842428261416486
7.55 -0.03965636197286426
7.56 -0.038406853964728156
7.57 -0.037095903183273576
7.58 -0.03572560687009651
7.59 -0.034298157206983614
7.6 -0.03281583780888952
7.61 -0.03128102007063978
7.62 -0.029696159373205536
7.63 -0.028063791155616958
7.64 -0.026386526858802217
7.65 -0.02466704974783876
7.66 -0.022908110619302213
7.67 -0.021112523400577746
7.68 -0.019283160648177138
7.69 -0.01742294895226083
7.7 -0.015534864254718611
7.71 -0.013621927088296477
7.72 -0.011687197744389198
7.73 -0.009733771377226603
7.74 -0.007764773052287767
7.75 -0.005783352746861847
7.76 -0.0037926803107570673
7.77 -0.001795940395217058
7.78 0.00020367264184195774
7.79 0.0022029598461216957
7.8 0.0041987227845873415
7.81 0.006187768662277405
7.82 0.008166915430094913
7.83 0.010132996875406468
7.84 0.012082867687308084
7.85 0.014013408488450977
7.86 0.015921530825380226
7.87 0.017804182109400792
7.88 0.01965835050006927
7.89 0.02148106972349541
7.9 0.023269423817747933
7.91 0.025020551797770896
7.92 0.026731652232350474
7.93 0.028399987725806486
7.94 0.030022889297242575
7.95 0.031597760650344246
7.96 0.033122082326901475
7.97 0.03459341573740305
7.98 0.036009407062259885
7.99 0.03736779101741426
8.0 0.03866639447831103
8.01 0.03990313995643341
8.02 0.04107604892284136
8.03 0.04218324497339586
8.04 0.04322295683060525
8.05 0.044193521177291535
8.06 0.045093385317542346
8.07 0.04592110966069426
8.08 0.04667537002436998
8.09 0.04735495975288795
8.1 0.047958791647653924
8.11 0.0484858997064469
8.12 0.04893544066881651
8.13 0.04930669536512
8.14 0.04959906986703993
8.15 0.04981209643774318
8.16 0.04994543428015989
8.17 0.04999887008218608
8.18 0.04997231835793753
8.19 0.04986582158450897
8.2 0.04967955013401979
8.21 0.049413802001054934
8.22 0.049069002325937326
8.23 0.048645702714593765
8.24 0.048144580356103306
8.25 0.04756643693933914
8.26 0.04691219737043739
8.27 0.04618290829314464
8.28 0.04537973641441119
8.29 0.044503966637908815
8.3 0.04355700000845882
8.31 0.04254035147065989
8.32 0.041455647445298886
8.33 0.0403046232274252
8.34 0.039089120210248705
8.35 0.03781108293930338
8.36 0.03647255600158935
8.37 0.03507568075466975
8.38 0.033622691900955244
8.39 0.03211591391265786
8.4 0.030557757313129805
8.41 0.028950714820541297
8.42 0.027297357360063036
8.43 0.025600329950934336
8.44 0.023862347474996604
8.45 0.02208619033346151
8.46 0.020274699998861875
8.47 0.018430774469303038
8.48 0.01655736363228218
8.49 0.014657464545498863
8.5 0.012734116642201754
8.51 0.010790396868743793
8.52 0.008829414762124406
8.53 0.006854307475393647
8.54 0.004868234758876536
8.55 0.002874373905246228
8.56 0.000875914666534944
8.57 -0.0011239458487909662
8.58 -0.003122008290521138
8.59 -0.005115076184979391
8.6 -0.007099961048699733
8.61 -0.009073487489319734
8.62 -0.011032498285530922
8.63 -0.012973859437959718
8.64 -0.014894465182896499
8.65 -0.016791242960857097
8.66 -0.018661158332021113
8.67 -0.02050121983068869
8.68 -0.022308483750987478
8.69 -0.024080058856174077
8.7 -0.02581311100399605
8.71 -0.02750486768071525
8.72 -0.02915262243653718
8.73 -0.030753739215355087
8.74 -0.03230565657187623
8.75 -0.03380589176938822
8.76 -0.03525204475160814
8.77 -0.03664180198226062
8.78 -0.03797294014624236
8.79 -0.039243329706451974
8.8 -0.040450938310595326
8.81 -0.041593834042514786
8.82 -0.04267018851284425
8.83 -0.04367827978404124
8.84 -0.044616495125119844
8.85 -0.045483333591676264
8.86 -0.04627740842707968
8.87 -0.046997449280987064
8.88 -0.047642304241632766
8.89 -0.04821094167864127
8.9 -0.04870245189341632
8.91 -0.04911604857446421
8.92 -0.0494510700553245
8.93 -0.04970698037309526
8.94 -0.04988337012585935
8.95 -0.04997995712764014
8.96 -0.04999658685983892
8.97 -0.04993323271843165
8.98 -0.049789996056529756
8.99 -0.04956710602223676
9.0 -0.04926491919206019
9.01 -0.04888391900046525
9.02 -0.04842471496648278
9.03 -0.04788804171860885
9.04 -0.04727475781955587
9.05 -0.046585844392735276
9.06 -0.04582240355266987
9.07 -0.04498565664184495
9.08 -0.04407694227682133
9.09 -0.04309771420673435
9.1 -0.04204953898760527
9.11 -0.040934093476185936
9.12 -0.03975316214734559
9.13 -0.03850863423929156
9.14 -0.037202500731192065
9.15 -0.035836851158032874
9.16 -0.034413870267808025
9.17 -0.0329358345263888
9.18 -0.03140510847566399
9.19 -0.029824140950777286
9.2 -0.02819546116251342
9.21 -0.026521674651100155
9.22 -0.024805459117900937
9.23 -0.023049560141662134
9.24 -0.02125678678617392
9.25 -0.019430007106367168
9.26 -0.017572143560037348
9.27 -0.0156861683325355
9.28 -0.01377509858190571
9.29 -0.01184199161207584
9.3 -0.009889939981823114
9.31 -0.007922066557341156
9.32 -0.005941519516318188
9.33 -0.0039514673115256735
9.34 -0.0019550936019694545
9.35 4.440784028552434e-05
9.36 0.002043838239469214
9.37 0.004039998933465324
9.38 0.006029696490988716
9.39 0.00800974782039282
9.4 0.00997698526193937
9.41 0.011928261655376826
9.42 0.013860455374725786
9.43 0.015770475322214636
9.44 0.017655265873376586
9.45 0.019511811765396982
9.46 0.021337142920890912
9.47 0.023128339199392153
9.48 0.02488253506895692
9.49 0.02659692419040241
9.5 0.02826876390685115
9.51 0.02989537963139693
9.52 0.03147416912587333
9.53 0.033002606663879656
9.54 0.03447824707140438
9.55 0.035898729638582205
9.56 0.03726178189632527
9.57 0.038565223251790404
9.58 0.039806968476861535
9.59 0.04098503104407006
9.6 0.04209752630461506
9.61 0.04314267450339933
9.62 0.04411880362625786
9.63 0.045024352074824026
9.64 0.04585787116475316
9.65 0.04661802744330945
9.66 0.04730360482260525
9.67 0.04791350652508238
9.68 0.048446756838122315
9.69 0.04890250267497817
9.7 0.049280014939531595
9.71 0.04957868969269098
9.72 0.049798049118565064
9.73 0.04993774228886669
9.74 0.04999754572432298
9.75 0.0499773637521946
9.76 0.0498772286593317
9.77 0.04969730064052185
9.78 0.049437867542212535
9.79 0.04909934440201828
9.8 0.0486822727847489
9.81 0.048187319916021654
9.82 0.0476152776148421
9.83 0.04696706102686295
9.84 0.04624370716034614
9.85 0.04544637322717084
9.86 0.0445763347915413
9.87 0.04363498372935621
9.88 0.04262382600150405
9.89 0.04154447924464759
9.9 0.04039867018334926
9.91 0.03918823186768092
9.92 0.03791510074073456
9.93 0.03658131354072646
9.94 0.035189004042650567
9.95 0.0337403996446936
9.96 0.032237817804872906
9.97 0.030683662333599024
9.98 0.029080419548090243
9.99 0.0274306542947965
