0.0 3.3724536489601755
0.01 3.3752472064175905
0.02 3.378010386672931
0.03 3.3807431648575927
0.04 3.3834455163765913
0.05 3.38611741690878
0.06 3.388758842407073
0.07 3.3913697690986586
0.08 3.3939501734852144
0.09 3.3965000323431176
0.1 3.399019322723656
0.11 3.401508021953233
0.12 3.4039661076335737
0.13 3.406393557641921
0.14 3.4087903501312438
0.15 3.4111564635304243
0.16 3.4134918765444584
0.17 3.4157965681546445
0.18 3.4180705176187742
0.19 3.420313704471317
0.2 3.422526108523607
0.21 3.4247077098640215
0.22 3.426858488858165
0.23 3.4289784261490395
0.24 3.4310675026572244
0.25 3.4331256995810446
0.26 3.435152998396743
0.27 3.4371493808586426
0.28 3.4391148289993154
0.29 3.4410493251297414
0.3 3.442952851839468
0.31 3.444825391996768
0.32 3.446666928748793
0.33 3.4484774455217235
0.34 3.450256926020922
0.35 3.4520053542310754
0.36 3.453722714416342
0.37 3.4554089911204913
0.38 3.4570641691670443
0.39 3.45868823365941
0.4 3.460281169981019
0.41 3.4618429637954553
0.42 3.4633736010465848
0.43 3.4648730679586826
0.44 3.4663413510365566
0.45 3.467778437065669
0.46 3.4691843131122555
0.47 3.470558966523441
0.48 3.4719023849273536
0.49 3.4732145562332377
0.5 3.4744954686315594
0.51 3.475745110594117
0.52 3.47696347087414
0.53 3.478150538506395
0.54 3.4793063028072804
0.55 3.480430753374926
0.56 3.4815238800892843
0.57 3.482585673112222
0.58 3.483616122887609
0.59 3.4846152201414045
0.6 3.48558295588174
0.61 3.4865193213990007
0.62 3.487424308265902
0.63 3.488297908337569
0.64 3.4891401137516076
0.65 3.4899509169281737
0.66 3.4907303105700445
0.67 3.491478287662683
0.68 3.4921948414743
0.69 3.4928799655559155
0.7 3.4935336537414186
0.71 3.494155900147619
0.72 3.4947466991743035
0.73 3.495306045504285
0.74 3.4958339341034503
0.75 3.496330360220806
0.76 3.4967953193885197
0.77 3.4972288074219615
0.78 3.4976308204197437
0.79 3.498001354763751
0.8 3.498340407119177
0.81 3.498647974434552
0.82 3.498924053941774
0.83 3.4991686431561275
0.84 3.499381739876312
0.85 3.4995633421844587
0.86 3.4997134484461476
0.87 3.4998320573104236
0.88 3.4999191677098076
0.89 3.499974778860307
0.9 3.499998890261421
0.91 3.4999915016961483
0.92 3.4999526132309846
0.93 3.4998822252159267
0.94 3.499780338284466
0.95 3.4996469533535848
0.96 3.499482071623745
0.97 3.499285694578883
0.98 3.4990578239863894
0.99 3.498798461897099
1.0 3.4985076106452677
1.01 3.498185272848556
1.02 3.497831451408002
1.03 3.497446149507995
1.04 3.49702937061625
1.05 3.4965811184837747
1.06 3.4961013971448347
1.07 3.4955902109169195
1.08 3.495047564400701
1.09 3.4944734624799945
1.1 3.493867910321714
1.11 3.4932309133758235
1.12 3.4925624773752917
1.13 3.4918626083360387
1.14 3.4911313125568806
1.15 3.490368596619475
1.16 3.4895744673882594
1.17 3.4887489320103917
1.18 3.4878919979156855
1.19 3.487003672816541
1.2 3.4860839647078787
1.21 3.485132881867065
1.22 3.484150432853839
1.23 3.4831366265102353
1.24 3.482091471960504
1.25 3.4810149786110296
1.26 3.479907156150244
1.27 3.478768014548543
1.28 3.4775975640581924
1.29 3.4763958152132393
1.3 3.475162778829415
1.31 3.473898466004038
1.32 3.4726028881159166
1.33 3.4712760568252414
1.34 3.4699179840734864
1.35 3.4685286820832966
1.36 3.4671081633583802
1.37 3.4656564406833974
1.38 3.464173527123841
1.39 3.4626594360259237
1.4 3.461114181016455
1.41 3.45953777600272
1.42 3.4579302351723524
1.43 3.45629157299321
1.44 3.45462180421324
1.45 3.452920943860351
1.46 3.451189007242274
1.47 3.449426009946428
1.48 3.447631967839776
1.49 3.4458068970686844
1.5 3.443950814058779
1.51 3.4420637355147936
1.52 3.4401456784204223
1.53 3.4381966600381664
1.54 3.436216697909178
1.55 3.4342058098531028
1.56 3.4321640139679195
1.57 3.4300913286297776
1.58 3.427987772492832
1.59 3.425853364489072
1.6 3.4236881238281565
1.61 3.421492069997236
1.62 3.419265222760781
1.63 3.417007602160401
1.64 3.4147192285146666
1.65 3.4124001224189247
1.66 3.410050304745115
1.67 3.40766979664158
1.68 3.405258619532877
1.69 3.402816795119584
1.7 3.4003443453781035
1.71 3.397841292560467
1.72 3.3953076591941334
1.73 3.392743468081785
1.74 3.390148742301125
1.75 3.3875235052046677
1.76 3.3848677804195293
1.77 3.3821815918472153
1.78 3.3794649636634038
1.79 3.376717920317731
1.8 3.3739404865335683
1.81 3.371132687307801
1.82 3.368294547910603
1.83 3.365426093885209
1.84 3.362527351047688
1.85 3.3595983454867038
1.86 3.3566391035632877
1.87 3.3536496519105965
1.88 3.3506300174336756
1.89 3.347580227309215
1.9 3.344500308985304
1.91 3.3413902901811876
1.92 3.3382501988870144
1.93 3.3350800633635833
1.94 3.331879912142095
1.95 3.328649774023887
1.96 3.3253896780801813
1.97 3.322099653651819
1.98 3.3187797303489983
1.99 3.315429938051006
2.0 3.3120503069059506
2.01 3.3086408673304892
2.02 3.3052016500095553
2.03 3.3017326858960816
2.04 3.298234006210721
2.05 3.294705642441568
2.06 3.2911476263438724
2.07 3.287559989939755
2.08 3.283942765517918
2.09 3.2802959856333587
2.1 3.276619683107071
2.11 3.2729138910257527
2.12 3.2691786427415064
2.13 3.265413971871543
2.14 3.261619912297874
2.15 3.257796498167011
2.16 3.2539437638896542
2.17 3.2500617441403863
2.18 3.2461504738573588
2.19 3.242209988241979
2.2 3.238240322758589
2.21 3.234241513134152
2.22 3.2302135953579287
2.23 3.2261566056811515
2.24 3.2220705806166987
2.25 3.2179555569387697
2.26 3.21381157168255
2.27 3.209638662143878
2.28 3.2054368658789114
2.29 3.2012062207037886
2.3 3.196946764694288
2.31 3.1926585361854847
2.32 3.188341573771406
2.33 3.183995916304684
2.34 3.1796216028962085
2.35 3.1752186729147684
2.36 3.1707871659867046
2.37 3.16632712199555
2.38 3.1618385810816703
2.39 3.1573215836419037
2.4 3.1527761703291954
2.41 3.148202382052236
2.42 3.1436002599750887
2.43 3.13896984551682
2.44 3.13431118035113
2.45 3.129624306405973
2.46 3.124909265863184
2.47 3.120166101158096
2.48 3.115394854979158
2.49 3.1105955702675536
2.5 3.105768290216814
2.51 3.1009130582724262
2.52 3.096029918131445
2.53 3.0911189137420987
2.54 3.0861800893033937
2.55 3.081213489264717
2.56 3.076219158325435
2.57 3.071197141434493
2.58 3.066147483790008
2.59 3.0610702308388658
2.6 3.0559654282763073
2.61 3.050833122045523
2.62 3.0456733583372326
2.63 3.040486183589277
2.64 3.035271644486191
2.65 3.030029787958794
2.66 3.024760661183757
2.67 3.0194643115831865
2.68 3.014140786824193
2.69 3.008790134818464
2.7 3.00341240372183
2.71 2.9980076419338375
2.72 2.9925758980973027
2.73 2.987117221097886
2.74 2.981631660063641
2.75 2.976119264364582
2.76 2.9705800836122327
2.77 2.9650141676591817
2.78 2.9594215665986368
2.79 2.953802330763968
2.8 2.9481565107282597
2.81 2.9424841573038565
2.82 2.936785321541898
2.83 2.9310600547318693
2.84 2.9253084084011323
2.85 2.9195304343144657
2.86 2.9137261844735978
2.87 2.907895711116737
2.88 2.9020390667181037
2.89 2.8961563039874596
2.9 2.890247475869628
2.91 2.884312635544023
2.92 2.8783518364241667
2.93 2.872365132157212
2.94 2.8663525766234574
2.95 2.8603142239358594
2.96 2.8542501284395536
2.97 2.848160344711359
2.98 2.8420449275592854
2.99 2.8359039320220485
3.0 2.8297374133685653
3.01 2.8235454270974634
3.02 2.8173280289365756
3.03 2.8110852748424446
3.04 2.8048172209998157
3.05 2.7985239238211292
3.06 2.7922054399460188
3.07 2.7858618262407955
3.08 2.779493139797941
3.09 2.773099437935591
3.1 2.7666807781970166
3.11 2.760237218350114
3.12 2.753768816386878
3.13 2.747275630522883
3.14 2.740757719196756
3.15 2.734215141069657
3.16 2.7276479550247443
3.17 2.7210562201666484
3.18 2.7144399958209373
3.19 2.707799341533587
3.2 2.701134317070441
3.21 2.694444982416673
3.22 2.687731397776251
3.23 2.680993623571391
3.24 2.674231720442015
3.25 2.6674457492452084
3.26 2.660635771054662
3.27 2.653801847160135
3.28 2.6469440390668986
3.29 2.6400624084951763
3.3 2.633157017379598
3.31 2.6262279278686362
3.32 2.619275202324052
3.33 2.6122989033203265
3.34 2.6052990936441036
3.35 2.5982758362936256
3.36 2.5912291944781574
3.37 2.5841592316174298
3.38 2.577066011341061
3.39 2.5699495974879847
3.4 2.5628100541058787
3.41 2.5556474454505858
3.42 2.5484618359855333
3.43 2.54125329038116
3.44 2.534021873514326
3.45 2.5267676504677348
3.46 2.519490686529345
3.47 2.512191047191783
3.48 2.5048687981517532
3.49 2.4975240053094496
3.5 2.490156734767955
3.51 2.4827670528326578
3.52 2.475355026010642
3.53 2.467920721010101
3.54 2.460464204739729
3.55 2.452985544308123
3.56 2.445484807023176
3.57 2.4379620603914733
3.58 2.4304173721176823
3.59 2.4228508101039488
3.6 2.4152624424492775
3.61 2.407652337448927
3.62 2.4000205635937917
3.63 2.3923671895697836
3.64 2.384692284257218
3.65 2.376995916730192
3.66 2.369278156255959
3.67 2.3615390722943133
3.68 2.3537787344969563
3.69 2.3459972127068767
3.7 2.338194576957718
3.71 2.3303708974731503
3.72 2.3225262446662347
3.73 2.3146606891387957
3.74 2.3067743016807767
3.75 2.2988671532696148
3.76 2.29093931506959
3.77 2.2829908584311926
3.78 2.27502185489048
3.79 2.26703237616843
3.8 2.259022494170298
3.81 2.250992280984965
3.82 2.242941808884299
3.83 2.234871150322492
3.84 2.226780377935417
3.85 2.218669564539972
3.86 2.2105387831334213
3.87 2.202388106892744
3.88 2.194217609173972
3.89 2.186027363511527
3.9 2.1778174436175677
3.91 2.1695879233813145
3.92 2.1613388768683954
3.93 2.153070378320174
3.94 2.1447825021530806
3.95 2.136475322957945
3.96 2.1281489154993256
3.97 2.1198033547148305
3.98 2.1114387157144527
3.99 2.1030550737798843
4.0 2.0946525043638475
4.01 2.0862310830894106
4.02 2.0777908857493093
4.03 2.069331988305258
4.04 2.0608544668872835
4.05 2.052358397793017
4.06 2.043843857487023
4.07 2.0353109226001074
4.08 2.0267596699286266
4.09 2.0181901764337975
4.1 2.009602519241004
4.11 2.0009967756391003
4.12 1.9923730230797243
4.13 1.9837313391765898
4.14 1.9750718017047908
4.15 1.966394488600109
4.16 1.9576994779583028
4.17 1.9489868480344092
4.18 1.94025667724204
4.19 1.93150904415267
4.2 1.922744027494943
4.21 1.9139617061539473
4.22 1.9051621591705137
4.23 1.8963454657405079
4.24 1.8875117052141102
4.25 1.8786609570951065
4.26 1.8697933010401713
4.27 1.8609088168581465
4.28 1.8520075845093313
4.29 1.8430896841047573
4.3 1.8341551959054663
4.31 1.8252042003217928
4.32 1.8162367779126363
4.33 1.8072530093847383
4.34 1.798252975591956
4.35 1.7892367575345305
4.36 1.7802044363583642
4.37 1.7711560933542885
4.38 1.7620918099573266
4.39 1.7530116677459693
4.4 1.743915748441435
4.41 1.7348041339069362
4.42 1.7256769061469435
4.43 1.7165341473064424
4.44 1.7073759396702022
4.45 1.698202365662031
4.46 1.6890135078440305
4.47 1.6798094489158601
4.48 1.6705902717139882
4.49 1.6613560592109475
4.5 1.6521068945145894
4.51 1.642842860867331
4.52 1.6335640416454151
4.53 1.6242705203581498
4.54 1.6149623806471651
4.55 1.6056397062856553
4.56 1.5963025811776272
4.57 1.5869510893571437
4.58 1.577585314987569
4.59 1.5682053423608069
4.6 1.5588112558965503
4.61 1.5494031401415114
4.62 1.5399810797686695
4.63 1.5305451595765045
4.64 1.5210954644882344
4.65 1.5116320795510514
4.66 1.5021550899353573
4.67 1.492664580933992
4.68 1.4831606379614755
4.69 1.4736433465532268
4.7 1.4641127923648063
4.71 1.4545690611711375
4.72 1.4450122388657363
4.73 1.4354424114599393
4.74 1.4258596650821294
4.75 1.4162640859769573
4.76 1.4066557605045724
4.77 1.3970347751398366
4.78 1.3874012164715546
4.79 1.377755171201689
4.8 1.3680967261445827
4.81 1.3584259682261772
4.82 1.3487429844832255
4.83 1.3390478620625175
4.84 1.3293406882200909
4.85 1.3196215503204418
4.86 1.3098905358357475
4.87 1.3001477323450723
4.88 1.290393227533582
4.89 1.2806271091917556
4.9 1.2708494652145892
4.91 1.2610603836008139
4.92 1.2512599524521
4.93 1.2414482599722587
4.94 1.2316253944664572
4.95 1.221791444340419
4.96 1.2119464980996288
4.97 1.202090644348538
4.98 1.1922239717897605
4.99 1.1823465692232844
5.0 1.1724585255456679
5.01 1.1625599297492337
5.02 1.1526508709212795
5.03 1.142731438243267
5.04 1.1328017209900239
5.05 1.1228618085289397
5.06 1.112911790319158
5.07 1.1029517559107729
5.08 1.0929817949440321
5.09 1.0830019971485134
5.1 1.0730124523423303
5.11 1.063013250431319
5.12 1.053004481408229
5.13 1.042986235351916
5.14 1.0329586024265247
5.15 1.0229216728806811
5.16 1.0128755370466893
5.17 1.0028202853396995
5.18 0.9927560082569107
5.19 0.9826827963767486
5.2 0.9726007403580521
5.21 0.9625099309392593
5.22 0.9524104589375847
5.23 0.9423024152482055
5.24 0.9321858908434527
5.25 0.922060976771973
5.26 0.9119277641579262
5.27 0.9017863442001591
5.28 0.8916368081713781
5.29 0.8814792474173452
5.3 0.8713137533560356
5.31 0.8611404174768255
5.32 0.8509593313396708
5.33 0.8407705865742782
5.34 0.8305742748792815
5.35 0.8203704880214188
5.36 0.8101593178346984
5.37 0.7999408562195891
5.38 0.7897151951421734
5.39 0.7794824266333304
5.4 0.7692426427879093
5.41 0.7589959357638956
5.42 0.748742397781583
5.43 0.738482121122746
5.44 0.7282151981298006
5.45 0.7179417212049906
5.46 0.7076617828095358
5.47 0.697375475462811
5.48 0.6870828917415142
5.49 0.6767841242788296
5.5 0.6664792657635946
5.51 0.6561684089394682
5.52 0.6458516466040889
5.53 0.6355290716082497
5.54 0.6252007768550573
5.55 0.6148668552990918
5.56 0.604527399945579
5.57 0.5941825038495472
5.58 0.5838322601149915
5.59 0.5734767618940371
5.6 0.5631161023860951
5.61 0.5527503748370327
5.62 0.5423796725383294
5.63 0.5320040888262328
5.64 0.5216237170809277
5.65 0.5112386507256899
5.66 0.5008489832260464
5.67 0.4904548080889362
5.68 0.4800562188618621
5.69 0.4696533091320587
5.7 0.4592461725256448
5.71 0.4488349027067766
5.72 0.4384195933768136
5.73 0.4280003382734695
5.74 0.41757723116997003
5.75 0.40715036587421016
5.76 0.3967198362279042
5.77 0.3862857361057515
5.78 0.3758481594145798
5.79 0.3654072000925104
5.8 0.3549629521081066
5.81 0.34451550945952975
5.82 0.3340649661736933
5.83 0.3236114163054178
5.84 0.3131549539365784
5.85 0.3026956731752688
5.86 0.2922336681549424
5.87 0.28176903303357514
5.88 0.2713018619928125
5.89 0.2608322492371232
5.9 0.25036028899295143
5.91 0.23988607550787017
5.92 0.229409703049727
5.93 0.21893126590580647
5.94 0.20845085838196903
5.95 0.1979685748018132
5.96 0.18748450950582043
5.97 0.17699875685050764
5.98 0.16651141120757793
5.99 0.15602256696307285
6.0 0.14553231851651827
6.01 0.13504076028007783
6.02 0.12454798667770636
6.03 0.11405409214429554
6.04 0.10355917112482525
6.05 0.09306331807351387
6.06 0.08256662745296957
6.07 0.07206919373333394
6.08 0.06157111139144275
6.09 0.051072474909963084
6.1 0.04057337877655397
6.11 0.030073917483009728
6.12 0.019574185524411144
6.13 0.009074277398274965
6.14 -0.0014257123962949916
6.15 -0.01192568935946456
6.16 -0.02242555899150884
6.17 -0.03292522679367512
6.18 -0.0434245982690225
6.19 -0.05392357892327858
6.2 -0.06442207426568833
6.21 -0.07491998980986454
6.22 -0.08541723107463663
6.23 -0.09591370358490714
6.24 -0.10640931287249127
6.25 -0.11690396447697934
6.26 -0.12739756394657625
6.27 -0.13789001683895757
6.28 -0.1483812287221181
6.29 -0.15887110517522166
6.3 -0.16935955178944953
6.31 -0.1798464741688544
6.32 -0.19033177793120734
6.33 -0.20081536870884362
6.34 -0.211297152149517
6.35 -0.22177703391724732
6.36 -0.23225491969316936
6.37 -0.2427307151763819
6.38 -0.25320432608479465
6.39 -0.2636756581559819
6.4 -0.27414461714802696
6.41 -0.2846111088403683
6.42 -0.29507503903465115
6.43 -0.3055363135555744
6.44 -0.3159948382517381
6.45 -0.3264505189964904
6.46 -0.33690326168877377
6.47 -0.3473529722539761
6.48 -0.35779955664477425
6.49 -0.36824292084197774
6.5 -0.3786829708553793
6.51 -0.38911961272459933
6.52 -0.3995527525199298
6.53 -0.4099822963431876
6.54 -0.4204081503285427
6.55 -0.43083022064338256
6.56 -0.44124841348914634
6.57 -0.4516626351021671
6.58 -0.46207279175452054
6.59 -0.4724787897548673
6.6 -0.48288053544929394
6.61 -0.4932779352221641
6.62 -0.5036708954969438
6.63 -0.5140593227370638
6.64 -0.5244431234467506
6.65 -0.5348222041718662
6.66 -0.5451964715007545
6.67 -0.5555658320650794
6.68 -0.5659301925406657
6.69 -0.5762894596483391
6.7 -0.5866435401547626
6.71 -0.5969923408732877
6.72 -0.6073357686647745
6.73 -0.6176737304384429
6.74 -0.6280061331527066
6.75 -0.6383328838160109
6.76 -0.6486538894876698
6.77 -0.6589690572786986
6.78 -0.669278294352663
6.79 -0.6795815079264959
6.8 -0.6898786052713445
6.81 -0.7001694937134024
6.82 -0.710454080634743
6.83 -0.7207322734741535
6.84 -0.7310039797279676
6.85 -0.7412691069508954
6.86 -0.7515275627568673
6.87 -0.7617792548198472
6.88 -0.7720240908746756
6.89 -0.7822619787178974
6.9 -0.792492826208591
6.91 -0.802716541269198
6.92 -0.812933031886352
6.93 -0.8231422061117033
6.94 -0.8333439720627588
6.95 -0.8435382379236906
6.96 -0.8537249119461753
6.97 -0.863903902450215
6.98 -0.8740751178249638
6.99 -0.8842384665295524
7.0 -0.8943938570939108
7.01 -0.9045411981195896
7.02 -0.9146803982805938
7.03 -0.9248113663241876
7.04 -0.9349340110717269
7.05 -0.9450482414194775
7.06 -0.9551539663394344
7.07 -0.9652510948801416
7.08 -0.97533953616751
7.09 -0.9854191994056337
7.1 -0.9954899938776174
7.11 -1.0055518289463754
7.12 -1.0156046140554607
7.13 -1.0256482587298748
7.14 -1.0356826725768833
7.15 -1.0457077652868294
7.16 -1.0557234466339467
7.17 -1.0657296264771672
7.18 -1.0757262147609463
7.19 -1.0857131215160536
7.2 -1.0956902568603957
7.21 -1.105657530999822
7.22 -1.1156148542289326
7.23 -1.1255621369318856
7.24 -1.1354992895832035
7.25 -1.145426222748577
7.26 -1.1553428470856801
7.27 -1.1652490733449583
7.28 -1.1751448123704418
7.29 -1.1850299751005462
7.3 -1.1949044725688733
7.31 -1.2047682159050102
7.32 -1.214621116335342
7.33 -1.2244630851838196
7.34 -1.2342940338727988
7.35 -1.2441138739238042
7.36 -1.2539225169583423
7.37 -1.2637198746986917
7.38 -1.273505858968699
7.39 -1.2832803816945688
7.4 -1.2930433549056712
7.41 -1.3027946907353019
7.42 -1.3125343014215125
7.43 -1.32226209930787
7.44 -1.3319779968442589
7.45 -1.3416819065876673
7.46 -1.3513737412029727
7.47 -1.361053413463726
7.48 -1.370720836252951
7.49 -1.3803759225638965
7.5 -1.3900185855008593
7.51 -1.3996487382799352
7.52 -1.4092662942298142
7.53 -1.4188711667925575
7.54 -1.4284632695243773
7.55 -1.4380425160964105
7.56 -1.4476088202955084
7.57 -1.4571620960249951
7.58 -1.4667022573054533
7.59 -1.4762292182754961
7.6 -1.4857428931925392
7.61 -1.495243196433572
7.62 -1.50473004249593
7.63 -1.5142033459980593
7.64 -1.5236630216802987
7.65 -1.5331089844056274
7.66 -1.5425411491604453
7.67 -1.5519594310553326
7.68 -1.561363745325816
7.69 -1.570754007333131
7.7 -1.5801301325649824
7.71 -1.589492036636304
7.72 -1.5988396352900276
7.73 -1.6081728443978256
7.74 -1.6174915799608793
7.75 -1.6267957581106314
7.76 -1.6360852951095415
7.77 -1.645360107351839
7.78 -1.6546201113642767
7.79 -1.6638652238068778
7.8 -1.6730953614736988
7.81 -1.6823104412935597
7.82 -1.6915103803308045
7.83 -1.7006950957860443
7.84 -1.7098645049969015
7.85 -1.719018525438755
7.86 -1.7281570747254835
7.87 -1.7372800706102016
7.88 -1.7463874309860135
7.89 -1.7554790738867347
7.9 -1.76455491748764
7.91 -1.7736148801061993
7.92 -1.7826588802028092
7.93 -1.7916868363815301
7.94 -1.8006986673908176
7.95 -1.809694292124251
7.96 -1.818673629621273
7.97 -1.8276365990679047
7.98 -1.836583119797481
7.99 -1.845513111291376
8.0 -1.854426493179727
8.01 -1.8633231852421561
8.02 -1.8722031074084935
8.03 -1.8810661797595039
8.04 -1.8899123225275938
8.05 -1.8987414560975375
8.06 -1.9075535010071931
8.07 -1.9163483779482156
8.08 -1.9251260077667722
8.09 -1.9338863114642533
8.1 -1.9426292101979818
8.11 -1.9513546252819347
8.12 -1.960062478187431
8.13 -1.9687526905438544
8.14 -1.9774251841393522
8.15 -1.9860798809215399
8.16 -1.9947167029982054
8.17 -2.0033355726380084
8.18 -2.0119364122711776
8.19 -2.0205191444902195
8.2 -2.0290836920506
8.21 -2.0376299778714477
8.22 -2.0461579250362485
8.23 -2.0546674567935357
8.24 -2.063158496557581
8.25 -2.071630967909083
8.26 -2.080084794595855
8.27 -2.088519900533519
8.28 -2.0969362098061755
8.29 -2.1053336466670984
8.3 -2.113712135539412
8.31 -2.1220716010167733
8.32 -2.13041196786405
8.33 -2.138733161017995
8.34 -2.1470351055879258
8.35 -2.155317726856401
8.36 -2.163580950279883
8.37 -2.1718247014894163
8.38 -2.180048906291296
8.39 -2.1882534906677344
8.4 -2.196438380777528
8.41 -2.20460350295672
8.42 -2.212748783719264
8.43 -2.2208741497576936
8.44 -2.2289795279437663
8.45 -2.237064845329132
8.46 -2.2451300291459915
8.47 -2.253175006807742
8.48 -2.2611997059096405
8.49 -2.269204054229449
8.5 -2.2771879797280845
8.51 -2.2851514105502755
8.52 -2.2930942750251964
8.53 -2.301016501667121
8.54 -2.3089180191760614
8.55 -2.316798756438415
8.56 -2.324658642527599
8.57 -2.332497606704692
8.58 -2.340315578419066
8.59 -2.3481124873090335
8.6 -2.355888263202466
8.61 -2.3636428361174313
8.62 -2.371376136262826
8.63 -2.3790880940390013
8.64 -2.3867786400383895
8.65 -2.3944477050461277
8.66 -2.4020952200406804
8.67 -2.4097211161944694
8.68 -2.4173253248744784
8.69 -2.4249077776428805
8.7 -2.432468406257652
8.71 -2.440007142673186
8.72 -2.4475239190409064
8.73 -2.4550186677098758
8.74 -2.462491321227405
8.75 -2.4699418123396675
8.76 -2.477370073992291
8.77 -2.4847760393309706
8.78 -2.4921596417020684
8.79 -2.499520814653211
8.8 -2.506859491933898
8.81 -2.5141756074960764
8.82 -2.521469095494756
8.83 -2.5287398902885982
8.84 -2.5359879264404963
8.85 -2.543213138718175
8.86 -2.5504154620947714
8.87 -2.5575948317494226
8.88 -2.564751183067856
8.89 -2.5718844516429513
8.9 -2.5789945732753408
8.91 -2.5860814839739805
8.92 -2.5931451199567204
8.93 -2.6001854176508847
8.94 -2.607202313693841
8.95 -2.614195744933571
8.96 -2.6211656484292463
8.97 -2.628111961451777
8.98 -2.6350346214843916
8.99 -2.6419335662232015
9.0 -2.648808733577749
9.01 -2.6556600616715733
9.02 -2.6624874888427685
9.03 -2.6692909536445337
9.04 -2.676070394845736
9.05 -2.6828257514314497
9.06 -2.689556962603506
9.07 -2.6962639677810554
9.08 -2.7029467066010944
9.09 -2.709605118919019
9.1 -2.716239144809163
9.11 -2.7228487245653366
9.12 -2.7294337987013697
9.13 -2.735994307951641
9.14 -2.7425301932716044
9.15 -2.7490413958383417
9.16 -2.7555278570510735
9.17 -2.761989518531691
9.18 -2.7684263221252854
9.19 -2.7748382099006657
9.2 -2.7812251241508887
9.21 -2.78758700739377
9.22 -2.7939238023723965
9.23 -2.800235452055663
9.24 -2.806521899638762
9.25 -2.8127830885437093
9.26 -2.8190189624198454
9.27 -2.8252294651443464
9.28 -2.8314145408227325
9.29 -2.837574133789364
9.3 -2.843708188607945
9.31 -2.849816650072023
9.32 -2.8558994632054873
9.33 -2.86195657326306
9.34 -2.867987925730791
9.35 -2.8739934663265476
9.36 -2.8799731410005087
9.37 -2.885926895935641
9.38 -2.8918546775481895
9.39 -2.89775643248816
9.4 -2.903632107639798
9.41 -2.909481650122067
9.42 -2.9153050072891236
9.43 -2.921102126730791
9.44 -2.9268729562730376
9.45 -2.9326174439784336
9.46 -2.9383355381466294
9.47 -2.944027187314815
9.48 -2.9496923402581876
9.49 -2.955330945990408
9.5 -2.9609429537640626
9.51 -2.9665283130711186
9.52 -2.9720869736433824
9.53 -2.9776188854529453
9.54 -2.9831239987126374
9.55 -2.9886022638764778
9.56 -2.994053631640116
9.57 -2.9994780529412792
9.58 -3.004875478960213
9.59 -3.010245861120117
9.6 -3.015589151087592
9.61 -3.020905300773062
9.62 -3.0261942623312166
9.63 -3.0314559881614365
9.64 -3.036690430908225
9.65 -3.041897543461634
9.66 -3.0470772789576843
9.67 -3.05222959077879
9.68 -3.057354432554183
9.69 -3.0624517581603197
9.7 -3.067521521721305
9.71 -3.0725636776093004
9.72 -3.0775781804449367
9.73 -3.082564985097723
9.74 -3.087524046686451
9.75 -3.0924553205795977
9.76 -3.097358762395735
9.77 -3.1022343280039175
9.78 -3.1070819735240884
9.79 -3.1119016553274705
9.8 -3.1166933300369597
9.81 -3.1214569545275164
9.82 -3.126192485926552
9.83 -3.1308998816143148
9.84 -3.135579099224278
9.85 -3.1402300966435135
9.86 -3.1448528320130755
9.87 -3.1494472637283772
9.88 -3.154013350439564
9.89 -3.158551051051887
9.9 -3.16306032472607
9.91 -3.1675411308786803
9.92 -3.1719934291824945
9.93 -3.176417179566857
9.94 -3.1808123422180445
9.95 -3.1851788775796224
9.96 -3.189516746352802
9.97 -3.193825909496794
9.98 -3.1981063282291586
9.99 -3.2023579640261546
