0.0 2.796117257901679
0.01 2.8015176501785892
0.02 2.806848004660158
0.03 2.812108188087799
0.04 2.8172980689572027
0.05 2.8224175175216164
0.06 2.8274664057950925
0.07 2.8324446075556877
0.08 2.837351998348617
0.09 2.842188455489366
0.1 2.8469538580667586
0.11 2.8516480869459784
0.12 2.856271024771547
0.13 2.8608225559702607
0.14 2.865302566754077
0.15 2.8697109451229577
0.16 2.874047580867675
0.17 2.87831236557256
0.18 2.882505192618218
0.19 2.8866259571841906
0.2 2.8906745562515788
0.21 2.8946508886056166
0.22 2.898554854838202
0.23 2.902386357350383
0.24 2.9061453003547957
0.25 2.9098315898780616
0.26 2.9134451337631337
0.27 2.916985841671604
0.28 2.9204536250859583
0.29 2.9238483973117924
0.3 2.927170073479977
0.31 2.930418570548782
0.32 2.9335938073059484
0.33 2.936695704370724
0.34 2.9397241841958426
0.35 2.942679171069467
0.36 2.9455605911170792
0.37 2.9483683723033276
0.38 2.95110244443383
0.39 2.953762739156924
0.4 2.9563491899653807
0.41 2.9588617321980646
0.42 2.961300303041551
0.43 2.9636648415316955
0.44 2.9659552885551594
0.45 2.968171586850886
0.46 2.9703136810115334
0.47 2.9723815174848593
0.48 2.9743750445750594
0.49 2.9762942124440603
0.5 2.9781389731127654
0.51 2.9799092804622545
0.52 2.9816050902349347
0.53 2.983226360035651
0.54 2.984773049332743
0.55 2.986245119459058
0.56 2.98764253361292
0.57 2.988965256859048
0.58 2.9902132561294303
0.59 2.9913865002241486
0.6 2.9924849598121632
0.61 2.993508607432041
0.62 2.9944574174926446
0.63 2.995331366273772
0.64 2.996130431926749
0.65 2.9968545944749767
0.66 2.997503835814428
0.67 2.998078139714104
0.68 2.9985774918164374
0.69 2.9990018796376505
0.7 2.999351292568071
0.71 2.999625721872393
0.72 2.999825160689899
0.73 2.999949604034628
0.74 2.999999048795504
0.75 2.9999734937364093
0.76 2.9998729394962202
0.77 2.9996973885887868
0.78 2.9994468454028724
0.79 2.9991213162020447
0.8 2.9987208091245154
0.81 2.9982453341829416
0.82 2.9976949032641715
0.83 2.99706953012895
0.84 2.996369230411572
0.85 2.9955940216194947
0.86 2.9947439231328974
0.87 2.9938189562041977
0.88 2.992819143957521
0.89 2.9917445113881214
0.9 2.9905950853617567
0.91 2.9893708946140176
0.92 2.98807196974961
0.93 2.9866983432415872
0.94 2.9852500494305407
0.95 2.98372712452374
0.96 2.9821296065942278
0.97 2.9804575355798706
0.98 2.9787109532823557
0.99 2.97688990336615
1.0 2.9749944313574055
1.01 2.9730245846428254
1.02 2.970980412468474
1.03 2.9688619659385496
1.04 2.9666692980141045
1.05 2.964402463511723
1.06 2.962061519102149
1.07 2.959646523308872
1.08 2.9571575365066605
1.09 2.9545946209200546
1.1 2.9519578406218105
1.11 2.949247261531299
1.12 2.9464629514128555
1.13 2.943604979874088
1.14 2.9406734183641365
1.15 2.9376683401718857
1.16 2.9345898204241343
1.17 2.931437936083715
1.18 2.9282127659475727
1.19 2.9249143906447927
1.2 2.921542892634586
1.21 2.918098356204226
1.22 2.914580867466946
1.23 2.91099051435978
1.24 2.907327386641369
1.25 2.903591575889715
1.26 2.8997831754998926
1.27 2.895902280681713
1.28 2.8919489884573446
1.29 2.887923397658887
1.3 2.8838256089259
1.31 2.879655724702889
1.32 2.8754138492367427
1.33 2.871100088574126
1.34 2.866714550558832
1.35 2.8622573448290813
1.36 2.857728582814786
1.37 2.8531283777347602
1.38 2.8484568445938914
1.39 2.8437141001802644
1.4 2.8389002630622433
1.41 2.834015453585505
1.42 2.829059793870032
1.43 2.8240334078070584
1.44 2.818936421055975
1.45 2.8137689610411845
1.46 2.808531156948918
1.47 2.8032231397240057
1.48 2.7978450420666015
1.49 2.792396998428867
1.5 2.786879145011608
1.51 2.7812916197608737
1.52 2.775634562364505
1.53 2.769908114248641
1.54 2.7641124185741863
1.55 2.7582476202332313
1.56 2.7523138658454296
1.57 2.7463113037543314
1.58 2.7402400840236756
1.59 2.73410035843364
1.6 2.727892280477045
1.61 2.7216160053555156
1.62 2.715271689975603
1.63 2.7088594929448617
1.64 2.702379574567882
1.65 2.6958320968422873
1.66 2.68921722345468
1.67 2.6825351197765483
1.68 2.6757859528601387
1.69 2.668969891434271
1.7 2.6620871059001265
1.71 2.6551377683269846
1.72 2.6481220524479223
1.73 2.641040133655472
1.74 2.633892188997234
1.75 2.626678397171453
1.76 2.6193989385225493
1.77 2.612053995036609
1.78 2.604643750336838
1.79 2.5971683896789663
1.8 2.589628099946621
1.81 2.582023069646654
1.82 2.5743534889044266
1.83 2.5666195494590567
1.84 2.5588214446586286
1.85 2.550959369455356
1.86 2.5430335204007095
1.87 2.5350440956405023
1.88 2.5269912949099376
1.89 2.5188753195286138
1.9 2.5106963723954934
1.91 2.5024546579838285
1.92 2.4941503823360494
1.93 2.485783753058616
1.94 2.477354979316824
1.95 2.4688642718295783
1.96 2.4603118428641233
1.97 2.451697906230737
1.98 2.443022677277388
1.99 2.4342863728843476
2.0 2.4254892114587703
2.01 2.4166314129292346
2.02 2.407713198740242
2.03 2.398734791846682
2.04 2.38969641670826
2.05 2.380598299283884
2.06 2.371440667026014
2.07 2.362223748874982
2.08 2.3529477752532597
2.09 2.343612978059706
2.1 2.3342195906637637
2.11 2.324767847899629
2.12 2.315257986060378
2.13 2.305690242892062
2.14 2.2960648575877607
2.15 2.286382070781607
2.16 2.2766421245427653
2.17 2.2668452623693858
2.18 2.2569917291825123
2.19 2.2470817713199605
2.2 2.237115636530161
2.21 2.2270935739659645
2.22 2.2170158341784125
2.23 2.2068826691104766
2.24 2.196694332090753
2.25 2.18645107782714
2.26 2.1761531624004586
2.27 2.1658008432580584
2.28 2.1553943792073786
2.29 2.144934030409479
2.3 2.134420058372534
2.31 2.1238527259452966
2.32 2.1132322973105286
2.33 2.102559037978391
2.34 2.0918332147798133
2.35 2.0810550958598153
2.36 2.0702249506708092
2.37 2.0593430499658605
2.38 2.04840966579192
2.39 2.037425071483022
2.4 2.026389541653453
2.41 2.015303352190883
2.42 2.0041667802494727
2.43 1.9929801042429403
2.44 1.9817436038376022
2.45 1.9704575599453842
2.46 1.9591222547167955
2.47 1.9477379715338752
2.48 1.9363049950031124
2.49 1.9248236109483223
2.5 1.913294106403511
2.51 1.9017167696056902
2.52 1.8900918899876766
2.53 1.8784197581708557
2.54 1.866700665957915
2.55 1.854934906325549
2.56 1.8431227734171354
2.57 1.8312645625353827
2.58 1.8193605701349442
2.59 1.8074110938150114
2.6 1.7954164323118693
2.61 1.783376885491431
2.62 1.7712927543417392
2.63 1.7591643409654432
2.64 1.7469919485722456
2.65 1.7347758814713239
2.66 1.722516445063717
2.67 1.7102139458346985
2.68 1.6978686913461085
2.69 1.685480990228665
2.7 1.673051152174251
2.71 1.660579487928171
2.72 1.6480663092813796
2.73 1.6355119290626947
2.74 1.6229166611309647
2.75 1.610280820367234
2.76 1.5976047226668635
2.77 1.5848886849316344
2.78 1.5721330250618282
2.79 1.5593380619482775
2.8 1.5465041154643935
2.81 1.533631506458169
2.82 1.5207205567441604
2.83 1.5077715890954362
2.84 1.4947849272355156
2.85 1.4817608958302675
2.86 1.4686998204797985
2.87 1.4556020277103123
2.88 1.4424678449659458
2.89 1.4292976006005826
2.9 1.416091623869648
2.91 1.4028502449218703
2.92 1.3895737947910356
2.93 1.3762626053877045
2.94 1.3629170094909193
2.95 1.349537340739882
2.96 1.3361239336256145
2.97 1.322677123482595
2.98 1.309197246480379
2.99 1.2956846396151869
3.0 1.2821396407014893
3.01 1.2685625883635523
3.02 1.254953822026977
3.03 1.241313681910213
3.04 1.2276425090160532
3.05 1.2139406451231076
3.06 1.2002084327772584
3.07 1.1864462152831023
3.08 1.1726543366953566
3.09 1.1588331418102706
3.1 1.1449829761569952
3.11 1.1311041859889501
3.12 1.117197118275167
3.13 1.1032621206916147
3.14 1.089299541612505
3.15 1.0753097301015906
3.16 1.061293035903428
3.17 1.047249809434645
3.18 1.03318040177517
3.19 1.0190851646594623
3.2 1.0049644504677153
3.21 0.9908186122170486
3.22 0.9766480035526801
3.23 0.9624529787390912
3.24 0.9482338926511602
3.25 0.9339911007653015
3.26 0.9197249591505687
3.27 0.9054358244597598
3.28 0.8911240539204972
3.29 0.8767900053262994
3.3 0.8624340370276344
3.31 0.8480565079229611
3.32 0.8336577774497603
3.33 0.8192382055755418
3.34 0.8047981527888537
3.35 0.7903379800902626
3.36 0.7758580489833324
3.37 0.761358721465587
3.38 0.7468403600194591
3.39 0.7323033276032271
3.4 0.7177479876419472
3.41 0.7031747040183577
3.42 0.6885838410637926
3.43 0.6739757635490646
3.44 0.6593508366753509
3.45 0.6447094260650613
3.46 0.6300518977526988
3.47 0.6153786181757062
3.48 0.6006899541653116
3.49 0.5859862729373474
3.5 0.5712679420830811
3.51 0.5565353295600164
3.52 0.5417888036826988
3.53 0.5270287331135073
3.54 0.5122554868534372
3.55 0.497469434232876
3.56 0.4826709449023673
3.57 0.4678603888233765
3.58 0.45303813625903155
3.59 0.43820455776487705
3.6 0.4233600241796016
3.61 0.40850490661577177
3.62 0.3936395764505527
3.63 0.37876440531642447
3.64 0.36387976509188924
3.65 0.34898602789218014
3.66 0.33408356605994877
3.67 0.3191727521559673
3.68 0.3042539589498056
3.69 0.2893275594105167
3.7 0.27439392669731155
3.71 0.2594534341502304
3.72 0.24450645528080736
3.73 0.22955336376273833
3.74 0.21459453342252977
3.75 0.1996303382301638
3.76 0.18466115228973945
3.77 0.16968734983012562
3.78 0.1547093051956039
3.79 0.1397273928365101
3.8 0.1247419872998728
3.81 0.10975346322004867
3.82 0.0947621953093617
3.83 0.07976855834872618
3.84 0.06477292717828788
3.85 0.04977567668804372
3.86 0.034777181808474826
3.87 0.019777817501172038
3.88 0.004777958749461817
3.89 -0.010222019450969623
3.9 -0.025221742101445857
3.91 -0.04022083420968451
3.92 -0.05521892079916142
3.93 -0.07021562691849434
3.94 -0.08521057765081137
3.95 -0.10020339812312515
3.96 -0.1151937135157048
3.97 -0.13018114907144757
3.98 -0.14516533010524246
3.99 -0.16014588201334673
4.0 -0.17512243028274027
4.01 -0.1900946005004977
4.02 -0.20506201836314333
4.03 -0.22002430968601022
4.04 -0.23498110041259457
4.05 -0.24993201662390718
4.06 -0.26487668454782143
4.07 -0.2798147305684203
4.08 -0.294745781235326
4.09 -0.3096694632730522
4.1 -0.3245854035903251
4.11 -0.3394932292894138
4.12 -0.35439256767545213
4.13 -0.3692830462657565
4.14 -0.3841642927991377
4.15 -0.3990359352452101
4.16 -0.41389760181368185
4.17 -0.42874892096366546
4.18 -0.44358952141295555
4.19 -0.45841903214731394
4.2 -0.4732370824297446
4.21 -0.4880433018097623
4.22 -0.5028373201326537
4.23 -0.5176187675487337
4.24 -0.5323872745225817
4.25 -0.5471424718422951
4.26 -0.5618839906287095
4.27 -0.5766114623446229
4.28 -0.5913245188040095
4.29 -0.6060227921812242
4.3 -0.620705915020198
4.31 -0.6353735202436246
4.32 -0.6500252411621402
4.33 -0.6646607114834795
4.34 -0.6792795653216495
4.35 -0.6938814372060654
4.36 -0.708465962090691
4.37 -0.7230327753631635
4.38 -0.7375815128539098
4.39 -0.7521118108452505
4.4 -0.766623306080495
4.41 -0.7811156357730132
4.42 -0.7955884376153202
4.43 -0.8100413497881236
4.44 -0.824474010969372
4.45 -0.8388860603432875
4.46 -0.8532771376093863
4.47 -0.8676468829914864
4.48 -0.881994937246704
4.49 -0.8963209416744253
4.5 -0.910624538125288
4.51 -0.9249053690101259
4.52 -0.9391630773089106
4.53 -0.9533973065796773
4.54 -0.9676077009674355
4.55 -0.981793905213066
4.56 -0.9959555646622011
4.57 -1.0100923252740948
4.58 -1.0242038336304629
4.59 -1.0382897369443342
4.6 -1.0523496830688595
4.61 -1.066383320506118
4.62 -1.0803902984159044
4.63 -1.0943702666245008
4.64 -1.10832287563343
4.65 -1.122247776628196
4.66 -1.1361446214869941
4.67 -1.1500130627894292
4.68 -1.163852753825191
4.69 -1.1776633486027244
4.7 -1.1914445018578794
4.71 -1.2051958690625422
4.72 -1.2189171064332491
4.73 -1.2326078709397827
4.74 -1.2462678203137387
4.75 -1.2598966130570968
4.76 -1.2734939084507477
4.77 -1.2870593665630152
4.78 -1.3005926482581531
4.79 -1.3140934152048236
4.8 -1.3275613298845563
4.81 -1.3409960556001854
4.82 -1.3543972564842706
4.83 -1.3677645975074828
4.84 -1.381097744486995
4.85 -1.394396364094827
4.86 -1.4076601238661814
4.87 -1.4208886922077546
4.88 -1.4340817384060274
4.89 -1.4472389326355317
4.9 -1.4603599459670993
4.91 -1.4734444503760757
4.92 -1.4864921187505349
4.93 -1.4995026248994463
4.94 -1.5124756435608344
4.95 -1.5254108504099084
4.96 -1.5383079220671703
4.97 -1.5511665361065008
4.98 -1.563986371063221
4.99 -1.5767671064421194
5.0 -1.5895084227254803
5.01 -1.6022100013810594
5.02 -1.6148715248700531
5.03 -1.6274926766550322
5.04 -1.6400731412078606
5.05 -1.6526126040175788
5.06 -1.6651107515982702
5.07 -1.6775672714968985
5.08 -1.68998185230111
5.09 -1.7023541836470342
5.1 -1.7146839562270313
5.11 -1.726970861797429
5.12 -1.7392145931862284
5.13 -1.7514148443007818
5.14 -1.7635713101354473
5.15 -1.775683686779214
5.16 -1.7877516714232926
5.17 -1.7997749623686978
5.18 -1.811753259033782
5.19 -1.823686261961752
5.2 -1.8355736728281569
5.21 -1.8474151944483435
5.22 -1.8592105307848885
5.23 -1.870959386955
5.24 -1.882661469237881
5.25 -1.8943164850820864
5.26 -1.9059241431128269
5.27 -1.9174841531392564
5.28 -1.9289962261617264
5.29 -1.9404600743790108
5.3 -1.951875411195501
5.31 -1.9632419512283716
5.32 -1.9745594103147157
5.33 -1.9858275055186416
5.34 -1.9970459551383577
5.35 -2.008214478713208
5.36 -2.019332797030685
5.37 -2.03040063213341
5.38 -2.0414177073260813
5.39 -2.052383747182393
5.4 -2.063298477551922
5.41 -2.0741616255669744
5.42 -2.084972919649416
5.43 -2.095732089517459
5.44 -2.1064388661924163
5.45 -2.1170929820054294
5.46 -2.1276941706041574
5.47 -2.138242166959438
5.48 -2.1487367073719126
5.49 -2.1591775294786144
5.5 -2.1695643722595364
5.51 -2.17989697604415
5.52 -2.1901750825178987
5.53 -2.200398434728656
5.54 -2.210566777093149
5.55 -2.2206798554033487
5.56 -2.230737416832823
5.57 -2.2407392099430625
5.58 -2.250684984689757
5.59 -2.260574492429057
5.6 -2.270407485923785
5.61 -2.2801837193496146
5.62 -2.2899029483012203
5.63 -2.299564929798384
5.64 -2.3091694222920713
5.65 -2.3187161856704726
5.66 -2.3282049812649968
5.67 -2.33763557185625
5.68 -2.3470077216799585
5.69 -2.3563211964328645
5.7 -2.365575763278585
5.71 -2.374771190853431
5.72 -2.38390724927219
5.73 -2.392983710133882
5.74 -2.402000346527453
5.75 -2.410956933037465
5.76 -2.4198532457497217
5.77 -2.4286890622568684
5.78 -2.4374641616639527
5.79 -2.4461783245939466
5.8 -2.4548313331932308
5.81 -2.463422971137041
5.82 -2.4719530236348772
5.83 -2.4804212774358687
5.84 -2.4888275208341124
5.85 -2.4971715436739617
5.86 -2.50545313735528
5.87 -2.5136720948386575
5.88 -2.5218282106505834
5.89 -2.5299212808885887
5.9 -2.5379511032263395
5.91 -2.545917476918693
5.92 -2.5538202028067234
5.93 -2.561659083322695
5.94 -2.5694339224950036
5.95 -2.5771445259530736
5.96 -2.5847907009322215
5.97 -2.5923722562784706
5.98 -2.5998890024533328
5.99 -2.607340751538543
6.0 -2.6147273172407646
6.01 -2.622048514896238
6.02 -2.629304161475404
6.03 -2.636494075587476
6.04 -2.643618077484976
6.05 -2.6506759890682265
6.06 -2.657667633889807
6.07 -2.6645928371589607
6.08 -2.6714514257459654
6.09 -2.6782432281864645
6.1 -2.6849680746857505
6.11 -2.6916257971230113
6.12 -2.698216229055533
6.13 -2.70473920572286
6.14 -2.711194564050916
6.15 -2.7175821426560796
6.16 -2.723901781849216
6.17 -2.7301533236396764
6.18 -2.736336611739241
6.19 -2.7424514915660296
6.2 -2.748497810248365
6.21 -2.7544754166285945
6.22 -2.760384161266871
6.23 -2.7662238964448864
6.24 -2.7719944761695636
6.25 -2.777695756176712
6.26 -2.7833275939346267
6.27 -2.788889848647658
6.28 -2.7943823812597275
6.29 -2.799805054457807
6.3 -2.8051577326753474
6.31 -2.810440282095673
6.32 -2.8156525706553235
6.33 -2.820794468047356
6.34 -2.825865845724603
6.35 -2.8308665769028876
6.36 -2.8357965365641897
6.37 -2.840655601459776
6.38 -2.845443650113277
6.39 -2.8501605628237243
6.4 -2.8548062216685484
6.41 -2.859380510506517
6.42 -2.863883314980649
6.43 -2.868314522521067
6.44 -2.8726740223478133
6.45 -2.876961705473619
6.46 -2.88117746470663
6.47 -2.885321194653084
6.48 -2.88939279171995
6.49 -2.893392154117511
6.5 -2.8973191818619166
6.51 -2.9011737767776773
6.52 -2.9049558425001214
6.53 -2.9086652844778023
6.54 -2.912302009974865
6.55 -2.9158659280733596
6.56 -2.919356949675521
6.57 -2.9227749875059903
6.58 -2.9261199561139994
6.59 -2.929391771875508
6.6 -2.932590352995291
6.61 -2.935715619508989
6.62 -2.9387674932851007
6.63 -2.941745898026941
6.64 -2.944650759274546
6.65 -2.9474820044065373
6.66 -2.9502395626419324
6.67 -2.9529233650419195
6.68 -2.9555333445115783
6.69 -2.9580694358015585
6.7 -2.9605315755097097
6.71 -2.962919702082667
6.72 -2.9652337558173913
6.73 -2.9674736788626594
6.74 -2.9696394152205117
6.75 -2.971730910747652
6.76 -2.973748113156801
6.77 -2.975690972018003
6.78 -2.9775594387598896
6.79 -2.9793534666708874
6.8 -2.9810730109003933
6.81 -2.9827180284598906
6.82 -2.984288478224027
6.83 -2.9857843209316384
6.84 -2.987205519186736
6.85 -2.9885520374594376
6.86 -2.9898238420868566
6.87 -2.991020901273943
6.88 -2.99214318509428
6.89 -2.99319066549083
6.9 -2.994163316276638
6.91 -2.9950611131354856
6.92 -2.9958840336224966
6.93 -2.9966320571647027
6.94 -2.9973051650615545
6.95 -2.9979033404853888
6.96 -2.998426568481852
6.97 -2.9988748359702706
6.98 -2.9992481317439816
6.99 -2.99954644647061
7.0 -2.9997697726923027
7.01 -2.999918104825916
7.02 -2.999991439163154
7.03 -2.9999897738706625
7.04 -2.9999131089900732
7.05 -2.999761446438005
7.06 -2.999534790006013
7.07 -2.999233145360497
7.08 -2.9988565200425565
7.09 -2.998404923467805
7.1 -2.997878366926134
7.11 -2.997276863581429
7.12 -2.9966004284712424
7.13 -2.995849078506417
7.14 -2.9950228324706627
7.15 -2.994121711020087
7.16 -2.99314573668268
7.17 -2.9920949338577483
7.18 -2.9909693288153085
7.19 -2.989768949695428
7.2 -2.988493826507522
7.21 -2.987143991129604
7.22 -2.985719477307488
7.23 -2.984220320653945
7.24 -2.982646558647814
7.25 -2.980998230633063
7.26 -2.9792753778178063
7.27 -2.9774780432732744
7.28 -2.9756062719327376
7.29 -2.973660110590382
7.3 -2.9716396079001397
7.31 -2.9695448143744727
7.32 -2.9673757823831095
7.33 -2.9651325661517376
7.34 -2.9628152217606463
7.35 -2.9604238071433233
7.36 -2.9579583820850113
7.37 -2.955419008221207
7.38 -2.952805749036125
7.39 -2.9501186698611086
7.4 -2.9473578378729974
7.41 -2.944523322092448
7.42 -2.941615193382207
7.43 -2.93863352444534
7.44 -2.935578389823416
7.45 -2.9324498658946405
7.46 -2.9292480308719493
7.47 -2.9259729648010513
7.48 -2.922624749558427
7.49 -2.9192034688492843
7.5 -2.9157092082054623
7.51 -2.9121420549832946
7.52 -2.9085020983614265
7.53 -2.9047894293385834
7.54 -2.901004140731298
7.55 -2.8971463271715883
7.56 -2.893216085104592
7.57 -2.889213512786156
7.58 -2.8851387102803803
7.59 -2.8809917794571156
7.6 -2.8767728239894153
7.61 -2.8724819493509477
7.62 -2.8681192628133543
7.63 -2.863684873443572
7.64 -2.859178892101103
7.65 -2.854601431435247
7.66 -2.8499526058822826
7.67 -2.8452325316626057
7.68 -2.840441326777827
7.69 -2.8355791110078177
7.7 -2.83064600590772
7.71 -2.8256421348049034
7.72 -2.820567622795886
7.73 -2.815422596743202
7.74 -2.810207185272237
7.75 -2.8049215187680048
7.76 -2.799565729371893
7.77 -2.7941399509783573
7.78 -2.788644319231575
7.79 -2.7830789715220545
7.8 -2.7774440469831974
7.81 -2.771739686487824
7.82 -2.7659660326446485
7.83 -2.7601232297947194
7.84 -2.754211424007801
7.85 -2.748230763078731
7.86 -2.742181396523721
7.87 -2.7360634755766196
7.88 -2.729877153185132
7.89 -2.7236225840069954
7.9 -2.717299924406113
7.91 -2.710909332448648
7.92 -2.7044509678990645
7.93 -2.6979249922161403
7.94 -2.6913315685489274
7.95 -2.684670861732674
7.96 -2.677943038284704
7.97 -2.6711482664002526
7.98 -2.6642867159482626
7.99 -2.65735855846714
8.0 -2.6503639671604593
8.01 -2.6433031168926395
8.02 -2.6361761841845697
8.03 -2.6289833472091955
8.04 -2.621724785787067
8.05 -2.614400681381841
8.06 -2.6070112170957485
8.07 -2.59955657766501
8.08 -2.592036949455223
8.09 -2.584452520456702
8.1 -2.576803480279776
8.11 -2.5690900201500515
8.12 -2.56131233290363
8.13 -2.553470612982286
8.14 -2.5455650564286123
8.15 -2.537595860881109
8.16 -2.5295632255692504
8.17 -2.5214673513085
8.18 -2.5133084404952934
8.19 -2.5050866971019756
8.2 -2.4968023266717037
8.21 -2.488455536313305
8.22 -2.480046534696107
8.23 -2.4715755320447106
8.24 -2.463042740133741
8.25 -2.454448372282551
8.26 -2.44579264334989
8.27 -2.4370757697285304
8.28 -2.4282979693398583
8.29 -2.419459461628427
8.3 -2.410560467556466
8.31 -2.401601209598368
8.32 -2.392581911735113
8.33 -2.383502799448678
8.34 -2.374364099716398
8.35 -2.3651660410052897
8.36 -2.3559088532663415
8.37 -2.3465927679287653
8.38 -2.337218017894208
8.39 -2.3277848375309347
8.4 -2.3182934626679614
8.41 -2.308744130589166
8.42 -2.299137080027353
8.43 -2.2894725511582856
8.44 -2.279750785594683
8.45 -2.2699720263801773
8.46 -2.260136517983238
8.47 -2.250244506291066
8.48 -2.2402962386034373
8.49 -2.2302919636265246
8.5 -2.220231931466683
8.51 -2.2101163936241917
8.52 -2.1999456029869693
8.53 -2.1897198138242535
8.54 -2.1794392817802395
8.55 -2.169104263867691
8.56 -2.1587150184615225
8.57 -2.148271805292325
8.58 -2.1377748854398844
8.59 -2.1272245213266503
8.6 -2.1166209767111757
8.61 -2.105964516681524
8.62 -2.095255407648641
8.63 -2.0844939173396924
8.64 -2.0736803147913796
8.65 -2.0628148703432005
8.66 -2.051897855630702
8.67 -2.040929543578682
8.68 -2.0299102083943708
8.69 -2.018840125560574
8.7 -2.007719571828786
8.71 -1.9965488252122692
8.72 -1.9853281649791108
8.73 -1.9740578716452304
8.74 -1.962738226967374
8.75 -1.9513695139360696
8.76 -1.9399520167685504
8.77 -1.9284860209016512
8.78 -1.9169718129846713
8.79 -1.905409680872209
8.8 -1.893799913616963
8.81 -1.8821428014625134
8.82 -1.8704386358360559
8.83 -1.8586877093411212
8.84 -1.846890315750259
8.85 -1.8350467499976955
8.86 -1.8231573081719574
8.87 -1.8112222875084711
8.88 -1.7992419863821292
8.89 -1.7872167042998404
8.9 -1.7751467418930282
8.91 -1.763032400910124
8.92 -1.7508739842090217
8.93 -1.7386717957495055
8.94 -1.7264261405856516
8.95 -1.7141373248582006
8.96 -1.701805655786904
8.97 -1.6894314416628504
8.98 -1.6770149918407462
8.99 -1.6645566167311912
9.0 -1.6520566277929127
9.01 -1.6395153375249842
9.02 -1.6269330594590095
9.03 -1.6143101081512836
9.04 -1.6016467991749328
9.05 -1.5889434491120196
9.06 -1.5762003755456377
9.07 -1.563417897051961
9.08 -1.5505963331922863
9.09 -1.5377360045050419
9.1 -1.524837232497775
9.11 -1.5119003396391142
9.12 -1.4989256493507073
9.13 -1.4859134859991334
9.14 -1.4728641748878029
9.15 -1.459778042248812
9.16 -1.4466554152347946
9.17 -1.4334966219107432
9.18 -1.4203019912458053
9.19 -1.4070718531050599
9.2 -1.393806538241272
9.21 -1.3805063782866198
9.22 -1.3671717057444142
9.23 -1.3538028539807716
9.24 -1.34040015721629
9.25 -1.3269639505176907
9.26 -1.3134945697894407
9.27 -1.2999923517653573
9.28 -1.2864576340001876
9.29 -1.2728907548611708
9.3 -1.2592920535195766
9.31 -1.2456618699422348
9.32 -1.2320005448830225
9.33 -1.218308419874355
9.34 -1.204585837218644
9.35 -1.1908331399797412
9.36 -1.1770506719743616
9.37 -1.1632387777634872
9.38 -1.1493978026437517
9.39 -1.135528092638817
9.4 -1.121629994490708
9.41 -1.1077038556511551
9.42 -1.093750024272904
9.43 -1.079768849201012
9.44 -1.065760679964128
9.45 -1.0517258667657532
9.46 -1.037664760475484
9.47 -1.0235777126202503
9.48 -1.0094650753755126
9.49 -0.9953272015564667
9.5 -0.9811644446092219
9.51 -0.9669771586019641
9.52 -0.9527656982161046
9.53 -0.9385304187374128
9.54 -0.9242716760471343
9.55 -0.9099898266130912
9.56 -0.8956852274807807
9.57 -0.8813582362644333
9.58 -0.8670092111380834
9.59 -0.8526385108266117
9.6 -0.8382464945967776
9.61 -0.8238335222482371
9.62 -0.8093999541045485
9.63 -0.7949461510041609
9.64 -0.7804724742914042
9.65 -0.7659792858074397
9.66 -0.7514669478812248
9.67 -0.7369358233204517
9.68 -0.7223862754024776
9.69 -0.7078186678652427
9.7 -0.6932333648981768
9.71 -0.6786307311330916
9.72 -0.6640111316350761
9.73 -0.6493749318933535
9.74 -0.6347224978121551
9.75 -0.6200541957015699
9.76 -0.6053703922683866
9.77 -0.5906714546069265
9.78 -0.5759577501898651
9.79 -0.5612296468590467
9.8 -0.546487512816285
9.81 -0.5317317166141684
9.82 -0.5169626271468307
9.83 -0.5021806136407396
9.84 -0.48738604564546256
9.85 -0.472579293024429
9.86 -0.4577607259456834
9.87 -0.4429307148726309
9.88 -0.42808963055477317
9.89 -0.41323784401845054
9.9 -0.3983757265575502
9.91 -0.3835036497242347
9.92 -0.3686219853196501
9.93 -0.35373110538463165
9.94 -0.3388313821904021
9.95 -0.3239231882292652
9.96 -0.30900689620529087
9.97 -0.29408287902500824
9.98 -0.2791515097880667
9.99 -0.26421316177791965
