0.0 0.644217687237691
0.01 0.6593846719714731
0.02 0.674287911628145
0.03 0.6889214451105513
0.04 0.7032794192004101
0.05 0.7173560908995227
0.06 0.7311458297268958
0.07 0.7446431199708593
0.08 0.757842562895277
0.09 0.7707388788989692
0.1 0.7833269096274833
0.11 0.795601620036366
0.12 0.8075581004051142
0.13 0.8191915683009983
0.14 0.8304973704919705
0.15 0.8414709848078965
0.16 0.852108021949363
0.17 0.8624042272433384
0.18 0.8723554823449863
0.19 0.8819578068849475
0.2 0.8912073600614354
0.21 0.900100442176505
0.22 0.9086334961158832
0.23 0.9168031087717669
0.24 0.9246060124080203
0.25 0.9320390859672263
0.26 0.9390993563190676
0.27 0.945783999449539
0.28 0.9520903415905158
0.29 0.9580158602892249
0.3 0.963558185417193
0.31 0.9687151001182652
0.32 0.9734845416953194
0.33 0.9778646024353161
0.34 0.9818535303723597
0.35 0.9854497299884601
0.36 0.9886517628517197
0.37 0.9914583481916864
0.38 0.9938683634116449
0.39 0.99588084453764
0.4 0.9974949866040544
0.41 0.998710143975583
0.42 0.9995258306054791
0.43 0.9999417202299663
0.44 0.9999576464987401
0.45 0.9995736030415051
0.46 0.998789743470524
0.47 0.9976063813191737
0.48 0.9960239899165367
0.49 0.994043202198076
0.5 0.9916648104524686
0.51 0.9888897660047015
0.52 0.9857191788355535
0.53 0.9821543171376185
0.54 0.9781966068080447
0.55 0.9738476308781951
0.56 0.9691091288804563
0.57 0.9639829961524482
0.58 0.9584712830789143
0.59 0.9525761942715953
0.6 0.9463000876874145
0.61 0.9396454736853249
0.62 0.9326150140222005
0.63 0.9252115207881683
0.64 0.9174379552818098
0.65 0.9092974268256817
0.66 0.9007931915226273
0.67 0.8919286509533796
0.68 0.8827073508159741
0.69 0.8731329795075164
0.7 0.8632093666488739
0.71 0.8529404815528762
0.72 0.8423304316366459
0.73 0.8313834607786831
0.74 0.8201039476213744
0.75 0.8084964038195901
0.76 0.7965654722360868
0.77 0.7843159250844199
0.78 0.771752662020126
0.79 0.7588807081809218
0.8 0.7457052121767204
0.81 0.7322314440302511
0.82 0.7184647930691263
0.83 0.7044107657701763
0.84 0.6900749835569364
0.85 0.6754631805511511
0.86 0.6605812012792007
0.87 0.6454349983343708
0.88 0.6300306299958922
0.89 0.6143742578057118
0.9 0.5984721441039564
0.91 0.5823306495240819
0.92 0.5659562304487028
0.93 0.5493554364271266
0.94 0.5325349075556212
0.95 0.5155013718214645
0.96 0.49826164241183857
0.97 0.48082261498864864
0.98 0.4631912649303452
0.99 0.44537464454187153
1.0 0.4273798802338298
1.01 0.40921416967201774
1.02 0.3908847788984522
1.03 0.3723990394250557
1.04 0.3537643453011427
1.05 0.3349881501559051
1.06 0.3160779642170534
1.07 0.2970413513068324
1.08 0.27788592581658633
1.09 0.25861934966111083
1.1 0.23924932921398198
1.11 0.21978361222511694
1.12 0.2002299847217701
1.13 0.18059626789423291
1.14 0.1608903149674562
1.15 0.1411200080598672
1.16 0.1212932550306302
1.17 0.10141798631660187
1.18 0.08150215176026956
1.19 0.06155371742991315
1.2 0.041580662433290935
1.21 0.02159097572609596
1.22 0.0015926529164872723
1.23 -0.01840630693305381
1.24 -0.038397904505234934
1.25 -0.058374143427580086
1.26 -0.07832703347086485
1.27 -0.09824859374510868
1.28 -0.11813085589181738
1.29 -0.13796586727122728
1.3 -0.1577456941432482
1.31 -0.17746242484086058
1.32 -0.19710817293466984
1.33 -0.21667508038738006
1.34 -0.236155320696897
1.35 -0.25554110202683167
1.36 -0.274824670323124
1.37 -0.293998312415568
1.38 -0.3130543591029702
1.39 -0.3319851882207337
1.4 -0.35078322768961984
1.41 -0.36944095854447667
1.42 -0.3879509179417303
1.43 -0.40630570214441636
1.44 -0.4244979694835826
1.45 -0.4425204432948521
1.46 -0.4603659148289983
1.47 -0.4780272461353425
1.48 -0.4954973729168449
1.49 -0.5127693073557235
1.5 -0.5298361409084934
1.51 -0.5466910470692868
1.52 -0.56332728410037
1.53 -0.5797381977287428
1.54 -0.5959172238077642
1.55 -0.6118578909427189
1.56 -0.6275538230792936
1.57 -0.6429987420539088
1.58 -0.6581864701049053
1.59 -0.6731109323435617
1.6 -0.6877661591839741
1.61 -0.7021462887308054
1.62 -0.7162455691239709
1.63 -0.7300583608392995
1.64 -0.7435791389442743
1.65 -0.7568024953079283
1.66 -0.7697231407640238
1.67 -0.7823359072266528
1.68 -0.7946357497573968
1.69 -0.8066177485832405
1.7 -0.8182771110644103
1.71 -0.8296091736113709
1.72 -0.8406094035501945
1.73 -0.8512734009355745
1.74 -0.8615969003107405
1.75 -0.8715757724135882
1.76 -0.8812060258283253
1.77 -0.8904838085819885
1.78 -0.8994054096851777
1.79 -0.9079672606164054
1.8 -0.9161659367494549
1.81 -0.9239981587231879
1.82 -0.9314607937532425
1.83 -0.9385508568851079
1.84 -0.9452655121880633
1.85 -0.9516020738895161
1.86 -0.9575580074492711
1.87 -0.9631309305733167
1.88 -0.9683186141667072
1.89 -0.9731189832251737
1.9 -0.977530117665097
1.91 -0.9815502530915153
1.92 -0.9851777815038595
1.93 -0.9884112519391305
1.94 -0.991249371052267
1.95 -0.9936910036334644
1.96 -0.9957351730622453
1.97 -0.9973810616980933
1.98 -0.9986280112074989
1.99 -0.999475522827284
2.0 -0.9999232575641008
2.01 -0.9999710363300245
2.02 -0.9996188400141854
2.03 -0.9988668094904142
2.04 -0.9977152455608933
2.05 -0.9961646088358407
2.06 -0.9942155195492713
2.07 -0.9918687573109126
2.08 -0.9891252607943698
2.09 -0.9859861273616704
2.1 -0.9824526126243325
2.11 -0.9785261299411385
2.12 -0.9742082498528091
2.13 -0.9695006994538088
2.14 -0.9644053617015305
2.15 -0.9589242746631385
2.16 -0.9530596307003675
2.17 -0.9468137755926089
2.18 -0.9401892075986283
2.19 -0.9331885764572976
2.2 -0.9258146823277321
2.21 -0.9180704746692671
2.22 -0.9099590510617103
2.23 -0.9014836559663548
2.24 -0.8926476794282343
2.25 -0.8834546557201531
2.26 -0.8739082619290224
2.27 -0.8640123164850744
2.28 -0.8537707776345433
2.29 -0.8431877418564168
2.3 -0.8322674422239013
2.31 -0.821014246711247
2.32 -0.8094326564466194
2.33 -0.7975273039117043
2.34 -0.7853029510887806
2.35 -0.7727644875559871
2.36 -0.759916928531561
2.37 -0.7467654128678124
2.38 -0.7333152009956565
2.39 -0.7195716728205075
2.4 -0.7055403255703919
2.41 -0.6912267715971265
2.42 -0.6766367361314569
2.43 -0.6617760549930369
2.44 -0.6466506722561834
2.45 -0.631266637872321
2.46 -0.6156301052500863
2.47 -0.599747328794043
2.48 -0.5836246614030073
2.49 -0.567268551928968
2.5 -0.5506855425976376
2.51 -0.5338822663916443
2.52 -0.5168654443974288
2.53 -0.49964188311690244
2.54 -0.48221847174493154
2.55 -0.46460217941375737
2.56 -0.44680005240543
2.57 -0.4288192113333959
2.58 -0.41066684829434086
2.59 -0.39235022399145386
2.6 -0.373876664830236
2.61 -0.35525355998804264
2.62 -0.3364883584585042
2.63 -0.31758856607203484
2.64 -0.2985617424935936
2.65 -0.27941549819892586
2.66 -0.26015749143046807
2.67 -0.2407954251341592
2.68 -0.22133704387835867
2.69 -0.2017901307561289
2.7 -0.18216250427209502
2.71 -0.1624620152151542
2.72 -0.14269654351825772
2.73 -0.12287399510655005
2.74 -0.10300229873509696
2.75 -0.0830894028174964
2.76 -0.06314327224661277
2.77 -0.04317188520872868
2.78 -0.02318322999237945
2.79 -0.0031853017931379904
2.8 0.016813900484349713
2.81 0.03680637742582692
2.82 0.05678413230707805
2.83 0.07673917429251892
2.84 0.09666352163141724
2.85 0.11654920485049364
2.86 0.13638826994159764
2.87 0.1561727815432119
2.88 0.175894826114484
2.89 0.19554651510054427
2.9 0.21511998808781552
2.91 0.2346074159480808
2.92 0.2540010039700231
2.93 0.27329299497701326
2.94 0.2924756724298697
2.95 0.3115413635133787
2.96 0.3304824422053109
2.97 0.3492913323267357
2.98 0.36796051057238466
2.99 0.38648250951988017
3.0 0.4048499206165983
3.01 0.42305539714299684
3.02 0.44109165715120235
3.03 0.4589514863776903
3.04 0.4766277411288995
3.05 0.49411335113860816
3.06 0.5114013223959524
3.07 0.5284847399429308
3.08 0.545356770640302
3.09 0.562010665900743
3.1 0.5784397643882002
3.11 0.5946374946823286
3.12 0.6105973779069791
3.13 0.6263130303216559
3.14 0.6417781658749337
3.15 0.6569865987187891
3.16 0.6719322456828621
3.17 0.6866091287076385
3.18 0.7010113772355987
3.19 0.7151332305593578
3.2 0.7289690401258765
3.21 0.7425132717958018
3.22 0.7557605080570543
3.23 0.7687054501917558
3.24 0.7813429203956506
3.25 0.7936678638491531
3.26 0.8056753507392133
3.27 0.8173605782311729
3.28 0.8287188723898353
3.29 0.8397456900489799
3.3 0.8504366206285644
3.31 0.8607873878989016
3.32 0.8707938516910911
3.33 0.8804520095530344
3.34 0.8897579983503596
3.35 0.8987080958116269
3.36 0.907298722017184
3.37 0.9155264408310896
3.38 0.9233879612755189
3.39 0.9308801388471136
3.4 0.9379999767747389
3.41 0.9447446272181541
3.42 0.951111392407109
3.43 0.9570977257204173
3.44 0.9627012327045701
3.45 0.9679196720314865
3.46 0.9727509563950137
3.47 0.977193153345823
3.48 0.9812444860643621
3.49 0.9849033340715609
3.5 0.9881682338770004
3.51 0.9910378795642898
3.52 0.9935111233134158
3.53 0.9955869758598548
3.54 0.9972646068902659
3.55 0.998543345374605
3.56 0.9994226798345279
3.57 0.9999022585479752
3.58 0.9999818896898556
3.59 0.9996615414087742
3.6 0.998941341839772
3.61 0.9978215790530743
3.62 0.9963027009388656
3.63 0.9943853150281404
3.64 0.992070188249698
3.65 0.9893582466233818
3.66 0.9862505748896837
3.67 0.9827484160758622
3.68 0.9788531709987474
3.69 0.974566397704435
3.7 0.9698898108450863
3.71 0.9648252809930913
3.72 0.9593748338928642
3.73 0.9535406496505743
3.74 0.94732506186213
3.75 0.9407305566797731
3.76 0.9337597718176514
3.77 0.9264154954967662
3.78 0.9187006653297247
3.79 0.9106183671457304
3.8 0.9021718337562941
3.81 0.893364443662152
3.82 0.8841997197019127
3.83 0.8746813276429652
3.84 0.8648130747152227
3.85 0.8545989080882804
3.86 0.8440429132926041
3.87 0.833149312585366
3.88 0.8219224632616032
3.89 0.8103668559113548
3.9 0.7984871126234903
3.91 0.7862879851369292
3.92 0.7737743529400134
3.93 0.7609512213187744
3.94 0.7478237193548899
3.95 0.7343970978741134
3.96 0.7206767273460181
3.97 0.706668095735878
3.98 0.6923768063095604
3.99 0.6778085753922868
4.0 0.6629692300821833
4.01 0.647864705919519
4.02 0.6325010445125676
4.03 0.6168843911210448
4.04 0.6010209921980904
4.05 0.5849171928917631
4.06 0.5685794345070712
4.07 0.5520142519295329
4.08 0.5352282710113162
4.09 0.5182282059209767
4.1 0.5010208564578862
4.11 0.4836131053324
4.12 0.4660119154128711
4.13 0.4482243269405865
4.14 0.4302574547137703
4.15 0.4121184852417566
4.16 0.39381467387048763
4.17 0.37535334188046277
4.18 0.35674187355833026
4.19 0.3379877132432676
4.2 0.3190983623493521
4.21 0.300081376365085
4.22 0.28094436183130345
4.23 0.2616949732986626
4.24 0.24234091026592378
4.25 0.22288991410024764
4.26 0.20334976494075732
4.27 0.18372827858658475
4.28 0.1640333033706535
4.29 0.14427271702045727
4.3 0.12445442350706347
4.31 0.10458634988363702
4.32 0.08467644311472142
4.33 0.06473266689756589
4.34 0.044762998476742054
4.35 0.02477542545335954
4.36 0.0047779425901285115
4.37 -0.015221451386431743
4.38 -0.0352147569853874
4.39 -0.05519397715107274
4.4 -0.0751511204618093
4.41 -0.09507820432636095
4.42 -0.11496725817687455
4.43 -0.13481032665699375
4.44 -0.15459947280389894
4.45 -0.17432678122297965
4.46 -0.19398436125389723
4.47 -0.21356435012673697
4.48 -0.2330589161070144
4.49 -0.2524602616282581
4.5 -0.27176062641094245
4.51 -0.29095229056648914
4.52 -0.31002757768512135
4.53 -0.32897885790632714
4.54 -0.347798550970695
4.55 -0.36647912925192677
4.56 -0.385013120767781
4.57 -0.4033931121687696
4.58 -0.42161175170339216
4.59 -0.4396617521587485
4.6 -0.4575358937753198
4.61 -0.4752270271347798
4.62 -0.49272807601966023
4.63 -0.5100320402437528
4.64 -0.5271319984520846
4.65 -0.5440211108893698
4.66 -0.5606926221358159
4.67 -0.5771398638092097
4.68 -0.5933562572321753
4.69 -0.6093353160635608
4.7 -0.6250706488928821
4.71 -0.6405559617968104
4.72 -0.6557850608566522
4.73 -0.6707518546358369
4.74 -0.6854503566164047
4.75 -0.6998746875935423
4.76 -0.7140190780271806
4.77 -0.7278778703497354
4.78 -0.7414455212290604
4.79 -0.754716603785701
4.8 -0.7676858097635813
4.81 -0.7803479516532305
4.82 -0.79269796476672
4.83 -0.8047309092634671
4.84 -0.8164419721261112
4.85 -0.8278264690856527
4.86 -0.8388798464951
4.87 -0.8495976831508637
4.88 -0.8599756920611852
4.89 -0.8700097221608719
4.9 -0.8796957599716702
4.91 -0.8890299312075992
4.92 -0.8980085023246196
4.93 -0.9066278820139971
4.94 -0.9148846226387806
4.95 -0.9227754216128066
4.96 -0.9302971227216958
4.97 -0.9374467173852926
4.98 -0.9442213458610589
4.99 -0.9506182983879301
5.0 -0.9566350162701879
5.01 -0.962269092900901
5.02 -0.9675182747245373
5.03 -0.9723804621383559
5.04 -0.9768537103322188
5.05 -0.9809362300664912
5.06 -0.9846263883877123
5.07 -0.9879227092817555
5.08 -0.9908238742642129
5.09 -0.9933287229077734
5.1 -0.9954362533063772
5.11 -0.997145622475965
5.12 -0.99845614669166
5.13 -0.9993673017612495
5.14 -0.9998787232348542
5.15 -0.9999902065507035
5.16 -0.9997017071169574
5.17 -0.999013340329543
5.18 -0.9979253815259971
5.19 -0.9964382658753349
5.2 -0.9945525882039892
5.21 -0.9922691027578863
5.22 -0.9895887229007585
5.23 -0.9865125207488105
5.24 -0.9830417267418882
5.25 -0.9791777291513174
5.26 -0.974922073524615
5.27 -0.9702764620672905
5.28 -0.9652427529619856
5.29 -0.9598229596252282
5.3 -0.9540192499020895
5.31 -0.947833945199077
5.32 -0.9412695195556018
5.33 -0.9343285986543979
5.34 -0.9270139587712807
5.35 -0.9193285256646764
5.36 -0.9112753734053557
5.37 -0.9028577231468499
5.38 -0.8940789418370279
5.39 -0.8849425408713646
5.4 -0.8754521746884285
5.41 -0.865611639308158
5.42 -0.8554248708134987
5.43 -0.8448959437760271
5.44 -0.8340290696261731
5.45 -0.8228285949687089
5.46 -0.8112989998441588
5.47 -0.7994448959368469
5.48 -0.7872710247302823
5.49 -0.7747822556106337
5.5 -0.7619835839190333
5.51 -0.7488801289535109
5.52 -0.7354771319213423
5.53 -0.721779953842635
5.54 -0.7077940734059963
5.55 -0.6935250847771237
5.56 -0.678978695361218
5.57 -0.6641607235200951
5.58 -0.6490770962449238
5.59 -0.6337338467855004
5.6 -0.6181371122370347
5.61 -0.6022931310853911
5.62 -0.5862082407117828
5.63 -0.5698888748578954
5.64 -0.5533415610524819
5.65 -0.5365729180004349
5.66 -0.5195896529353996
5.67 -0.5023985589369597
5.68 -0.4850065122135032
5.69 -0.467420469351827
5.7 -0.44964746453460147
5.71 -0.43169460672678167
5.72 -0.4135690768321225
5.73 -0.39527812482090974
5.74 -0.37682906683007494
5.75 -0.3582292822368287
5.76 -0.33948621070701446
5.77 -0.3206073492193399
5.78 -0.3016002490666836
5.79 -0.2824725128356853
5.8 -0.26323179136580266
5.81 -0.24388578068908418
5.82 -0.22444221895185537
5.83 -0.20490888331957058
5.84 -0.18529358686603997
5.85 -0.16560417544831116
5.86 -0.1458485245684275
5.87 -0.1260345362233393
5.88 -0.10617013574419983
5.89 -0.08626326862634562
5.9 -0.06632189735120068
5.91 -0.04635399820139722
5.92 -0.02636755807035826
5.93 -0.006370571267653911
5.94 0.013628963678619457
5.95 0.033623047221136695
5.96 0.053603681993066796
5.97 0.0735628760069059
5.98 0.09349264585116929
5.99 0.11338501988364243
6.0 0.13323204141994222
6.01 0.15302577191607755
6.02 0.1727582941437629
6.03 0.1924217153572057
6.04 0.21200817045009251
6.05 0.23150982510153723
6.06 0.25091887890969783
6.07 0.2702275685118367
6.08 0.28942817068955534
6.09 0.30851300545798904
6.1 0.32747443913769136
6.11 0.34630488740800797
6.12 0.3649968183406966
6.13 0.38354275541260835
6.14 0.40193528049619026
6.15 0.4201670368266409
6.16 0.4382307319445118
6.17 0.4561191406126034
6.18 0.47382510770595737
6.19 0.4913415510738144
6.2 0.5086614643723737
6.21 0.5257779198672465
6.22 0.5426840712044512
6.23 0.5593731561488667
6.24 0.5758384992890305
6.25 0.592073514707223
6.26 0.6080717086137408
6.27 0.6238266819443279
6.28 0.6393321329197168
6.29 0.6545818595662513
6.3 0.669569762196601
6.31 0.6842898458495499
6.32 0.6987362226879031
6.33 0.7129031143535387
6.34 0.7267848542786811
6.35 0.7403758899524474
6.36 0.7536707851417809
6.37 0.7666642220658663
6.38 0.7793510035231787
6.39 0.79172605497029
6.4 0.8037844265516209
6.41 0.8155212950793129
6.42 0.8269319659624454
6.43 0.8380118750848056
6.44 0.8487565906304755
6.45 0.8591618148564958
6.46 0.8692233858119117
6.47 0.8789372790024935
6.48 0.8882996090004825
6.49 0.8973066309987074
6.5 0.9059547423084618
6.51 0.9142404838005284
6.52 0.9221605412887852
6.53 0.9297117468558371
6.54 0.9368910801201374
6.55 0.9436956694441042
6.56 0.9501227930827345
6.57 0.9561698802722673
6.58 0.9618345122584524
6.59 0.9671144232640232
6.6 0.9720075013949756
6.61 0.9765117894852975
6.62 0.9806254858798086
6.63 0.9843469451547998
6.64 0.9876746787761801
6.65 0.9906073556948704
6.66 0.9931438028792043
6.67 0.9952830057841274
6.68 0.9970241087570001
6.69 0.9983664153798475
6.7 0.9993093887479176
6.71 0.9998526516844363
6.72 0.999995986891472
6.73 0.999739337036853
6.74 0.9990828047770997
6.75 0.9980266527163617
6.76 0.996571303301382
6.77 0.9947173386525219
6.78 0.9924655003309216
6.79 0.989816689041886
6.8 0.9867719642746137
6.81 0.9833325438784155
6.82 0.9794998035755914
6.83 0.9752752764111607
6.84 0.9706606521396626
6.85 0.965657776549278
6.86 0.9602686507235385
6.87 0.9544954302409214
6.88 0.9483404243126441
6.89 0.9418060948590121
6.9 0.934895055524683
6.91 0.927610070633246
6.92 0.9199540540815249
6.93 0.9119300681740617
6.94 0.9035413223982337
6.95 0.8947911721405042
6.96 0.8856831173443083
6.97 0.8762208011101255
6.98 0.866408008238286
6.99 0.8562486637151049
7.0 0.8457468311429343
7.01 0.8349067111147807
7.02 0.8237326395341221
7.03 0.8122290858806044
7.04 0.8004006514223121
7.05 0.7882520673753173
7.06 0.7757881930112599
7.07 0.7630140137137015
7.08 0.7499346389840432
7.09 0.7365553003977866
7.1 0.7228813495119772
7.11 0.7089182557246514
7.12 0.6946716040871542
7.13 0.6801470930701868
7.14 0.6653505322844984
7.15 0.6502878401571168
7.16 0.6349650415640629
7.17 0.6193882654204708
7.18 0.6035637422291107
7.19 0.5874978015882668
7.2 0.5711968696599886
7.21 0.5546674665997031
7.22 0.5379162039482455
7.23 0.5209497819873273
7.24 0.5037749870595203
7.25 0.48639868885379967
7.26 0.468827837657767
7.27 0.4510694615776257
7.28 0.433130663727031
7.29 0.41501861938594564
7.3 0.39674057313061367
7.31 0.3783038359358333
7.32 0.3597157822506608
7.33 0.3409838470487362
7.34 0.3221155228543828
7.35 0.303118356745704
7.36 0.2839999473358494
7.37 0.2647679417336776
7.38 0.24543003248500456
7.39 0.22599395449569432
7.4 0.2064674819377966
7.41 0.18685842513998854
7.42 0.16717462746353695
7.43 0.14742396216506526
7.44 0.1276143292473524
7.45 0.10775365229944406
7.46 0.08784987532731216
7.47 0.06791095957636539
7.48 0.04794488034705369
7.49 0.02795962380486148
7.5 0.007963183785937343
7.51 -0.0120364414003268
7.52 -0.03203125217051456
7.53 -0.05201325086691355
7.54 -0.07197444495646477
7.55 -0.09190685022767987
7.56 -0.11180249398421224
7.57 -0.13165341823383273
7.58 -0.15145168287151342
7.59 -0.17118936885537436
7.6 -0.19085858137418765
7.61 -0.21045145300520013
7.62 -0.22996014686099078
7.63 -0.24937685972413143
7.64 -0.2686938251683629
7.65 -0.2879033166650653
7.66 -0.30699765067375967
7.67 -0.325969189715432
7.68 -0.344810345427416
7.69 -0.3635135815986424
7.7 -0.3820714171840091
7.71 -0.4004764292967199
7.72 -0.4187212561773265
7.73 -0.4367986001383378
7.74 -0.4547012304831975
7.75 -0.47242198639846616
7.76 -0.48995377981805127
7.77 -0.5072895982583391
7.78 -0.5244225076230978
7.79 -0.541345654977011
7.8 -0.5580522712867794
7.81 -0.5745356741286307
7.82 -0.5907892703612041
7.83 -0.6068065587627183
7.84 -0.6225811326313736
7.85 -0.6381066823479475
7.86 -0.6533769978995606
7.87 -0.6683859713635882
7.88 -0.6831275993507646
7.89 -0.6975959854064473
7.9 -0.711785342369123
7.91 -0.725689994685196
7.92 -0.7393043806791324
7.93 -0.7526230547780575
7.94 -0.765640689689914
7.95 -0.7783520785342984
7.96 -0.7907521369251587
7.97 -0.8028359050044701
7.98 -0.8145985494261158
7.99 -0.8260353652891601
8.0 -0.8371417780197468
8.01 -0.8479133452008673
8.02 -0.8583457583492679
8.03 -0.8684348446387863
8.04 -0.878176568569426
8.05 -0.8875670335815046
8.06 -0.896602483614218
8.07 -0.9052793046080263
8.08 -0.9135940259502211
8.09 -0.9215433218631272
8.1 -0.9291240127343684
8.11 -0.9363330663886709
8.12 -0.9431675993006924
8.13 -0.9496248777483951
8.14 -0.9557023189064934
8.15 -0.9613974918795568
8.16 -0.9667081186743308
8.17 -0.9716320751109048
8.18 -0.976167391672356
8.19 -0.98031225429253
8.2 -0.9840650050816427
8.21 -0.9874241429894152
8.22 -0.990388324405471
8.23 -0.9929563636967662
8.24 -0.9951272336818244
8.25 -0.9969000660415961
8.26 -0.9982741516667748
8.27 -0.9992489409414314
8.28 -0.999824043962853
8.29 -0.999999230697499
8.3 -0.9997744310730111
8.31 -0.9991497350062422
8.32 -0.9981253923672896
8.33 -0.9967018128795512
8.34 -0.9948795659558413
8.35 -0.9926593804706332
8.36 -0.9900421444685187
8.37 -0.9870289048090027
8.38 -0.9836208667477725
8.39 -0.9798193934546138
8.4 -0.9756260054681576
8.41 -0.9710423800876874
8.42 -0.9660703507022413
8.43 -0.9607119060572806
8.44 -0.9549691894592184
8.45 -0.9488444979181251
8.46 -0.9423402812289547
8.47 -0.9354591409916635
8.48 -0.9282038295705979
8.49 -0.9205772489935901
8.5 -0.9125824497911845
8.51 -0.9042226297764662
8.52 -0.8955011327659783
8.53 -0.88642144724224
8.54 -0.8769872049583999
8.55 -0.8672021794855813
8.56 -0.857070284703512
8.57 -0.8465955732350126
8.58 -0.8357822348250097
8.59 -0.8246345946646914
8.6 -0.8131571116614885
8.61 -0.8013543766555713
8.62 -0.7892311105835744
8.63 -0.776792162590283
8.64 -0.7640425080890486
8.65 -0.7509872467716762
8.66 -0.7376316005686248
8.67 -0.7239809115603028
8.68 -0.7100406398403069
8.69 -0.6958163613314571
8.7 -0.6813137655555026
8.71 -0.6665386533573856
8.72 -0.6514969345849919
8.73 -0.6361946257252741
8.74 -0.6206378474977482
8.75 -0.6048328224062841
8.76 -0.5887858722501876
8.77 -0.5725034155955647
8.78 -0.5559919652079808
8.79 -0.5392581254474409
8.8 -0.5223085896267315
8.81 -0.5051501373341961
8.82 -0.4877896317219724
8.83 -0.470234016760835
8.84 -0.4524903144626965
8.85 -0.43456562207189675
8.86 -0.41646710922639923
8.87 -0.3982020150900319
8.88 -0.3797776454569147
8.89 -0.36120136982925244
8.9 -0.34248061846961253
8.91 -0.3236228794289322
8.92 -0.3046356955513944
8.93 -0.2855266614573912
8.94 -0.2663034205057765
8.95 -0.24697366173662433
8.96 -0.22754511679571235
8.97 -0.20802555684197996
8.98 -0.1884227894391479
8.99 -0.16874465543281056
9.0 -0.1489990258141988
9.01 -0.1291937985718886
9.02 -0.10933689553271062
9.03 -0.08943625919312541
9.04 -0.0694998495423305
9.05 -0.04953564087836742
9.06 -0.029551618618522943
9.07 -0.009555776105247387
9.08 0.010443888591061618
9.09 0.03043937587118419
9.1 0.05042268780681122
9.11 0.07038583133960907
9.12 0.09032082147833631
9.13 0.11021968449273732
9.14 0.1300744611029139
9.15 0.14987720966295234
9.16 0.16962000933746174
9.17 0.18929496326980613
9.18 0.2088942017407418
9.19 0.22840988531620005
9.2 0.24783420798295638
9.21 0.267159400270935
9.22 0.2863777323608796
9.23 0.30548151717619876
9.24 0.32446311345768003
9.25 0.3433149288198954
9.26 0.36202942278805417
9.27 0.3805991098140923
9.28 0.39901656227079196
9.29 0.4172744134227332
9.3 0.4353653603728932
9.31 0.45328216698369495
9.32 0.4710176667713848
9.33 0.48856476577251795
9.34 0.5059164453814522
9.35 0.5230657651576964
9.36 0.5400058656019948
9.37 0.5567299709000347
9.38 0.5732313916326848
9.39 0.5895035274516621
9.4 0.605539869719601
9.41 0.6213340041134094
9.42 0.6368796131899154
9.43 0.6521704789127603
9.44 0.6672004851395306
9.45 0.6819636200681329
9.46 0.6964539786414377
9.47 0.7106657649092125
9.48 0.7245932943464407
9.49 0.7382309961270456
9.5 0.7515734153521483
9.51 0.7646152152319554
9.52 0.7773511792204034
9.53 0.7897762131017074
9.54 0.80188534702798
9.55 0.8136737375071054
9.56 0.8251366693400644
9.57 0.8362695575069629
9.58 0.8470679490009708
9.59 0.857527524609467
9.6 0.8676441006416673
9.61 0.8774136306020448
9.62 0.8868322068088739
9.63 0.8958960619572527
9.64 0.9046015706259687
9.65 0.9129452507276277
9.66 0.9209237649014367
9.67 0.9285339218481049
9.68 0.9357726776063212
9.69 0.9426371367702976
9.7 0.9491245536478935
9.71 0.9552323333588566
9.72 0.9609580328727364
9.73 0.96629936198607
9.74 0.9712541842384289
9.75 0.9758205177669755
9.76 0.9799965360991822
9.77 0.9837805688833955
9.78 0.9871711025569548
9.79 0.9901667809515973
9.8 0.9927664058359071
9.81 0.9949689373945911
9.82 0.9967734946443929
9.83 0.9981793557864731
9.84 0.9991859584951193
9.85 0.9997929001426692
9.86 0.9999999379605563
9.87 0.9998069891364141
9.88 0.9992141308471991
9.89 0.998221600228323
9.9 0.9968297942787993
9.91 0.9950392697024508
9.92 0.9928507426852348
9.93 0.9902650886087779
9.94 0.9872833417002362
9.95 0.9839066946186167
9.96 0.9801364979777302
9.97 0.9759742598059655
9.98 0.9714216449430951
9.99 0.9664804743743635
