0.0 1.682941969615793
0.01 1.6936636892360304
0.02 1.704216043898726
0.03 1.7145979783772067
0.04 1.7248084544866769
0.05 1.734846451188034
0.06 1.7447109646899726
0.07 1.7544010085493633
0.08 1.763915613769895
0.09 1.7732538288989745
0.1 1.7824147201228708
0.11 1.7913973713600952
0.12 1.8002008843530102
0.13 1.8088243787576517
0.14 1.8172669922317666
0.15 1.825527880521042
0.16 1.8336062175435337
0.17 1.8415011954722713
0.18 1.8492120248160406
0.19 1.8567379344983335
0.2 1.8640781719344526
0.21 1.871232003106772
0.22 1.8781987126381352
0.23 1.884977603863395
0.24 1.891567998899078
0.25 1.8979692387111724
0.26 1.9041806831810315
0.27 1.9102017111693845
0.28 1.9160317205784498
0.29 1.9216701284121454
0.3 1.927116370834386
0.31 1.932369903225468
0.32 1.9374302002365307
0.33 1.9422967558420892
0.34 1.9469690833906388
0.35 1.9514467156533182
0.36 1.9557292048706323
0.37 1.9598161227972284
0.38 1.9637070607447193
0.39 1.9674016296225532
0.4 1.9708994599769203
0.41 1.9742002020277007
0.42 1.9773035257034395
0.43 1.9802091206743555
0.44 1.9829166963833729
0.45 1.985425982075177
0.46 1.9877367268232897
0.47 1.9898486995551619
0.48 1.99176168907528
0.49 1.9934755040862868
0.5 1.994989973208109
0.51 1.9963049449950963
0.52 1.997420287951166
0.53 1.998335890542952
0.54 1.9990516612109581
0.55 1.999567528378714
0.56 1.9998834404599326
0.57 1.9999993658636692
0.58 1.9999152929974802
0.59 1.9996312302685817
0.6 1.9991472060830102
0.61 1.998463268842781
0.62 1.997579486941048
0.63 1.996495948755265
0.64 1.9952127626383473
0.65 1.9937300569078378
0.66 1.9920479798330735
0.67 1.9901666996203604
0.68 1.988086404396152
0.69 1.985807302188237
0.7 1.9833296209049371
0.71 1.980653608312316
0.72 1.977779532009403
0.73 1.9747076794014329
0.74 1.971438357671107
0.75 1.9679718937478738
0.76 1.964308634275237
0.77 1.960448945576091
0.78 1.9563932136160893
0.79 1.9521418439650484
0.8 1.9476952617563903
0.81 1.9430539116446306
0.82 1.9382182577609128
0.83 1.933188783666595
0.84 1.9279659923048964
0.85 1.9225504059505998
0.86 1.9169425661578285
0.87 1.911143033705888
0.88 1.9051523885431907
0.89 1.898971229729261
0.9 1.892600175374829
0.91 1.886039862580021
0.92 1.8792909473706498
0.93 1.872354104632612
0.94 1.865230028044401
0.95 1.8579194300077386
0.96 1.8504230415763365
0.97 1.8427416123827909
0.98 1.8348759105636196
0.99 1.8268267226824504
1.0 1.8185948536513634
1.01 1.810181126650402
1.02 1.8015863830452545
1.03 1.7928114823031196
1.04 1.7838573019067592
1.05 1.774724737266751
1.06 1.7654147016319481
1.07 1.7559281259981558
1.08 1.746265959015033
1.09 1.7364291668912253
1.1 1.7264187332977474
1.11 1.7162356592696173
1.12 1.7058809631057523
1.13 1.6953556802671397
1.14 1.6846608632732918
1.15 1.6737975815969957
1.16 1.6627669215573662
1.17 1.651569986211216
1.18 1.6402078952427488
1.19 1.628681784851592
1.2 1.6169928076391802
1.21 1.6051421324934945
1.22 1.5931309444721735
1.23 1.5809604446840095
1.24 1.5686318501688399
1.25 1.5561463937758424
1.26 1.543505324040252
1.27 1.5307099050585071
1.28 1.5177614163618436
1.29 1.5046611527883416
1.3 1.4914104243534407
1.31 1.4780105561189418
1.32 1.4644628880605022
1.33 1.450768774933639
1.34 1.4369295861382525
1.35 1.4229467055816887
1.36 1.4088215315403518
1.37 1.3945554765198755
1.38 1.3801499671138728
1.39 1.36560644386128
1.4 1.3509263611023021
1.41 1.3361111868329818
1.42 1.3211624025584014
1.43 1.3060815031445303
1.44 1.2908699966687416
1.45 1.2755294042690073
1.46 1.2600612599917844
1.47 1.24446711063861
1.48 1.2287485156114235
1.49 1.2129070467566294
1.5 1.1969442882079129
1.51 1.180861836227826
1.52 1.1646612990481637
1.53 1.1483442967091446
1.54 1.1319124608974056
1.55 1.115367434782834
1.56 1.0987108728542532
1.57 1.0819444407539764
1.58 1.0650698151112423
1.59 1.0480886833745522
1.6 1.0310027436429283
1.61 1.0138137044961062
1.62 0.9965232848236771
1.63 0.979133213653199
1.64 0.9616452299772973
1.65 0.9440610825797653
1.66 0.9263825298606904
1.67 0.9086113396606129
1.68 0.8907492890837431
1.69 0.8727981643202526
1.7 0.8547597604676596
1.71 0.836635881351318
1.72 0.8184283393440355
1.73 0.800138955184839
1.74 0.7817695577969044
1.75 0.7633219841046635
1.76 0.7447980788501114
1.77 0.7261996944083366
1.78 0.7075286906022854
1.79 0.68878693451678
1.8 0.6699763003118102
1.81 0.65109866903512
1.82 0.6321559284341068
1.83 0.6131499727670459
1.84 0.5940827026136648
1.85 0.5749560246850888
1.86 0.5557718516331727
1.87 0.5365321018592358
1.88 0.5172386993222217
1.89 0.497893573346306
1.9 0.47849865842796485
1.91 0.4590558940425284
1.92 0.4395672244502339
1.93 0.42003459850179914
1.94 0.40045996944354106
1.95 0.3808452947220541
1.96 0.36119253578846583
1.97 0.34150365790229154
1.98 0.3217806299349115
1.99 0.3020254241726877
2.0 0.2822400161197344
2.01 0.26242638430036846
2.02 0.2425865100612595
2.03 0.22272237737330003
2.04 0.20283597263320374
2.05 0.1829292844648744
2.06 0.16300430352053824
2.07 0.1430630222816874
2.08 0.1231074348598263
2.09 0.10313953679706928
2.1 0.08316132486658098
2.11 0.06317479687290779
2.12 0.04318195145219192
2.13 0.02318478787231655
2.14 0.0031853058329736565
2.15 -0.016814494734297237
2.16 -0.03681261386610762
2.17 -0.05680705176720758
2.18 -0.07679580901047076
2.19 -0.0967768867368283
2.2 -0.11674828685516017
2.21 -0.13670801224209556
2.22 -0.1566540669417306
2.23 -0.1765844563652152
2.24 -0.19649718749021736
2.25 -0.21639026906021674
2.26 -0.23626171178363475
2.27 -0.25610952853275937
2.28 -0.2759317345424537
2.29 -0.29572634760863703
2.3 -0.3154913882864964
2.31 -0.33522488008843665
2.32 -0.3549248496817203
2.33 -0.37458932708580633
2.34 -0.3942163458693397
2.35 -0.41380394334679954
2.36 -0.43335016077475924
2.37 -0.4528530435477663
2.38 -0.472310641393794
2.39 -0.49172100856927403
2.4 -0.5110822040536624
2.41 -0.5303922917435467
2.42 -0.549649340646248
2.43 -0.5688514250729251
2.44 -0.5879966248311352
2.45 -0.6070830254168587
2.46 -0.6261087182059404
2.47 -0.645071800644958
2.48 -0.6639703764414682
2.49 -0.6828025557536419
2.5 -0.7015664553792397
2.51 -0.7202601989439363
2.52 -0.7388819170889542
2.53 -0.7574297476579952
2.54 -0.7759018358834606
2.55 -0.7942963345719196
2.56 -0.8126114042888336
2.57 -0.8308452135424917
2.58 -0.8489959389671652
2.59 -0.8670617655054355
2.6 -0.8850408865897049
2.61 -0.9029315043228463
2.62 -0.9207318296579966
2.63 -0.9384400825774543
2.64 -0.9560544922706857
2.65 -0.9735732973113989
2.66 -0.9909947458336898
2.67 -1.008317095707223
2.68 -1.0255386147114476
2.69 -1.042657580708813
2.7 -1.0596722818169868
2.71 -1.0765810165800354
2.72 -1.0933820941385743
2.73 -1.1100738343988477
2.74 -1.12665456820074
2.75 -1.1431226374846875
2.76 -1.1594763954574856
2.77 -1.1757142067569655
2.78 -1.1918344476155278
2.79 -1.2078355060225212
2.8 -1.2237157818854378
2.81 -1.2394736871899266
2.82 -1.2551076461585866
2.83 -1.2706160954085512
2.84 -1.2859974841078177
2.85 -1.3012502741303347
2.86 -1.3163729402098099
2.87 -1.3313639700922384
2.88 -1.3462218646871233
2.89 -1.360945138217388
2.9 -1.3755323183679475
2.91 -1.389981946432944
2.92 -1.4042925774616108
2.93 -1.4184627804027723
2.94 -1.432491138247941
2.95 -1.4463762481730242
2.96 -1.460116721678599
2.97 -1.4737111847287667
2.98 -1.4871582778885493
2.99 -1.500456656459838
3.0 -1.5136049906158566
3.01 -1.5266019655341467
3.02 -1.5394462815280476
3.03 -1.5521366541766635
3.04 -1.5646718144533056
3.05 -1.57705050885239
3.06 -1.5892714995147947
3.07 -1.6013335643516353
3.08 -1.613235497166481
3.09 -1.6249761077759686
3.1 -1.6365542221288205
3.11 -1.6479686824232505
3.12 -1.6592183472227418
3.13 -1.670302091570187
3.14 -1.68121880710039
3.15 -1.691967402150893
3.16 -1.702546801871149
3.17 -1.7129559483300023
3.18 -1.723193800621481
3.19 -1.7332593349688876
3.2 -1.7431515448271764
3.21 -1.7528694409836028
3.22 -1.7624120516566513
3.23 -1.7717784225932054
3.24 -1.780967617163977
3.25 -1.789978716457167
3.26 -1.7988108193703554
3.27 -1.8074630427006106
3.28 -1.81593452123281
3.29 -1.8242244078261607
3.3 -1.8323318734989098
3.31 -1.840256107511248
3.32 -1.8479963174463758
3.33 -1.855551729289751
3.34 -1.862921587506485
3.35 -1.8701051551168981
3.36 -1.877101713770215
3.37 -1.883910563816402
3.38 -1.8905310243761266
3.39 -1.8969624334088517
3.4 -1.9032041477790322
3.41 -1.9092555433204328
3.42 -1.9151160148985422
3.43 -1.9207849764710867
3.44 -1.926261861146633
3.45 -1.9315461212412777
3.46 -1.9366372283334143
3.47 -1.941534673316577
3.48 -1.9462379664503477
3.49 -1.950746637409333
3.5 -1.955060235330194
3.51 -1.9591783288567337
3.52 -1.9631005061830307
3.53 -1.966826375094621
3.54 -1.970355563007719
3.55 -1.973687717006473
3.56 -1.9768225038782612
3.57 -1.9797596101470079
3.58 -1.982498742104534
3.59 -1.9850396258399263
3.6 -1.9873820072669288
3.61 -1.989525652149351
3.62 -1.9914703461244907
3.63 -1.993215894724571
3.64 -1.9947621233961867
3.65 -1.996108877517759
3.66 -1.9972560224149978
3.67 -1.9982034433743696
3.68 -1.998951045654568
3.69 -1.999498754495988
3.7 -1.9998465151282017
3.71 -1.999994292775436
3.72 -1.999942072660049
3.73 -1.9996898600040087
3.74 -1.9992376800283709
3.75 -1.998585577950756
3.76 -1.9977336189808284
3.77 -1.9966818883137751
3.78 -1.9954304911217866
3.79 -1.993979552543539
3.8 -1.9923292176716814
3.81 -1.9904796515383252
3.82 -1.9884310390985427
3.83 -1.9861835852118708
3.84 -1.9837375146218252
3.85 -1.9810930719334265
3.86 -1.9782505215887398
3.87 -1.9752101478404307
3.88 -1.9719722547233407
3.89 -1.9685371660240827
3.9 -1.964905225248665
3.91 -1.9610767955881379
3.92 -1.957052259882277
3.93 -1.9528320205812995
3.94 -1.9484164997056186
3.95 -1.9438061388036416
3.96 -1.9390013989076176
3.97 -1.9340027604875316
3.98 -1.928810723403061
3.99 -1.9234258068535868
4.0 -1.917848549326277
4.01 -1.9120795085422362
4.02 -1.9061192614007354
4.03 -1.8999684039215217
4.04 -1.8936275511852179
4.05 -1.8870973372718132
4.06 -1.8803784151972573
4.07 -1.8734714568481579
4.08 -1.8663771529145952
4.09 -1.8590962128210502
4.1 -1.851629364655465
4.11 -1.8439773550964325
4.12 -1.8361409493385341
4.13 -1.828120931015814
4.14 -1.8199181021234212
4.15 -1.811533282937409
4.16 -1.8029673119327096
4.17 -1.7942210456992849
4.18 -1.7852953588564693
4.19 -1.7761911439655085
4.2 -1.7669093114403063
4.21 -1.7574507894563798
4.22 -1.7478165238580448
4.23 -1.7380074780638322
4.24 -1.7280246329701487
4.25 -1.717868986853184
4.26 -1.7075415552690867
4.27 -1.697043370952409
4.28 -1.6863754837128335
4.29 -1.6755389603301956
4.3 -1.6645348844478025
4.31 -1.6533643564640725
4.32 -1.642028493422494
4.33 -1.6305284288999269
4.34 -1.6188653128932389
4.35 -1.6070403117043115
4.36 -1.5950546078234087
4.37 -1.582909399810932
4.38 -1.5706059021775611
4.39 -1.5581453452628062
4.4 -1.5455289751119743
4.41 -1.5327580533515688
4.42 -1.519833857063122
4.43 -1.506757678655493
4.44 -1.4935308257356248
4.45 -1.4801546209777887
4.46 -1.466630401991313
4.47 -1.4529595211868263
4.48 -1.439143345641015
4.49 -1.425183256959923
4.5 -1.4110806511407838
4.51 -1.3968369384324273
4.52 -1.3824535431942542
4.53 -1.3679319037538014
4.54 -1.3532734722629138
4.55 -1.338479714552524
4.56 -1.3235521099860752
4.57 -1.3084921513115828
4.58 -1.293301344512367
4.59 -1.2779812086564475
4.6 -1.2625332757446432
4.61 -1.2469590905573706
4.62 -1.2312602105001726
4.63 -1.2154382054479715
4.64 -1.1994946575880876
4.65 -1.1834311612620187
4.66 -1.1672493228060146
4.67 -1.1509507603904343
4.68 -1.1345371038579373
4.69 -1.1180099945604975
4.7 -1.1013710851952752
4.71 -1.0846220396393396
4.72 -1.0677645327832885
4.73 -1.0508002503637586
4.74 -1.0337308887948575
4.75 -1.0165581549985168
4.76 -0.9992837662338049
4.77 -0.9819094499252035
4.78 -0.9644369434898631
4.79 -0.9468679941638701
4.8 -0.9292043588275147
4.81 -0.911447803829611
4.82 -0.89360010481086
4.83 -0.8756630465262938
4.84 -0.8576384226667918
4.85 -0.8395280356797193
4.86 -0.8213336965886817
4.87 -0.8030572248124292
4.88 -0.7847004479829077
4.89 -0.7662652017625027
4.9 -0.747753329660472
4.91 -0.7291666828486026
4.92 -0.7105071199760853
4.93 -0.6917765069836577
4.94 -0.6729767169170084
4.95 -0.6541096297394813
4.96 -0.6351771321440697
4.97 -0.6161811173647562
4.98 -0.5971234849871871
4.99 -0.5780061407587223
5.0 -0.5588309963978517
5.01 -0.5395999694030323
5.02 -0.5203149828609378
5.03 -0.5009779652541498
5.04 -0.4815908502683184
5.05 -0.4621555765987845
5.06 -0.44267408775671907
5.07 -0.4231483318747701
5.08 -0.4035802615122578
5.09 -0.38397183345991004
5.1 -0.36432500854419175
5.11 -0.3446417514312205
5.12 -0.3249240304303084
5.13 -0.3051738172971223
5.14 -0.28539308703651717
5.15 -0.2655838177050335
5.16 -0.2457479902131001
5.17 -0.22588758812693474
5.18 -0.2060045974701957
5.19 -0.1861010065253778
5.2 -0.1661788056349928
5.21 -0.14623998700252616
5.22 -0.12628654449322554
5.23 -0.10632047343471225
5.24 -0.08634377041745736
5.25 -0.06635843309511363
5.26 -0.0463664599847589
5.27 -0.02636985026704428
5.28 -0.006370603586275981
5.29 0.013629280149540351
5.3 0.033627800968699426
5.31 0.053622959035784706
5.32 0.07361275485165383
5.33 0.09359518945337977
5.34 0.1135682646141561
5.35 0.13352998304311092
5.36 0.15347834858503784
5.37 0.17341136642000265
5.38 0.19332704326283448
5.39 0.21322338756244533
5.4 0.23309840970098727
5.41 0.2529501221928054
5.42 0.2727765398831953
5.43 0.2925756801469099
5.44 0.3123455630864238
5.45 0.3320842117299145
5.46 0.351789652228968
5.47 0.37145991405595574
5.48 0.39109303020108854
5.49 0.4106870373691092
5.5 0.43023997617563103
5.51 0.4497498913430674
5.52 0.46921483189615987
5.53 0.48863285135707546
5.54 0.5080020079400462
5.55 0.5273203647455568
5.56 0.5465859899540247
5.57 0.5657969570189859
5.58 0.5849513448597394
5.59 0.6040472380534647
5.6 0.6230827270267557
5.61 0.6420559082465795
5.62 0.6609648844106218
5.63 0.6798077646370254
5.64 0.6985826646534697
5.65 0.7172877069856007
5.66 0.7359210211447693
5.67 0.7544807438150888
5.68 0.7729650190397587
5.69 0.7913719984066616
5.7 0.8096998412331966
5.71 0.827946714750356
5.72 0.8461107942859937
5.73 0.8641902634472943
5.74 0.8821833143024047
5.75 0.9000881475612352
5.76 0.9179029727553806
5.77 0.935626008417167
5.78 0.953255482257799
5.79 0.9707896313445805
5.8 0.9882267022772163
5.81 1.005564951363144
5.82 1.0228026447919047
5.83 1.0399380588085174
5.84 1.0569694798858615
5.85 1.073895204896022
5.86 1.090713541280604
5.87 1.1074228072199814
5.88 1.124021331801486
5.89 1.140507455186492
5.9 1.1568795287764004
5.91 1.1731359153774927
5.92 1.1892749893646573
5.93 1.2052951368439446
5.94 1.2211947558139582
5.95 1.236972256326048
5.96 1.2526260606433117
5.97 1.2681546033983628
5.98 1.2835563317498675
5.99 1.2988297055378224
6.0 1.3139731974375781
6.01 1.328985293112564
6.02 1.343864491365723
6.03 1.3586093042896297
6.04 1.373218257415277
6.05 1.3876898898595273
6.06 1.4020227544711963
6.07 1.4162154179757676
6.08 1.4302664611187157
6.09 1.4441744788074369
6.1 1.4579380802517519
6.11 1.4715558891029872
6.12 1.4850265435916037
6.13 1.4983486966633788
6.14 1.5115210161141075
6.15 1.5245421847228224
6.16 1.5374109003835117
6.17 1.550125876235334
6.18 1.5626858407913
6.19 1.575089538065422
6.2 1.5873357276983062
6.21 1.5994231850811964
6.22 1.6113507014784265
6.23 1.6231170841482976
6.24 1.6347211564623458
6.25 1.646161758023011
6.26 1.6574377447796707
6.27 1.668547989143046
6.28 1.6794913800979598
6.29 1.6902668233144347
6.3 1.7008732412571288
6.31 1.711309573293087
6.32 1.7215747757978033
6.33 1.7316678222595798
6.34 1.7415877033821823
6.35 1.7513334271857643
6.36 1.7609040191060688
6.37 1.7702985220918765
6.38 1.7795159967007192
6.39 1.7885555211928168
6.4 1.7974161916232538
6.41 1.8060971219323696
6.42 1.814597444034368
6.43 1.8229163079041226
6.44 1.8310528816621792
6.45 1.8390063516579414
6.46 1.8467759225510378
6.47 1.854360817390854
6.48 1.8617602776942273
6.49 1.868973563521292
6.5 1.8759999535494778
6.51 1.8828387451456365
6.52 1.8894892544363076
6.53 1.895950816376105
6.54 1.902222784814218
6.55 1.9083045325590295
6.56 1.914195451440834
6.57 1.9198949523726523
6.58 1.9254024654091402
6.59 1.9307174398035836
6.6 1.9358393440629726
6.61 1.94076766600115
6.62 1.9455019127900275
6.63 1.9500416110088725
6.64 1.9543863066916458
6.65 1.9585355653724
6.66 1.9624889721287242
6.67 1.9662461316232376
6.68 1.9698066681431217
6.69 1.9731702256376917
6.7 1.9763364677540007
6.71 1.979305077870476
6.72 1.9820757591285796
6.73 1.984648234462495
6.74 1.9870222466268317
6.75 1.9891975582223522
6.76 1.9911739517197096
6.77 1.992951229481201
6.78 1.9945292137805317
6.79 1.9959077468205864
6.8 1.99708669074921
6.81 1.9980659276729917
6.82 1.9988453596690559
6.83 1.999424908794852
6.84 1.9998045170959504
6.85 1.9999841466118375
6.86 1.9999637793797111
6.87 1.999743417436278
6.88 1.9993230828175483
6.89 1.998702817556634
6.9 1.997882683679544
6.91 1.9968627631989828
6.92 1.9956431581061487
6.93 1.994223990360534
6.94 1.9926054018777313
6.95 1.9907875545152398
6.96 1.9887706300562809
6.97 1.9865548301916196
6.98 1.984140376499396
6.99 1.981527510422967
7.0 1.9787164932467636
7.01 1.9757076060701602
7.02 1.9725011497793674
7.03 1.9690974450173415
7.04 1.9654968321517243
7.05 1.961699671240799
7.06 1.9577063419974954
7.07 1.9535172437514072
7.08 1.94913279540887
7.09 1.944553435411064
7.1 1.9397796216901726
7.11 1.9348118316235898
7.12 1.9296505619861817
7.13 1.9242963289006136
7.14 1.9187496677857283
7.15 1.9130111333030182
7.16 1.9070812993011486
7.17 1.9009607587585777
7.18 1.89465012372426
7.19 1.888150025256438
7.2 1.8814611133595462
7.21 1.8745840569191952
7.22 1.8675195436353027
7.23 1.8602682799533052
7.24 1.8528309909935323
7.25 1.8452084204786805
7.26 1.8374013306594494
7.27 1.8294105022383151
7.28 1.8212367342914593
7.29 1.8128808441888695
7.3 1.8043436675125868
7.31 1.7956260579731704
7.32 1.786728887324304
7.33 1.777653045275642
7.34 1.7683994394038254
7.35 1.7589689950617298
7.36 1.7493626552859305
7.37 1.739581380702398
7.38 1.7296261494304455
7.39 1.7194979569848965
7.4 1.7091978161765609
7.41 1.6987267570109346
7.42 1.6880858265852081
7.43 1.6772760889835565
7.44 1.66629862517073
7.45 1.6551545328839679
7.46 1.6438449265232045
7.47 1.6323709370396589
7.48 1.6207337118227096
7.49 1.6089344145851872
7.5 1.5969742252469805
7.51 1.5848543398170567
7.52 1.5725759702738584
7.53 1.5601403444441064
7.54 1.5475487058800268
7.55 1.5348023137349747
7.56 1.521902442637551
7.57 1.5088503825641069
7.58 1.4956474387097798
7.59 1.4822949313579503
7.6 1.468794195748227
7.61 1.4551465819429195
7.62 1.4413534546920337
7.63 1.4274161932968072
7.64 1.413336191471756
7.65 1.399114857205336
7.66 1.3847536126191209
7.67 1.3702538938256013
7.68 1.3556171507845736
7.69 1.340844847158142
7.7 1.3259384601643667
7.71 1.3108994804295149
7.72 1.295729411839038
7.73 1.2804297713871426
7.74 1.2650020890251326
7.75 1.2494479075083849
7.76 1.2337687822420895
7.77 1.217966281125707
7.78 1.2020419843961778
7.79 1.185997484469913
7.8 1.1698343857835234
7.81 1.1535543046334198
7.82 1.1371588690141394
7.83 1.1206497184555895
7.84 1.1040285038590658
7.85 1.0872968873321769
7.86 1.0704565420226324
7.87 1.0535091519509268
7.88 1.0364564118419535
7.89 1.0193000269555008
7.9 1.0020417129157693
7.91 0.9846831955397783
7.92 0.9672262106648
7.93 0.9496725039747743
7.94 0.9320238308257391
7.95 0.9142819560703116
7.96 0.8964486538811698
7.97 0.8785257075736843
7.98 0.8605149094275374
7.99 0.8424180605075443
8.0 0.8242369704835132
8.01 0.8059734574492955
8.02 0.7876293477409753
8.03 0.7692064757542365
8.04 0.7507066837609255
8.05 0.732131821724822
8.06 0.7134837471166572
8.07 0.6947643247283485
8.08 0.6759754264865352
8.09 0.6571189312653843
8.1 0.6381967246987043
8.11 0.619210698991383
8.12 0.60016275273017
8.13 0.5810547906938144
8.14 0.5618887236626036
8.15 0.5426664682272655
8.16 0.5233899465973252
8.17 0.504061086408882
8.18 0.48468182053184755
8.19 0.46525408687666003
8.2 0.4457798282004953
8.21 0.426260991912989
8.22 0.40669952988151115
8.23 0.38709739823596034
8.24 0.367456557173166
8.25 0.3477789707608671
8.26 0.328066606741307
8.27 0.30832143633446063
8.28 0.28854543404091454
8.29 0.2687405774444181
8.3 0.2489088470141234
8.31 0.22905222590655416
8.32 0.20917269976727051
8.33 0.1892722565323201
8.34 0.16935288622944283
8.35 0.14941658077906955
8.36 0.12946533379513178
8.37 0.10950114038570191
8.38 0.08952599695348055
8.39 0.06954190099617216
8.4 0.04955085090671553
8.41 0.029554845773460472
8.42 0.009555885180257023
8.43 -0.010444030993501241
8.44 -0.030442902772863486
8.45 -0.05043873028731744
8.46 -0.07042951397077836
8.47 -0.09041325476152971
8.48 -0.11038795430214902
8.49 -0.1303516151393278
8.5 -0.1503022409236186
8.51 -0.17023783660906852
8.52 -0.1901564086527219
8.53 -0.21005596521397318
8.54 -0.2299345163537491
8.55 -0.24979007423350463
8.56 -0.269620653313991
8.57 -0.2894242705538291
8.58 -0.30919894560779787
8.59 -0.32894270102487083
8.6 -0.3486535624459593
8.61 -0.3683295588013468
8.62 -0.38796872250779446
8.63 -0.40756908966530103
8.64 -0.4271287002534774
8.65 -0.4466455983275678
8.66 -0.4661178322140288
8.67 -0.4855434547056987
8.68 -0.5049205232565162
8.69 -0.5242471001757738
8.7 -0.5435212528218849
8.71 -0.5627410537956501
8.72 -0.5819045811329816
8.73 -0.6010099184971187
8.74 -0.620055155370246
8.75 -0.6390383872445473
8.76 -0.6579577158126543
8.77 -0.6768112491574763
8.78 -0.69559710194139
8.79 -0.7143133955947719
8.8 -0.7329582585038569
8.81 -0.7515298261978846
8.82 -0.7700262415355653
8.83 -0.7884456548907789
8.84 -0.8067862243375392
8.85 -0.8250461158341854
8.86 -0.8432235034067843
8.87 -0.8613165693317265
8.88 -0.8793235043175001
8.89 -0.8972425076856059
8.9 -0.9150717875506428
8.91 -0.9328095609994818
8.92 -0.9504540542695596
8.93 -0.9680035029262529
8.94 -0.9854561520393205
8.95 -1.0028102563583947
8.96 -1.0200640804875087
8.97 -1.0372158990586215
8.98 -1.054263996904172
8.99 -1.0712066692285827
9.0 -1.0880422217787395
9.01 -1.1047689710134176
9.02 -1.1213852442716319
9.03 -1.1378893799399037
9.04 -1.1542797276184193
9.05 -1.1705546482860727
9.06 -1.1867125144643536
9.07 -1.2027517103801117
9.08 -1.2186706321271217
9.09 -1.2344676878264744
9.1 -1.2501412977857642
9.11 -1.2656898946570563
9.12 -1.2811119235936208
9.13 -1.2964058424054181
9.14 -1.3115701217133071
9.15 -1.326603245101996
9.16 -1.3415037092716737
9.17 -1.3562700241883405
9.18 -1.3709007132328095
9.19 -1.3853943133483688
9.2 -1.3997493751870846
9.21 -1.4139644632547383
9.22 -1.4280381560543636
9.23 -1.4419690462284116
9.24 -1.4557557406994732
9.25 -1.4693968608095909
9.26 -1.4828910424581208
9.27 -1.4962369362381434
9.28 -1.509433207571402
9.29 -1.5224785368417604
9.3 -1.535371619527165
9.31 -1.5481111663300864
9.32 -1.5606959033064631
9.33 -1.5731245719930849
9.34 -1.58539592953344
9.35 -1.5975087488020008
9.36 -1.6094618185269343
9.37 -1.6212539434112285
9.38 -1.6328839442522245
9.39 -1.644350658059525
9.4 -1.6556529381713074
9.41 -1.6667896543689786
9.42 -1.6777596929902
9.43 -1.6885619570402506
9.44 -1.6991953663017274
9.45 -1.7096588574425655
9.46 -1.7199513841223721
9.47 -1.7300719170970529
9.48 -1.7400194443217456
9.49 -1.7497929710520175
9.5 -1.7593915199433403
9.51 -1.7688141311488232
9.52 -1.7780598624151984
9.53 -1.7871277891770434
9.54 -1.7960170046492392
9.55 -1.8047266199176473
9.56 -1.8132557640279958
9.57 -1.8216035840729832
9.58 -1.8297692452775611
9.59 -1.8377519310824137
9.6 -1.8455508432256131
9.61 -1.853165201822444
9.62 -1.8605942454433917
9.63 -1.8678372311902864
9.64 -1.8748934347705866
9.65 -1.8817621505698157
9.66 -1.8884426917221178
9.67 -1.8949343901789446
9.68 -1.9012365967758602
9.69 -1.907348681297457
9.7 -1.9132700325403758
9.71 -1.919000058374428
9.72 -1.9245381858018031
9.73 -1.9298838610143745
9.74 -1.9350365494490755
9.75 -1.939995735841357
9.76 -1.9447609242767119
9.77 -1.949331638240268
9.78 -1.9537074206644376
9.79 -1.9578878339746248
9.8 -1.961872460132983
9.81 -1.9656609006802155
9.82 -1.9692527767754253
9.83 -1.9726477292339961
9.84 -1.975845418563511
9.85 -1.9788455249977022
9.86 -1.9816477485284258
9.87 -1.9842518089356642
9.88 -1.9866574458155473
9.89 -1.9888644186063906
9.9 -1.9908725066127548
9.91 -1.9926815090275127
9.92 -1.99429124495193
9.93 -1.9957015534137563
9.94 -1.99691229338332
9.95 -1.9979233437876336
9.96 -1.998734603522499
9.97 -1.9993459914626188
9.98 -1.9997574464697083
9.99 -1.9999689273986099
