0.0 0.005960079923851836
0.01 0.007276689743657161
0.02 0.008578566753145068
0.03 0.009863075096217094
0.04 0.01112761408238948
0.05 0.012369623452302744
0.06 0.01358658856137205
0.07 0.01477604547108326
0.08 0.015935585937626503
0.09 0.017062862287767003
0.1 0.018155592172081184
0.11 0.01921156318593441
0.12 0.02022863734884435
0.13 0.021204755433160975
0.14 0.022137941133298884
0.15 0.02302630506708081
0.16 0.02386804860109098
0.17 0.024661467492293154
0.18 0.025404955338540456
0.19 0.026097006830990827
0.2 0.026736220801843062
0.21 0.027321303061222837
0.22 0.027851069017475
0.23 0.028324446075556876
0.24 0.028740475808676745
0.25 0.029098315898780612
0.26 0.029397241841958424
0.27 0.029636648415316956
0.28 0.029816050902349345
0.29 0.029935086074320407
0.3 0.02999351292568071
0.31 0.029991213162020445
0.32 0.02992819143957521
0.33 0.029804575355798706
0.34 0.029620615191021493
0.35 0.029376683401718857
0.36 0.02907327386641369
0.37 0.028711000885741262
0.38 0.028290597938700316
0.39 0.02781291619760874
0.4 0.02727892280477045
0.41 0.02668969891434271
0.42 0.026046437503368377
0.43 0.025350440956405016
0.44 0.02460311842864122
0.45 0.023805982992838832
0.46 0.022960648575877596
0.47 0.022068826691104763
0.48 0.021132322973105275
0.49 0.02015303352190883
0.5 0.019132941064035108
0.51 0.018074110938150114
0.52 0.016978686913461084
0.53 0.015848886849316332
0.54 0.014686998204797973
0.55 0.013495373407398809
0.56 0.012276425090160506
0.57 0.011032621206916133
0.58 0.0097664800355268
0.59 0.00848056507922961
0.6 0.007177479876419472
0.61 0.005859862729373474
0.62 0.004530381362590315
0.63 0.003191727521559673
0.64 0.0018466115228973944
0.65 0.0004977567668804239
0.66 -0.000852105776508127
0.67 -0.0022002430968601156
0.68 -0.003543925676754534
0.69 -0.004880433018097623
0.7 -0.006207059150201993
0.71 -0.007521118108452517
0.72 -0.008819949372467028
0.73 -0.010100923252740947
0.74 -0.01136144621486994
0.75 -0.012598966130570969
0.76 -0.013810977444869948
0.77 -0.014995026248994464
0.78 -0.01614871524870054
0.79 -0.017269708617974302
0.8 -0.01835573672828158
0.81 -0.019404600743790128
0.82 -0.02041417707326082
0.83 -0.021382421669594386
0.84 -0.022307374168328238
0.85 -0.02318716185670471
0.86 -0.02402000346527453
0.87 -0.024804212774358684
0.88 -0.025538202028067232
0.89 -0.02622048514896238
0.9 -0.026849680746857504
0.91 -0.027424514915660295
0.92 -0.027943823812597284
0.93 -0.02840655601459777
0.94 -0.028811774647066298
0.95 -0.029158659280733596
0.96 -0.029446507592745464
0.97 -0.029674736788626595
0.98 -0.029842884782240266
0.99 -0.029950611131354853
1.0 -0.029997697726923025
1.01 -0.02998404923467805
1.02 -0.029909693288153086
1.03 -0.029774780432732743
1.04 -0.02957958382085011
1.05 -0.029324498658946395
1.06 -0.029010041407312972
1.07 -0.02863684873443571
1.08 -0.02820567622795885
1.09 -0.027717396864878226
1.1 -0.027172999244061132
1.11 -0.0265735855846714
1.12 -0.025920369494552217
1.13 -0.025214673513085012
1.14 -0.0244579264334989
1.15 -0.023651660410052896
1.16 -0.02279750785594683
1.17 -0.02189719813824253
1.18 -0.02095255407648641
1.19 -0.01996548825212271
1.2 -0.01893799913616965
1.21 -0.0178721670429984
1.22 -0.016770149918407463
1.23 -0.01563417897051961
1.24 -0.014466554152347946
1.25 -0.013269639505176905
1.26 -0.012045858372186437
1.27 -0.01079768849201012
1.28 -0.009527656982161044
1.29 -0.00823833522248237
1.3 -0.006932333648981741
1.31 -0.005612296468590441
1.32 -0.004280896305547731
1.33 -0.0029408287902500823
1.34 -0.0015948071015206837
1.35 -0.0002455564733494108
1.36 0.0011041913227748076
1.37 0.0024517035087678433
1.38 0.0037942518328920546
1.39 0.005129118093534217
1.4 0.006453599642634466
1.41 0.0077650148576255285
1.42 0.00906070857080197
1.43 0.010338057445127556
1.44 0.01159447528559638
1.45 0.012827418275394043
1.46 0.014034390126257528
1.47 0.015212947132605863
1.48 0.01636070311920906
1.49 0.017475334272377515
1.5 0.01855458384489072
1.51 0.01959626672513925
1.52 0.020598273861229154
1.53 0.02155857653109136
1.54 0.02247523044995068
1.55 0.023346379706838127
1.56 0.02417026052217641
1.57 0.02494520481883101
1.58 0.02566964359939632
1.59 0.0263421101228793
1.6 0.026961242874348805
1.61 0.027525788321538108
1.62 0.02803460345281939
1.63 0.028486658091411713
1.64 0.0288810369811371
1.65 0.029216941639501386
1.66 0.029493691974348563
1.67 0.02971072766081496
1.68 0.029867609275795643
1.69 0.029964019187626045
1.7 0.029999762199177563
1.71 0.02997476594306503
1.72 0.029889081028165967
1.73 0.02974288093715488
1.74 0.029536461675260132
1.75 0.029270241170954475
1.76 0.028944758429792737
1.77 0.028560672443109725
1.78 0.028118760853787943
1.79 0.02761991838179649
1.8 0.02706515501268882
1.81 0.026455593952727136
1.82 0.025792469354773473
1.83 0.025077123819551874
1.84 0.024311005677340645
1.85 0.023495666055598566
1.86 0.022632755738461602
1.87 0.02172402182446922
1.88 0.020771304189286847
1.89 0.019776531760586143
1.9 0.018741718612625812
1.91 0.017668959888439292
1.92 0.016560427557885986
1.93 0.015418366020154638
1.94 0.014245087559621615
1.95 0.013042967664265305
1.96 0.011814440216114629
1.97 0.010561992563469558
1.98 0.009288160484870744
1.99 0.007995523055014426
2.0 0.006686697423007429
2.01 0.00536433351353455
2.02 0.0040311086616662715
2.03 0.002689722192170606
2.04 0.0013428899543022617
2.05 -6.661176863842317e-06
2.06 -0.0013561988214228922
2.07 -0.002702990626775846
2.08 -0.0040443097997098125
2.09 -0.0053774406272225714
2.1 -0.006699683974913517
2.11 -0.00800836275180826
2.12 -0.00930082733055369
2.13 -0.010574460912007214
2.14 -0.011826684823361683
2.15 -0.013054963739075918
2.16 -0.014256810814043393
2.17 -0.01542979271860312
2.18 -0.016571534565201263
2.19 -0.017679724716726727
2.2 -0.01875211946678646
2.21 -0.01978654758244426
2.22 -0.02078091470022553
2.23 -0.02173320756648773
2.24 -0.02264149811357107
2.25 -0.023503947363476555
2.26 -0.024318809151168398
2.27 -0.025084433659961335
2.28 -0.025799270761835556
2.29 -0.026461873155916547
2.3 -0.027070899298764686
2.31 -0.027625116120542297
2.32 -0.028123401521558778
2.33 -0.028564746644139046
2.34 -0.028948257915215603
2.35 -0.02927315885550867
2.36 -0.02953879165163137
2.37 -0.029744618487937177
2.38 -0.029890222635412682
2.39 -0.02997530929541158
2.4 -0.029999706196521102
2.41 -0.02996336394335282
2.42 -0.029866356116551415
2.43 -0.029708879123818997
2.44 -0.029491251802256643
2.45 -0.0292139147728282
2.46 -0.028877429548253397
2.47 -0.028482477396136446
2.48 -0.028029857959631935
2.49 -0.02752048763844066
2.5 -0.026955397733413457
2.51 -0.026335732358519184
2.52 -0.025662746124404962
2.53 -0.024937801598238458
2.54 -0.024162366544974716
2.55 -0.02333801095563378
2.56 -0.022466403868605326
2.57 -0.0215493099904162
2.58 -0.020588586122802715
2.59 -0.01958617740332159
2.6 -0.018544113367111
2.61 -0.01746450383777561
2.62 -0.016349534655714232
2.63 -0.015201463252540565
2.64 -0.01402261408055481
2.65 -0.012815373906522745
2.66 -0.01158218697928784
2.67 -0.010325550081003236
2.68 -0.009048007472000507
2.69 -0.007752145739532086
2.7 -0.00644058856081586
2.71 -0.005115991390985301
2.72 -0.0037810360867001785
2.73 -0.002438425476303203
2.74 -0.0010908778875161238
2.75 0.00025887835624480263
2.76 0.0016081104597919507
2.77 0.002954086689142531
2.78 0.004294081902346219
2.79 0.0056253830669669115
2.8 0.006945294753046116
2.81 0.00825114459042765
2.82 0.009540288679394068
2.83 0.010810116943660186
2.84 0.012058058414885707
2.85 0.01328158643800766
2.86 0.014478223786853322
2.87 0.015645547679677296
2.88 0.016781194684465955
2.89 0.017882865504080473
2.9 0.018948329631547117
2.91 0.01997542986607243
2.92 0.020962086680637093
2.93 0.021906302432328034
2.94 0.022806165406882517
2.95 0.02365985368925637
2.96 0.024465638852379387
2.97 0.025221889456629558
2.98 0.025927074352940848
2.99 0.026579765782856882
3.0 0.027178642269253855
3.01 0.027722491291880376
3.02 0.028210211742296522
3.03 0.02864081615324212
3.04 0.029013432697920696
3.05 0.029327306955150734
3.06 0.029581803436810827
3.07 0.02977640687448596
3.08 0.029910723262710003
3.09 0.02998448065669212
3.1 0.02999752972291209
3.11 0.029949844041469626
3.12 0.02984152015957565
3.13 0.02967277739607721
3.14 0.029443957397411694
3.15 0.029155523445889626
3.16 0.028808059521706154
3.17 0.02840226912058087
3.18 0.027938973829419202
3.19 0.027419111662879764
3.2 0.026843735164215125
3.21 0.026214009274231422
3.22 0.02553120897268125
3.23 0.024796716696865336
3.24 0.02401201954266933
3.25 0.023178706253702944
3.26 0.02229846400463672
3.27 0.021373074985249964
3.28 0.020404412792105604
3.29 0.019394438635157035
3.3 0.018345197366968262
3.31 0.01725881334258616
3.32 0.016137486118447363
3.33 0.01498348599902808
3.34 0.013799149440253275
3.35 0.012586874318971727
3.36 0.011349115078074998
3.37 0.010088377757088717
3.38 0.00880721491829958
3.39 0.0075082204786881155
3.4 0.006194024458133949
3.41 0.0048672876545233865
3.42 0.0035306962565436555
3.43 0.0021869564050680983
3.44 0.0008387887141458444
3.45 -0.0005110772373120707
3.46 -0.0018599084319973153
3.47 -0.003204973947630451
3.48 -0.004543550486145402
3.49 -0.005872927887437557
3.5 -0.007190414616511663
3.51 -0.008493343212920978
3.52 -0.00977907569146296
3.53 -0.011045008883197689
3.54 -0.012288579705975721
3.55 -0.013507270353803906
3.56 -0.014698613394541538
3.57 -0.015860196765607994
3.58 -0.016989668657584982
3.59 -0.01808474227582682
3.6 -0.019143200470438427
3.61 -0.020162900225246465
3.62 -0.021141776996674307
3.63 -0.02207784889373792
3.64 -0.02296922069069735
3.65 -0.023814087664241774
3.66 -0.024610739247437036
3.67 -0.0253575624930397
3.68 -0.026053045339163642
3.69 -0.026695779670688886
3.7 -0.027284464170213754
3.71 -0.027817906952777565
3.72 -0.028295027979020806
3.73 -0.028714861241895456
3.74 -0.029076556722499477
3.75 -0.029379382111074374
3.76 -0.029622724289682437
3.77 -0.029806090573560973
3.78 -0.02992910970864057
3.79 -0.029991532623207813
3.8 -0.029993232932190337
3.81 -0.02993420719304344
3.82 -0.02981457491272006
3.83 -0.029634578305710004
3.84 -0.029394581803638412
3.85 -0.029095071317416232
3.86 -0.028736653253436575
3.87 -0.028320053285809152
3.88 -0.027846114887117936
3.89 -0.027315797620677637
3.9 -0.0267301751977456
3.91 -0.0260904333036237
3.92 -0.025397867197050377
3.93 -0.024653879087744652
3.94 -0.0238599752974104
3.95 -0.02301776320994943
3.96 -0.022128948017058742
3.97 -0.021195329265799485
3.98 -0.02021879721512961
3.99 -0.019201329008774776
4.0 -0.018144984672188523
4.01 -0.017051902941704052
4.02 -0.01592429693432429
4.03 -0.014764449666915883
4.04 -0.013574709433880894
4.05 -0.012357485052661937
4.06 -0.011115240986710557
4.07 -0.00985049235579097
4.08 -0.008565799843721736
4.09 -0.0072637645138657085
4.1 -0.005947022542866195
4.11 -0.004618239883289215
4.12 -0.0032801068659813184
4.13 -0.0019353327530680655
4.14 -0.0005866402526248069
4.15 0.0007632399938776808
4.16 0.002111574940188272
4.17 0.0034556346687611337
4.18 0.004792697917905103
4.19 0.0061200575914096165
4.2 0.007435026239488794
4.21 0.008734941499949286
4.22 0.010017171488564201
4.23 0.011279120127739245
4.24 0.012518232402682091
4.25 0.013731999534435504
4.26 0.014917964059296672
4.27 0.016073724804341712
4.28 0.01719694174898054
4.29 0.018285340762698298
4.3 0.019336718209393627
4.31 0.02034894540898818
4.32 0.021319972947276375
4.33 0.022247834825289012
4.34 0.023130652439769663
4.35 0.023966638386703844
4.36 0.02475410008020193
4.37 0.025491443179406725
4.38 0.026177174816489412
4.39 0.02680990661919633
4.4 0.02738835752182883
4.41 0.027911356358963156
4.42 0.028377844236660652
4.43 0.028786876676365796
4.44 0.029137625527152867
4.45 0.029429380642448356
4.46 0.029661551317835242
4.47 0.029833667487027603
4.48 0.0299453806735942
4.49 0.0299964646965041
4.5 0.029986816128066134
4.51 0.02991645450333451
4.52 0.02978552228055705
4.53 0.029594284552745865
4.54 0.02934312851095473
4.55 0.029032562660349304
4.56 0.028663215790658024
4.57 0.028235835703087808
4.58 0.02775128769628209
4.59 0.027210552814386616
4.6 0.026614725860770534
4.61 0.025965013181423316
4.62 0.025262730222516735
4.63 0.024509298867075403
4.64 0.023706244556149964
4.65 0.022855193200319725
4.66 0.021957867887779804
4.67 0.021016085395675753
4.68 0.020031752511751235
4.69 0.01900686217375373
4.7 0.017943489434417155
4.71 0.016843787260188887
4.72 0.015709982172208155
4.73 0.01454436973836164
4.74 0.013349309925543503
4.75 0.01212722232152774
4.76 0.010880581236130421
4.77 0.009611910691577597
4.78 0.008323779312222529
4.79 0.007018795123959889
4.8 0.005699600273863236
4.81 0.0043688656807407255
4.82 0.003029285627437264
4.83 0.0016835723058321757
4.84 0.0003344503255770626
4.85 -0.0010153488023070046
4.86 -0.0023630921958068107
4.87 -0.003706051135068408
4.88 -0.005041506587123278
4.89 -0.006366754711000165
4.9 -0.007679112332079991
4.91 -0.0089759223746068
4.92 -0.010254559241359073
4.93 -0.011512434129586137
4.94 -0.012747000272449953
4.95 -0.01395575809535704
4.96 -0.015136260276743255
4.97 -0.01628611670306389
4.98 -0.017402999307956798
4.99 -0.01848464678578068
5.0 -0.019528869169987407
5.01 -0.020533552267055232
5.02 -0.021496661937008478
5.03 -0.02241624821185605
5.04 -0.023290449243609755
5.05 -0.024117495073891156
5.06 -0.024895711217491984
5.07 -0.025623522052634483
5.08 -0.026299454011067258
5.09 -0.026922138561537624
5.1 -0.027490314980599395
5.11 -0.0280028329051475
5.12 -0.028458654661509816
5.13 -0.028856857366382094
5.14 -0.029196634795351062
5.15 -0.02947729901522359
5.16 -0.029698281776856142
5.17 -0.02985913566566531
5.18 -0.0299595350074893
5.19 -0.029999276527966967
5.2 -0.02997827976409883
5.21 -0.02989658722715723
5.22 -0.02975436431661549
5.23 -0.02955189898527046
5.24 -0.029289601156236654
5.25 -0.028968001892991795
5.26 -0.02858775232415488
5.27 -0.028149622325173165
5.28 -0.027654498959587374
5.29 -0.027103384683031456
5.3 -0.026497395313601995
5.31 -0.025837757772708077
5.32 -0.02512580760097476
5.33 -0.024362986254229554
5.34 -0.02355083818504675
5.35 -0.022691007715759076
5.36 -0.021785235709266337
5.37 -0.02083535604438344
5.38 -0.019843291902861847
5.39 -0.018811051875604255
5.4 -0.01774072589595373
5.41 -0.016634481008293473
5.42 -0.015494556980521709
5.43 -0.01432326176928774
5.44 -0.013122966847167608
5.45 -0.011896102401243105
5.46 -0.010645152412803038
5.47 -0.009372649628129691
5.48 -0.008081170430553111
5.49 -0.006773329624155928
5.5 -0.005451775139687336
5.51 -0.004119182673408918
5.52 -0.0027782502697237914
5.53 -0.0014316928585583904
5.54 -8.223675855789281e-05
5.55 0.001267385842778739
5.56 0.0026144424208441237
5.57 0.003956205646350992
5.58 0.005289958907242292
5.59 0.006613001808902662
5.6 0.007922655641534082
5.61 0.009216268803628745
5.62 0.010491222170555236
5.63 0.011744934397391799
5.64 0.012974867145266947
5.65 0.01417853022062914
5.66 0.01535348661703706
5.67 0.01649735744926569
5.68 0.017607826769735324
5.69 0.01868264625751476
5.7 0.01971963977040233
5.71 0.020716707750870565
5.72 0.02167183147695294
5.73 0.022583077149465922
5.74 0.02344859980729111
5.75 0.024266647062791902
5.76 0.025035562649799132
5.77 0.025753789776984247
5.78 0.02641987427982991
5.79 0.027032467564815844
5.8 0.02759032933986055
5.81 0.02809233012548856
5.82 0.028537453541640428
5.83 0.028924798365495174
5.84 0.029253580356138606
5.85 0.029523133842383007
5.86 0.02973291307052404
5.87 0.02988249330930534
5.88 0.029971571709854324
5.89 0.029999967918847563
5.9 0.02996762444366472
5.91 0.02987460676879142
5.92 0.02972110322323553
5.93 0.029507424599225316
5.94 0.029234003522961308
5.95 0.028901393578696154
5.96 0.028510268187915643
5.97 0.028061419245890215
5.98 0.027555755518357646
5.99 0.02699430080158324
6.0 0.026378191849521726
6.01 0.02570867607227927
6.02 0.024987109010534123
6.03 0.024214951591029852
6.04 0.02339376716869833
6.05 0.022525218361399493
6.06 0.021611063683688665
6.07 0.020653153986425567
6.08 0.019653428709433634
6.09 0.018613911954796798
6.1 0.017536708388744972
6.11 0.016423998980423436
6.12 0.01527803658617621
6.13 0.014101141388281061
6.14 0.0128956961973739
6.15 0.011664141628070704
6.16 0.010408971157557623
6.17 0.009132726077150918
6.18 0.007837990347051174
6.19 0.006527385364706028
6.2 0.005203564657376763
6.21 0.0038692085096520045
6.22 0.002527018536787053
6.23 0.0011797122148562245
6.24 -0.00016998262120690222
6.25 -0.001519333300544413
6.26 -0.0028656078490979543
6.27 -0.004206080520922909
6.28 -0.00553803731689277
6.29 -0.006858781479619165
6.3 -0.008165638953465367
6.31 -0.009455963798594499
6.32 -0.010727143548093503
6.33 -0.011976604497326177
6.34 -0.01320181691480594
6.35 -0.014400300164036995
6.36 -0.015569627725956398
6.37 -0.016707432111805254
6.38 -0.017811409656485252
6.39 -0.0188793251826926
6.4 -0.019909016526389024
6.41 -0.02089839891444447
6.42 -0.02184546918559097
6.43 -0.02274830984613913
6.44 -0.023605092952248236
6.45 -0.02441408381088744
6.46 -0.025173644491996622
6.47 -0.02588223714473521
6.48 -0.026538427111104556
6.49 -0.027140885830639838
6.5 -0.02768839353029165
6.51 -0.028179841694049215
6.52 -0.02861423530730664
6.53 -0.02899069487142756
6.54 -0.029308458184429117
6.55 -0.0295668818841809
6.56 -0.029765442750993187
6.57 -0.029903738766958052
6.58 -0.029981489929898315
6.59 -0.029998538820276272
6.6 -0.029954850919914438
6.61 -0.029850514681883072
6.62 -0.029685741351412956
6.63 -0.029460864538195936
6.64 -0.029176339540939376
6.65 -0.0288327424255417
6.66 -0.02843076885875601
6.67 -0.027971232699702336
6.68 -0.027455064352081317
6.69 -0.026883308880424304
6.7 -0.02625712389419507
6.71 -0.025577777204026066
6.72 -0.02484664425483502
6.73 -0.024065205341018924
6.74 -0.023235042609364216
6.75 -0.02235783685573934
6.76 -0.021435364122057977
6.77 -0.020469492100400867
6.78 -0.01946217635157741
6.79 -0.018415456345783846
6.8 -0.01733145133337204
6.81 -0.0162123560540922
6.82 -0.015060436293494925
6.83 -0.013878024295489507
6.84 -0.012667514040346646
6.85 -0.011431356397707062
6.86 -0.010172054164407179
6.87 -0.008892156997171483
6.88 -0.007594256250428088
6.89 -0.006280979729702269
6.9 -0.00495498637120737
6.91 -0.003618960858408342
6.92 -0.00227560818645424
6.93 -0.0009276481854881726
6.94 0.00042218998608023315
6.95 0.0017711733671873227
6.96 0.0031165707274280483
6.97 0.004455658096864501
6.98 0.005785724281134158
6.99 0.00710407635069133
7.0 0.008408045093070585
7.01 0.009694990417129101
7.02 0.010962306698329321
7.03 0.012207428054238518
7.04 0.013427833539563172
7.05 0.01462105225020299
7.06 0.015784668325986698
7.07 0.01691632584196334
7.08 0.018013733578345542
7.09 0.019074669659446625
7.1 0.02009698605221948
7.11 0.021078612915290163
7.12 0.022017562789678456
7.13 0.02291193462272384
7.14 0.023759917617067267
7.15 0.02455979489689771
7.16 0.025309946984037626
7.17 0.02600885507683465
7.18 0.02665510412521463
7.19 0.027247385695675096
7.2 0.027784500620415854
7.21 0.028265361425244325
7.22 0.0286889945313387
7.23 0.02905454222641274
7.24 0.02936126440128995
7.25 0.029608540048371945
7.26 0.02979586851896635
7.27 0.029922870536929522
7.28 0.029989288966571177
7.29 0.02999498933326615
7.3 0.029939960095719677
7.31 0.029824312669334555
7.32 0.029648281200632957
7.33 0.02941222209318982
7.34 0.02911661328603734
7.35 0.028762053286001805
7.36 0.02834925995593149
7.37 0.02787906906127034
7.38 0.02735243257791764
7.39 0.026770416764802928
7.4 0.026134200005075183
7.41 0.025445070420280734
7.42 0.024704423262355873
7.43 0.02391375808871956
7.44 0.023074675726181534
7.45 0.022188875029815255
7.46 0.02125814944335631
7.47 0.02028438336809249
7.48 0.019269548347594555
7.49 0.018215699076014422
7.5 0.017124969238030963
7.51 0.01599956718886858
7.52 0.01484177148313199
7.53 0.013653926261511146
7.54 0.012438436504698424
7.55 0.011197763164123764
7.56 0.009934418179369308
7.57 0.00865095939234925
7.58 0.007349985368555179
7.59 0.006034130135848067
7.6 0.0047060578514523
7.61 0.0033684574079465815
7.62 0.0020240369891775553
7.63 0.0006755185871099369
7.64 -0.0006743675092745797
7.65 -0.002022888241881709
7.66 -0.003367313317010785
7.67 -0.004704920733269557
7.68 -0.006033002292694569
7.69 -0.007348869083927723
7.7 -0.008649856926342573
7.71 -0.009933331764100571
7.72 -0.011196694999212864
7.73 -0.012437388752814114
7.74 -0.013652901043992789
7.75 -0.014840770875694945
7.76 -0.015998593217401186
7.77 -0.017124023874492272
7.78 -0.018214784234442758
7.79 -0.019268665880231666
7.8 -0.020283535061633082
7.81 -0.02125733701533095
7.82 -0.02218810012511325
7.83 -0.023073939913720254
7.84 -0.023913062858267678
7.85 -0.02470377002151737
7.86 -0.025444460491645348
7.87 -0.026133634623539865
7.88 -0.026769897075072
7.89 -0.02735195963218534
7.9 -0.02787864381709025
7.91 -0.028348883274277682
7.92 -0.02876172592952586
7.93 -0.029116335917524383
7.94 -0.029411995274216257
7.95 -0.029648105390429672
7.96 -0.029824188223857174
7.97 -0.029939887266927784
7.98 -0.02999496826861315
7.99 -0.02998931970870579
8.0 -0.029922953023609436
8.01 -0.029796002583184197
8.02 -0.029608725418693548
8.03 -0.02936150070240372
8.04 -0.029054828979889667
8.05 -0.028689331156600908
8.06 -0.02826574724074074
8.07 -0.027784934845002007
8.08 -0.02724786745019441
8.09 -0.026655632434278893
8.1 -0.026009428870798643
8.11 -0.025310565101164532
8.12 -0.024560456085711436
8.13 -0.023760620538886633
8.14 -0.022912677854372083
8.15 -0.02201834482636558
8.16 -0.02107943217365925
8.17 -0.020097840873552122
8.18 -0.019075558313021553
8.19 -0.018014654264943235
8.2 -0.016917276697507873
8.21 -0.015785647425320317
8.22 -0.014622057610984458
8.23 -0.013428863126280157
8.24 -0.012208479782329914
8.25 -0.010963378438405122
8.26 -0.00969607999928166
8.27 -0.008409150311268552
8.28 -0.007105194967245296
8.29 -0.005786854031228037
8.3 -0.004456796693140172
8.31 -0.0031177158646171063
8.32 -0.0017723227267784603
8.33 -0.0004233412410129036
8.34 0.0009264973661118291
8.35 0.002274460132650125
8.36 0.003617817894593229
8.37 0.004953850811492545
8.38 0.006279853873208033
8.39 0.007593142376629244
8.4 0.008891057361281762
8.41 0.01017097099281342
8.42 0.011430291883461728
8.43 0.01266647033872744
8.44 0.013877003519635292
8.45 0.015059440510128294
8.46 0.016211387279334303
8.47 0.01733051152866038
8.48 0.018414547413902096
8.49 0.01946130013280189
8.5 0.0204686503687752
8.51 0.021434558581801235
8.52 0.02235706913779516
8.53 0.023234314268099243
8.54 0.024064517851075214
8.55 0.024845999008144923
8.56 0.02557717550699365
8.57 0.026256566965051107
8.58 0.026882797846760075
8.59 0.02745460024856537
8.6 0.02797081646598567
8.61 0.028430401337569716
8.62 0.02883242436099064
8.63 0.029176071576995536
8.64 0.02946064721739477
8.65 0.029685575113754803
8.66 0.029850399863942372
8.67 0.02995478775415831
8.68 0.029998527434593785
8.69 0.029981530347341592
8.7 0.029903830905695566
8.71 0.029765586424475462
8.72 0.029567076801518277
8.73 0.029308703950980543
8.74 0.028990990989599792
8.75 0.028614581177561566
8.76 0.028180236616117692
8.77 0.0276888367045915
8.78 0.02714137635989446
8.79 0.026538964002159906
8.8 0.02588281931057026
8.81 0.025174270753924467
8.82 0.024414752900941784
8.83 0.023605803515750288
8.84 0.02274906044444059
8.85 0.021846258298986832
8.86 0.02089922494524967
8.87 0.019909877802173362
8.88 0.01888021995966697
8.89 0.017812336123031944
8.9 0.016708388392146167
8.91 0.015570611883950683
8.92 0.014401310207100913
8.93 0.013202850797947313
8.94 0.011977660127285211
8.95 0.01072821878757994
8.96 0.009457056470615682
8.97 0.008166746845734218
8.98 0.006859902349032093
8.99 0.005539168894072419
9.0 0.004207220514812148
9.01 0.002866753951598477
9.02 0.0015204831911904862
9.03 0.0001711339718626675
9.04 -0.0011785617352822206
9.05 -0.0025258712576230464
9.06 -0.003868066753746282
9.07 -0.005202430736394688
9.08 -0.00652626157445024
9.09 -0.007836878962812946
9.1 -0.009131629349103476
9.11 -0.010407891306200621
9.12 -0.011663080839734254
9.13 -0.01289465661979182
9.14 -0.014100125126242827
9.15 -0.015277045697265101
9.16 -0.016423035470850826
9.17 -0.01753577420928861
9.18 -0.01861300899685096
9.19 -0.01965255880117938
9.2 -0.020652318889130113
9.21 -0.021610265088138743
9.22 -0.022524457884477926
9.23 -0.02339304635011125
9.24 -0.024214271890188457
9.25 -0.02498647180360038
9.26 -0.025708082649379606
9.27 -0.026377643412134635
9.28 -0.026993798460107125
9.29 -0.027555300289862264
9.3 -0.0280610120520578
9.31 -0.02850990985317456
9.32 -0.028901084828551745
9.33 -0.029233744982527156
9.34 -0.02950721679195745
9.35 -0.029720946569872647
9.36 -0.02987450158650308
9.37 -0.029967570945409118
9.38 -0.02999996621294037
9.39 -0.029971621799749416
9.4 -0.0298825950935878
9.41 -0.029733066343115486
9.42 -0.029523338292958806
9.43 -0.02925383557075618
9.44 -0.0289251038274322
9.45 -0.02853780863244078
9.46 -0.02809273412621465
9.47 -0.02759078143254911
9.48 -0.02703296683413353
9.49 -0.02642041971492705
9.5 -0.025754380273541145
9.51 -0.025036197012261924
9.52 -0.024267324006793475
9.53 -0.023449317962251047
9.54 -0.022583835061365957
9.55 -0.0216726276112803
9.56 -0.020717540495725276
9.57 -0.01972050743976075
9.58 -0.018683547094642844
9.59 -0.017608758950745703
9.6 -0.01649831908681043
9.61 -0.015354475764128628
9.62 -0.014179544874582574
9.63 -0.012975905251754785
9.64 -0.01174599385460302
9.65 -0.010492300833451096
9.66 -0.009217364488285555
9.67 -0.007923766129564705
9.68 -0.006614124851948179
9.69 -0.005291092231524588
9.7 -0.003957346957275335
9.71 -0.002615589407645764
9.72 -0.0012685361832017483
9.73 8.10853935601236e-05
9.74 0.0014305428001063524
9.75 0.0027771038462928803
9.76 0.004118042206115066
9.77 0.005450642937586909
9.78 0.006772207979571521
9.79 0.008080061614431538
9.8 0.009371555885444926
9.81 0.010644075958010287
9.82 0.011895045413795305
9.83 0.013121931467103273
9.84 0.014322250092897712
9.85 0.015493571056104901
9.86 0.01663352283201004
9.87 0.01773979740778333
9.88 0.018810154955418077
9.89 0.019842428366616878
9.9 0.020834527640445428
9.91 0.021784444114870117
9.92 0.02269025453361289
9.93 0.02355012494008716
9.94 0.024362314390533695
9.95 0.02512517847883722
9.96 0.025837172665886275
9.97 0.0264968554067371
9.98 0.027102891069250536
9.99 0.027654052638289583
