0.0 3.9417989199538406
0.01 3.9424768175128344
0.02 3.9431507725953394
0.03 3.9438207845274
0.04 3.944486852639005
0.05 3.945148976264086
0.06 3.94580715474052
0.07 3.9464613874101273
0.08 3.9471116736186764
0.09 3.9477580127158807
0.1 3.9484004040554015
0.11 3.949038846994847
0.12 3.9496733408957745
0.13 3.9503038851236907
0.14 3.9509304790480506
0.15 3.951553122042261
0.16 3.952171813483678
0.17 3.9527865527536115
0.18 3.9533973392373216
0.19 3.9540041723240216
0.2 3.954607051406879
0.21 3.9552059758830147
0.22 3.955800945153504
0.23 3.9563919586233776
0.24 3.9569790157016222
0.25 3.9575621158011813
0.26 3.958141258338954
0.27 3.958716442735798
0.28 3.95928766841653
0.29 3.959854934809923
0.3 3.960418241348711
0.31 3.960977587469588
0.32 3.9615329726132074
0.33 3.9620843962241845
0.34 3.9626318577510955
0.35 3.9631753566464787
0.36 3.963714892366836
0.37 3.964250464372631
0.38 3.964782072128292
0.39 3.965309715102211
0.4 3.9658333927667457
0.41 3.966353104598218
0.42 3.9668688500769163
0.43 3.967380628687095
0.44 3.9678884399169756
0.45 3.9683922832587473
0.46 3.968892158208566
0.47 3.9693880642665573
0.48 3.9698800009368154
0.49 3.970367967727403
0.5 3.970851964150354
0.51 3.9713319897216715
0.52 3.9718080439613304
0.53 3.9722801263932763
0.54 3.972748236545427
0.55 3.973212373949672
0.56 3.9736725381418743
0.57 3.9741287286618694
0.58 3.974580945053467
0.59 3.975029186864451
0.6 3.9754734536465794
0.61 3.975913744955585
0.62 3.9763500603511774
0.63 3.976782399397041
0.64 3.977210761660836
0.65 3.977635146714201
0.66 3.978055554132751
0.67 3.9784719834960782
0.68 3.9788844343877536
0.69 3.979292906395326
0.7 3.9796973991103237
0.71 3.9800979121282536
0.72 3.9804944450486035
0.73 3.98088699747484
0.74 3.9812755690144104
0.75 3.9816601592787437
0.76 3.98204076788325
0.77 3.9824173944473196
0.78 3.982790038594327
0.79 3.9831586999516277
0.8 3.98352337815056
0.81 3.9838840728264464
0.82 3.984240783618592
0.83 3.9845935101702863
0.84 3.984942252128802
0.85 3.985287009145398
0.86 3.9856277808753164
0.87 3.9859645669777866
0.88 3.9862973671160216
0.89 3.986626180957222
0.9 3.9869510081725736
0.91 3.987271848437249
0.92 3.9875887014304086
0.93 3.9879015668351987
0.94 3.9882104443387547
0.95 3.9885153336321983
0.96 3.988816234410641
0.97 3.9891131463731817
0.98 3.989406069222908
0.99 3.989695002666898
1.0 3.989979946416218
1.01 3.9902609001859233
1.02 3.9905378636950615
1.03 3.9908108366666686
1.04 3.9910798188277714
1.05 3.991344809909388
1.06 3.991605809646527
1.07 3.9918628177781894
1.08 3.9921158340473664
1.09 3.992364858201042
1.1 3.9926098899901925
1.11 3.9928509291697853
1.12 3.993087975498782
1.13 3.993321028740136
1.14 3.9935500886607938
1.15 3.993775155031696
1.16 3.9939962276277754
1.17 3.9942133062279606
1.18 3.994426390615172
1.19 3.994635480576326
1.2 3.994840575902332
1.21 3.9950416763880954
1.22 3.995238781832515
1.23 3.9954318920384857
1.24 3.9956210068128972
1.25 3.9958061259666353
1.26 3.99598724931458
1.27 3.9961643766756088
1.28 3.996337507872594
1.29 3.996506642732404
1.3 3.996671781085904
1.31 3.996832922767956
1.32 3.996990067617419
1.33 3.997143215477147
1.34 3.9972923661939928
1.35 3.9974375196188054
1.36 3.9975786756064315
1.37 3.9977158340157155
1.38 3.997848994709498
1.39 3.9979781575546194
1.4 3.9981033224219162
1.41 3.998224489186224
1.42 3.9983416577263755
1.43 3.9984548279252023
1.44 3.998563999669535
1.45 3.998669172850201
1.46 3.998770347362027
1.47 3.998867523103839
1.48 3.9989606999784613
1.49 3.999049877892717
1.5 3.999135056757428
1.51 3.999216236487415
1.52 3.9992934170014993
1.53 3.9993665982224997
1.54 3.9994357800772353
1.55 3.999500962496524
1.56 3.9995621454151835
1.57 3.999619328772031
1.58 3.999672512509883
1.59 3.9997216965755555
1.6 3.999766880919865
1.61 3.999808065497627
1.62 3.999845250267657
1.63 3.9998784351927696
1.64 3.9999076202397803
1.65 3.9999328053795042
1.66 3.9999539905867563
1.67 3.9999711758403507
1.68 3.999984361123103
1.69 3.9999935464218273
1.7 3.9999987317273384
1.71 3.9999999170344513
1.72 3.9999971023419807
1.73 3.9999902876527407
1.74 3.9999794729735463
1.75 3.9999646583152124
1.76 3.999945843692554
1.77 3.9999230291243846
1.78 3.9998962146335195
1.79 3.9998654002467733
1.8 3.9998305859949603
1.81 3.999791771912894
1.82 3.99974895803939
1.83 3.9997021444172605
1.84 3.9996513310933204
1.85 3.9995965181183823
1.86 3.9995377055472594
1.87 3.999474893438764
1.88 3.9994080818557087
1.89 3.999337270864905
1.9 3.9992624605371634
1.91 3.9991836509472947
1.92 3.9991008421741085
1.93 3.999014034300413
1.94 3.9989232274130164
1.95 3.998828421602726
1.96 3.998729616964347
1.97 3.9986268135966845
1.98 3.9985200116025412
1.99 3.99840921108872
2.0 3.998294412166021
2.01 3.9981756149492425
2.02 3.9980528195571825
2.03 3.9979260261126357
2.04 3.9977952347423966
2.05 3.9976604455772553
2.06 3.997521658752002
2.07 3.997378874405423
2.08 3.9972320926803024
2.09 3.997081313723423
2.1 3.996926537685562
2.11 3.996767764721497
2.12 3.99660499499
2.13 3.9964382286538416
2.14 3.996267465879787
2.15 3.9960927068385996
2.16 3.9959139517050386
2.17 3.995731200657859
2.18 3.9955444538798113
2.19 3.995353711557643
2.2 3.9951589738820963
2.21 3.994960241047908
2.22 3.9947575132538122
2.23 3.9945507907025357
2.24 3.9943400736008012
2.25 3.9941253621593265
2.26 3.993906656592822
2.27 3.993683957119994
2.28 3.9934572639635415
2.29 3.993226577350158
2.3 3.99299189751053
2.31 3.992753224679337
2.32 3.992510559095252
2.33 3.992263901000941
2.34 3.9920132506430615
2.35 3.9917586082722636
2.36 3.9914999741431907
2.37 3.991237348514476
2.38 3.9909707316487455
2.39 3.9907001238126156
2.4 3.9904255252766947
2.41 3.990146936315581
2.42 3.9898643572078636
2.43 3.9895777882361214
2.44 3.9892872296869233
2.45 3.9889926818508283
2.46 3.9886941450223836
2.47 3.9883916195001263
2.48 3.988085105586582
2.49 3.987774603588264
2.5 3.9874601138156756
2.51 3.987141636583305
2.52 3.9868191722096302
2.53 3.9864927210171155
2.54 3.986162283332212
2.55 3.985827859485357
2.56 3.9854894498109754
2.57 3.9851470546474754
2.58 3.984800674337253
2.59 3.9844503092266885
2.6 3.984095959666147
2.61 3.9837376260099777
2.62 3.9833753086165142
2.63 3.983009007848074
2.64 3.982638724070958
2.65 3.98226445765545
2.66 3.981886208975816
2.67 3.981503978410305
2.68 3.981117766341147
2.69 3.9807275731545544
2.7 3.980333399240721
2.71 3.9799352449938192
2.72 3.979533110812005
2.73 3.979126997097411
2.74 3.9787169042561517
2.75 3.9783028326983194
2.76 3.9778847828379864
2.77 3.977462755093202
2.78 3.9770367498859933
2.79 3.976606767642367
2.8 3.976172808792304
2.81 3.9757348737697633
2.82 3.9752929630126808
2.83 3.9748470769629662
2.84 3.9743972160665058
2.85 3.973943380773161
2.86 3.973485571536766
2.87 3.9730237888151305
2.88 3.9725580330700376
2.89 3.972088304767243
2.9 3.971614604376474
2.91 3.971136932371432
2.92 3.9706552892297884
2.93 3.9701696754331866
2.94 3.96968009146724
2.95 3.969186537821533
2.96 3.968689014989619
2.97 3.96818752346902
2.98 3.967682063761229
2.99 3.967172636371705
3.0 3.9666592418098743
3.01 3.966141880589133
3.02 3.9656205532268416
3.03 3.9650952602443272
3.04 3.964566002166883
3.05 3.9640327795237673
3.06 3.9634955928482025
3.07 3.962954442677375
3.08 3.9624093295524347
3.09 3.9618602540184957
3.1 3.961307216624632
3.11 3.9607502179238825
3.12 3.9601892584732448
3.13 3.9596243388336787
3.14 3.959055459570104
3.15 3.9584826212513993
3.16 3.9579058244504033
3.17 3.957325069743913
3.18 3.956740357712682
3.19 3.9561516889414237
3.2 3.955559064018806
3.21 3.9549624835374537
3.22 3.9543619480939474
3.23 3.953757458288823
3.24 3.953149014726569
3.25 3.9525366180156305
3.26 3.951920268768403
3.27 3.951299967601236
3.28 3.9506757151344307
3.29 3.95004751199224
3.3 3.9494153588028658
3.31 3.948779256198462
3.32 3.9481392048151314
3.33 3.947495205292925
3.34 3.946847258275842
3.35 3.9461953644118295
3.36 3.9455395243527818
3.37 3.9448797387545387
3.38 3.944216008276885
3.39 3.943548333583552
3.4 3.942876715342214
3.41 3.9422011542244895
3.42 3.9415216509059388
3.43 3.940838206066066
3.44 3.9401508203883155
3.45 3.9394594945600727
3.46 3.938764229272664
3.47 3.9380650252213543
3.48 3.937361883105347
3.49 3.936654803627785
3.5 3.9359437874957477
3.51 3.9352288354202507
3.52 3.934509948116246
3.53 3.9337871263026214
3.54 3.933060370702198
3.55 3.932329682041732
3.56 3.9315950610519113
3.57 3.9308565084673575
3.58 3.9301140250266227
3.59 3.9293676114721903
3.6 3.928617268550474
3.61 3.9278629970118164
3.62 3.927104797610489
3.63 3.9263426711046914
3.64 3.92557661825655
3.65 3.9248066398321173
3.66 3.924032736601372
3.67 3.923254909338217
3.68 3.9224731588204795
3.69 3.9216874858299104
3.7 3.920897891152182
3.71 3.920104375576889
3.72 3.9193069398975475
3.73 3.9185055849115926
3.74 3.9177003114203792
3.75 3.916891120229181
3.76 3.9160780121471888
3.77 3.915260987987511
3.78 3.914440048567171
3.79 3.913615194707109
3.8 3.912786427232179
3.81 3.911953746971147
3.82 3.911117154756694
3.83 3.910276651425413
3.84 3.9094322378178057
3.85 3.9085839147782866
3.86 3.9077316831551783
3.87 3.906875543800713
3.88 3.906015497571029
3.89 3.9051515453261727
3.9 3.904283687930097
3.91 3.9034119262506586
3.92 3.902536261159619
3.93 3.9016566935326433
3.94 3.9007732242492996
3.95 3.899885854193057
3.96 3.8989945842512848
3.97 3.898099415315253
3.98 3.897200348280131
3.99 3.8962973840449857
4.0 3.895390523512781
4.01 3.894479767590377
4.02 3.89356511718853
4.03 3.892646573221891
4.04 3.8917241366090023
4.05 3.8907978082723016
4.06 3.889867589138117
4.07 3.8889334801366675
4.08 3.887995482202062
4.09 3.8870535962722976
4.1 3.8861078232892616
4.11 3.885158164198726
4.12 3.8842046199503497
4.13 3.883247191497677
4.14 3.882285879798137
4.15 3.8813206858130402
4.16 3.8803516105075815
4.17 3.879378654850835
4.18 3.8784018198157577
4.19 3.8774211063791832
4.2 3.8764365155218257
4.21 3.8754480482282756
4.22 3.874455705487
4.23 3.8734594882903424
4.24 3.8724593976345187
4.25 3.8714554345196204
4.26 3.8704475999496104
4.27 3.8694358949323227
4.28 3.8684203204794625
4.29 3.8674008776066042
4.3 3.8663775673331906
4.31 3.865350390682532
4.32 3.8643193486818044
4.33 3.8632844423620503
4.34 3.8622456727581764
4.35 3.8612030409089506
4.36 3.8601565478570063
4.37 3.859106194648836
4.38 3.8580519823347923
4.39 3.8569939119690875
4.4 3.855931984609793
4.41 3.8548662013188344
4.42 3.853796563161996
4.43 3.8527230712089153
4.44 3.8516457265330852
4.45 3.850564530211849
4.46 3.8494794833264034
4.47 3.8483905869617954
4.48 3.8472978422069213
4.49 3.8462012501545253
4.5 3.8451008119012
4.51 3.843996528547383
4.52 3.842888401197358
4.53 3.8417764309592513
4.54 3.8406606189450345
4.55 3.8395409662705187
4.56 3.8384174740553565
4.57 3.83729014342304
4.58 3.8361589755009002
4.59 3.8350239714201044
4.6 3.833885132315657
4.61 3.832742459326396
4.62 3.831595953594996
4.63 3.830445616267961
4.64 3.8292914484956295
4.65 3.8281334514321683
4.66 3.826971626235575
4.67 3.825805974067674
4.68 3.8246364960941177
4.69 3.8234631934843843
4.7 3.822286067411776
4.71 3.8211051190534184
4.72 3.819920349590261
4.73 3.8187317602070716
4.74 3.8175393520924406
4.75 3.8163431264387753
4.76 3.815143084442302
4.77 3.813939227303062
4.78 3.812731556224912
4.79 3.811520072415524
4.8 3.8103047770863814
4.81 3.809085671452779
4.82 3.807862756733823
4.83 3.806636034152427
4.84 3.8054055049353144
4.85 3.804171170313014
4.86 3.80293303151986
4.87 3.8016910897939913
4.88 3.80044534637735
4.89 3.7991958025156793
4.9 3.797942459458522
4.91 3.7966853184592217
4.92 3.79542438077492
4.93 3.794159647666554
4.94 3.7928911203988553
4.95 3.791618800240353
4.96 3.7903426884633666
4.97 3.789062786344007
4.98 3.7877790951621773
4.99 3.786491616201568
5.0 3.785200350749658
5.01 3.7839053000977128
5.02 3.7826064655407827
5.03 3.781303848377702
5.04 3.7799974499110887
5.05 3.7786872714473403
5.06 3.777373314296635
5.07 3.77605557977293
5.08 3.7747340691939604
5.09 3.7734087838812362
5.1 3.7720797251600424
5.11 3.7707468943594376
5.12 3.769410292812253
5.13 3.7680699218550897
5.14 3.7667257828283183
5.15 3.7653778770760775
5.16 3.764026205946274
5.17 3.7626707707905784
5.18 3.7613115729644253
5.19 3.759948613827013
5.2 3.7585818947412997
5.21 3.7572114170740054
5.22 3.7558371821956067
5.23 3.7544591914803385
5.24 3.753077446306192
5.25 3.7516919480549125
5.26 3.750302698111997
5.27 3.748909697866696
5.28 3.74751294871201
5.29 3.746112452044687
5.3 3.7447082092652244
5.31 3.743300221777864
5.32 3.7418884909905947
5.33 3.740473018315146
5.34 3.73905380516699
5.35 3.737630852965341
5.36 3.7362041631331504
5.37 3.7347737370971084
5.38 3.73333957628764
5.39 3.7319016821389064
5.4 3.730460056088802
5.41 3.7290146995789524
5.42 3.7275656140547135
5.43 3.7261128009651716
5.44 3.724656261763139
5.45 3.7231959979051554
5.46 3.721732010851484
5.47 3.7202643020661115
5.48 3.7187928730167474
5.49 3.71731772517482
5.5 3.7158388600154773
5.51 3.714356279017584
5.52 3.7128699836637216
5.53 3.7113799754401846
5.54 3.709886255836982
5.55 3.7083888263478317
5.56 3.706887688470165
5.57 3.7053828437051184
5.58 3.703874293557537
5.59 3.7023620395359704
5.6 3.700846083152673
5.61 3.699326425923601
5.62 3.697803069368411
5.63 3.6962760150104597
5.64 3.694745264376802
5.65 3.6932108189981876
5.66 3.6916726804090616
5.67 3.690130850147563
5.68 3.6885853297555222
5.69 3.6870361207784588
5.7 3.6854832247655818
5.71 3.683926643269787
5.72 3.682366377847656
5.73 3.680802430059454
5.74 3.679234801469129
5.75 3.6776634936443084
5.76 3.6760885081563015
5.77 3.6745098465800923
5.78 3.672927510494343
5.79 3.671341501481389
5.8 3.6697518211272393
5.81 3.6681584710215747
5.82 3.6665614527577444
5.83 3.664960767932767
5.84 3.6633564181473273
5.85 3.661748405005775
5.86 3.6601367301161223
5.87 3.658521395090044
5.88 3.656902401542877
5.89 3.655279751093612
5.9 3.6536534453649008
5.91 3.6520234859830487
5.92 3.650389874578015
5.93 3.648752612783411
5.94 3.647111702236498
5.95 3.6454671445781868
5.96 3.643818941453035
5.97 3.6421670945092455
5.98 3.6405116053986646
5.99 3.638852475776782
6.0 3.637189707302727
6.01 3.6355233016392674
6.02 3.6338532604528098
6.03 3.632179585413393
6.04 3.6305022781946947
6.05 3.628821340474021
6.06 3.627136773932309
6.07 3.6254485802541243
6.08 3.6237567611276624
6.09 3.6220613182447416
6.1 3.620362253300804
6.11 3.6186595679949143
6.12 3.616953264029759
6.13 3.615243343111641
6.14 3.613529806950481
6.15 3.6118126572598146
6.16 3.6100918957567925
6.17 3.6083675241621758
6.18 3.6066395442003354
6.19 3.6049079575992504
6.2 3.603172766090509
6.21 3.6014339714093024
6.22 3.599691575294424
6.23 3.5979455794882695
6.24 3.596195985736836
6.25 3.5944427957897167
6.26 3.5926860114001014
6.27 3.5909256343247726
6.28 3.58916166632411
6.29 3.58739410916208
6.3 3.58562296460624
6.31 3.583848234427734
6.32 3.5820699204012914
6.33 3.580288024305228
6.34 3.5785025479214383
6.35 3.576713493035398
6.36 3.574920861436164
6.37 3.5731246549163664
6.38 3.5713248752722113
6.39 3.569521524303479
6.4 3.5677146038135183
6.41 3.5659041156092526
6.42 3.564090061501168
6.43 3.5622724433033186
6.44 3.560451262833323
6.45 3.5586265219123616
6.46 3.556798222365175
6.47 3.554966366020062
6.48 3.5531309547088785
6.49 3.5512919902670377
6.5 3.549449474533502
6.51 3.547603409350787
6.52 3.545753796564959
6.53 3.54390063802563
6.54 3.542043935585958
6.55 3.540183691102646
6.56 3.538319906435937
6.57 3.536452583449617
6.58 3.5345817240110087
6.59 3.53270732999097
6.6 3.5308294032638963
6.61 3.5289479457077135
6.62 3.527062959203879
6.63 3.5251744456373797
6.64 3.5232824068967274
6.65 3.5213868448739625
6.66 3.5194877614646463
6.67 3.517585158567861
6.68 3.5156790380862115
6.69 3.5137694019258165
6.7 3.5118562519963126
6.71 3.5099395902108492
6.72 3.5080194184860876
6.73 3.5060957387422
6.74 3.5041685529028666
6.75 3.502237862895271
6.76 3.5003036706501054
6.77 3.498365978101561
6.78 3.4964247871873293
6.79 3.4944800998486025
6.8 3.492531918030066
6.81 3.490580243679903
6.82 3.488625078749788
6.83 3.4866664251948833
6.84 3.484704284973845
6.85 3.4827386600488124
6.86 3.48076955238541
6.87 3.478796963952745
6.88 3.4768208967234053
6.89 3.4748413526734594
6.9 3.4728583337824506
6.91 3.470871842033396
6.92 3.46888187941279
6.93 3.4668884479105935
6.94 3.464891549520238
6.95 3.462891186238622
6.96 3.4608873600661068
6.97 3.4588800730065214
6.98 3.456869327067151
6.99 3.454855124258741
7.0 3.452837466595495
7.01 3.4508163560950704
7.02 3.448791794778577
7.03 3.4467637846705768
7.04 3.444732327799078
7.05 3.442697426195539
7.06 3.4406590818948612
7.07 3.438617296935387
7.08 3.436572073358904
7.09 3.4345234132106333
7.1 3.4324713185392355
7.11 3.430415791396806
7.12 3.428356833838869
7.13 3.4262944479243855
7.14 3.4242286357157394
7.15 3.4221593992787422
7.16 3.4200867406826316
7.17 3.418010662000065
7.18 3.415931165307122
7.19 3.413848252683298
7.2 3.4117619262115046
7.21 3.409672187978071
7.22 3.407579040072733
7.23 3.405482484588638
7.24 3.403382523622343
7.25 3.401279159273808
7.26 3.3991723936463973
7.27 3.397062228846876
7.28 3.3949486669854085
7.29 3.3928317101755576
7.3 3.3907113605342794
7.31 3.388587620181923
7.32 3.386460491242228
7.33 3.384329975842325
7.34 3.3821960761127277
7.35 3.3800587941873363
7.36 3.3779181322034315
7.37 3.3757740923016772
7.38 3.373626676626112
7.39 3.371475887324151
7.4 3.3693217265465827
7.41 3.3671641964475696
7.42 3.365003299184641
7.43 3.362839036918693
7.44 3.3606714118139878
7.45 3.3585004260381517
7.46 3.356326081762169
7.47 3.354148381160385
7.48 3.351967326410498
7.49 3.3497829196935647
7.5 3.3475951631939913
7.51 3.345404059099533
7.52 3.343209609601294
7.53 3.341011816893725
7.54 3.3388106831746174
7.55 3.3366062106451047
7.56 3.3343984015096595
7.57 3.3321872579760896
7.58 3.3299727822555405
7.59 3.3277549765624865
7.6 3.3255338431147323
7.61 3.3233093841334136
7.62 3.321081601842987
7.63 3.3188504984712357
7.64 3.3166160762492622
7.65 3.314378337411488
7.66 3.312137284195654
7.67 3.3098929188428112
7.68 3.3076452435973245
7.69 3.3053942607068714
7.7 3.303139972422432
7.71 3.3008823809982966
7.72 3.2986214886920546
7.73 3.296357297764598
7.74 3.294089810480119
7.75 3.2918190291061045
7.76 3.2895449559133336
7.77 3.2872675931758826
7.78 3.284986943171112
7.79 3.282703008179672
7.8 3.2804157904854976
7.81 3.2781252923758046
7.82 3.275831516141094
7.83 3.27353446407514
7.84 3.2712341384749934
7.85 3.2689305416409824
7.86 3.2666236758767018
7.87 3.264313543489018
7.88 3.262000146788062
7.89 3.2596834880872305
7.9 3.257363569703184
7.91 3.2550403939558388
7.92 3.2527139631683695
7.93 3.2503842796672098
7.94 3.2480513457820406
7.95 3.2457151638457966
7.96 3.24337573619466
7.97 3.2410330651680552
7.98 3.238687153108657
7.99 3.2363380023623756
8.0 3.2339856152783604
8.01 3.2316299942090003
8.02 3.2292711415099156
8.03 3.2269090595399583
8.04 3.2245437506612102
8.05 3.2221752172389793
8.06 3.219803461641801
8.07 3.217428486241429
8.08 3.2150502934128378
8.09 3.2126688855342223
8.1 3.210284264986989
8.11 3.2078964341557583
8.12 3.2055053954283608
8.13 3.203111151195834
8.14 3.200713703852424
8.15 3.1983130557955763
8.16 3.1959092094259387
8.17 3.193502167147359
8.18 3.1910919313668784
8.19 3.188678504494732
8.2 3.186261888944347
8.21 3.1838420871323376
8.22 3.1814191014785074
8.23 3.178992934405841
8.24 3.176563588340504
8.25 3.1741310657118444
8.26 3.1716953689523835
8.27 3.169256500497818
8.28 3.1668144627870163
8.29 3.1643692582620147
8.3 3.161920889368019
8.31 3.1594693585533977
8.32 3.1570146682696802
8.33 3.1545568209715587
8.34 3.152095819116879
8.35 3.149631665166643
8.36 3.147164361585004
8.37 3.1446939108392646
8.38 3.142220315399878
8.39 3.1397435777404374
8.4 3.1372637003376798
8.41 3.134780685671484
8.42 3.132294536224864
8.43 3.1298052544839687
8.44 3.12731284293808
8.45 3.124817304079608
8.46 3.1223186404040932
8.47 3.119816854410198
8.48 3.1173119485997076
8.49 3.114803925477529
8.5 3.112292787551685
8.51 3.1097785373333124
8.52 3.107261177336662
8.53 3.104740710079092
8.54 3.1022171380810715
8.55 3.099690463866172
8.56 3.0971606899610653
8.57 3.094627818895528
8.58 3.0920918532024295
8.59 3.089552795417736
8.6 3.087010648080504
8.61 3.08446541373288
8.62 3.081917094920101
8.63 3.0793656941904834
8.64 3.0768112140954273
8.65 3.0742536571894146
8.66 3.071693026030001
8.67 3.069129323177817
8.68 3.066562551196566
8.69 3.063992712653018
8.7 3.0614198101170143
8.71 3.058843846161455
8.72 3.0562648233623033
8.73 3.0536827442985843
8.74 3.0510976115523754
8.75 3.0485094277088094
8.76 3.0459181953560694
8.77 3.0433239170853867
8.78 3.040726595491042
8.79 3.038126233170355
8.8 3.035522832723687
8.81 3.03291639675444
8.82 3.0303069278690495
8.83 3.0276944286769836
8.84 3.0250789017907413
8.85 3.022460349825848
8.86 3.0198387754008578
8.87 3.0172141811373443
8.88 3.0145865696598992
8.89 3.0119559435961376
8.9 3.009322305576683
8.91 3.0066856582351735
8.92 3.0040460042082566
8.93 3.0014033461355845
8.94 2.9987576866598173
8.95 2.9961090284266136
8.96 2.99345737408463
8.97 2.9908027262855232
8.98 2.988145087683939
8.99 2.985484460937516
9.0 2.9828208487068815
9.01 2.980154253655645
9.02 2.9774846784504043
9.03 2.974812125760734
9.04 2.972136598259185
9.05 2.969458098621285
9.06 2.9667766295255347
9.07 2.9640921936534017
9.08 2.9614047936893226
9.09 2.9587144323206953
9.1 2.9560211122378837
9.11 2.9533248361342057
9.12 2.9506256067059375
9.13 2.947923426652308
9.14 2.9452182986754982
9.15 2.9425102254806355
9.16 2.939799209775792
9.17 2.9370852542719827
9.18 2.9343683616831653
9.19 2.931648534726231
9.2 2.9289257761210057
9.21 2.9262000885902473
9.22 2.9234714748596455
9.23 2.9207399376578125
9.24 2.9180054797162853
9.25 2.9152681037695203
9.26 2.9125278125548952
9.27 2.909784608812701
9.28 2.9070384952861397
9.29 2.904289474721326
9.3 2.901537549867278
9.31 2.8987827234759234
9.32 2.896024998302087
9.33 2.8932643771034923
9.34 2.8905008626407627
9.35 2.887734457677411
9.36 2.884965164979843
9.37 2.88219298731735
9.38 2.8794179274621086
9.39 2.876639988189181
9.4 2.873859172276505
9.41 2.871075482504895
9.42 2.868288921658043
9.43 2.865499492522508
9.44 2.86270719788772
9.45 2.859912040545972
9.46 2.8571140232924206
9.47 2.8543131489250855
9.48 2.851509420244839
9.49 2.848702840055409
9.5 2.8458934111633774
9.51 2.843081136378172
9.52 2.8402660185120667
9.53 2.83744806038018
9.54 2.834627264800468
9.55 2.831803634593729
9.56 2.828977172583591
9.57 2.8261478815965146
9.58 2.823315764461794
9.59 2.8204808240115438
9.6 2.817643063080705
9.61 2.8148024845070374
9.62 2.811959091131119
9.63 2.809112885796345
9.64 2.806263871348919
9.65 2.8034120506378546
9.66 2.8005574265149744
9.67 2.797700001834901
9.68 2.7948397794550592
9.69 2.7919767622356706
9.7 2.789110953039751
9.71 2.7862423547331123
9.72 2.7833709701843508
9.73 2.78049680226485
9.74 2.7776198538487797
9.75 2.774740127813087
9.76 2.771857627037498
9.77 2.768972354404513
9.78 2.7660843127994026
9.79 2.7631935051102117
9.8 2.7602999342277457
9.81 2.7574036030455744
9.82 2.754504514460031
9.83 2.7516026713702026
9.84 2.748698076677932
9.85 2.745790733287814
9.86 2.7428806441071902
9.87 2.739967812046152
9.88 2.7370522400175306
9.89 2.7341339309368955
9.9 2.7312128877225588
9.91 2.728289113295562
9.92 2.725362610579679
9.93 2.722433382501413
9.94 2.7195014319899897
9.95 2.7165667619773624
9.96 2.7136293753981993
9.97 2.710689275189886
9.98 2.7077464642925246
9.99 2.704800945648924
