0.0 2.2280184001535885
0.01 2.2359016812243397
0.02 2.243675403560077
0.03 2.251339186249961
0.04 2.2588926537701735
0.05 2.2663354360023176
0.06 2.2736671682515524
0.07 2.2808874912644654
0.08 2.287996051246673
0.09 2.2949924998801583
0.1 2.3018764943403394
0.11 2.308647697312863
0.12 2.3153057770101406
0.13 2.3218504071875974
0.14 2.328281267159665
0.15 2.3345980418154912
0.16 2.3408004216343823
0.17 2.3468881027009667
0.18 2.352860786720092
0.19 2.3587181810314353
0.2 2.3644599986238473
0.21 2.3700859581494154
0.22 2.3755957839372477
0.23 2.3809892060069835
0.24 2.386265960082021
0.25 2.391425787602465
0.26 2.3964684357378
0.27 2.4013936573992773
0.28 2.4062012112520197
0.29 2.4108908617268505
0.3 2.415462379031835
0.31 2.41991553916354
0.32 2.4242501239180103
0.33 2.4284659209014596
0.34 2.4325627235406793
0.35 2.4365403310931604
0.36 2.440398548656928
0.37 2.4441371871800937
0.38 2.447756063470118
0.39 2.4512550002027864
0.4 2.4546338259308995
0.41 2.457892375092672
0.42 2.461030488019848
0.43 2.4640480109455214
0.44 2.466944796011673
0.45 2.469720701276413
0.46 2.47237559072094
0.47 2.4749093342562016
0.48 2.4773218077292727
0.49 2.4796128929294343
0.5 2.4817824775939714
0.51 2.4838304554136683
0.52 2.4857567260380224
0.53 2.4875611950801586
0.54 2.489243774121454
0.55 2.4908043807158737
0.56 2.4922429383940052
0.57 2.4935593766668114
0.58 2.4947536310290794
0.59 2.495825642962585
0.6 2.4967753599389573
0.61 2.4976027354222556
0.62 2.4983077288712456
0.63 2.49889030574139
0.64 2.4993504374865383
0.65 2.4996881015603276
0.66 2.4999032814172857
0.67 2.499995966513642
0.68 2.499966152307846
0.69 2.4998138402607877
0.7 2.499539037835727
0.71 2.499141758497928
0.72 2.498622021713998
0.73 2.4979798529509356
0.74 2.497215283674882
0.75 2.496328351349579
0.76 2.4953190994345325
0.77 2.4941875773828848
0.78 2.49293384063899
0.79 2.491557950635697
0.8 2.490059974791342
0.81 2.4884399865064406
0.82 2.4866980651600947
0.83 2.484834296106102
0.84 2.4828487706687734
0.85 2.480741586138458
0.86 2.478512845766776
0.87 2.4761626587615595
0.88 2.473691140281502
0.89 2.471098411430514
0.9 2.468384599251791
0.91 2.4655498367215865
0.92 2.462594262742697
0.93 2.4595180221376567
0.94 2.4563212656416393
0.95 2.453004149895073
0.96 2.449566837435967
0.97 2.4460094966919432
0.98 2.4423323019719865
0.99 2.438535433457902
1.0 2.434619077195488
1.01 2.430583425085417
1.02 2.4264286748738355
1.03 2.422155030142672
1.04 2.417762700299664
1.05 2.413251900568094
1.06 2.408622851976247
1.07 2.403875781346578
1.08 2.3990109212845976
1.09 2.394028510167476
1.1 2.3889287921323596
1.11 2.3837120170644135
1.12 2.378378440584571
1.13 2.3729283240370136
1.14 2.367361934476361
1.15 2.3616795446545873
1.16 2.355881433007658
1.17 2.349967883641883
1.18 2.343939186319998
1.19 2.337795636446966
1.2 2.331537535055501
1.21 2.3251651887913196
1.22 2.3186789098981135
1.23 2.3120790162022504
1.24 2.3053658310972014
1.25 2.298539683527693
1.26 2.2916009079735904
1.27 2.2845498444335073
1.28 2.277386838408147
1.29 2.2701122408833707
1.3 2.2627264083130023
1.31 2.2552297026013597
1.32 2.2476224910855223
1.33 2.239905146517333
1.34 2.2320780470451314
1.35 2.224141576195226
1.36 2.216096122853099
1.37 2.207942081244356
1.38 2.199679850915404
1.39 2.191309836713875
1.4 2.1828324487687913
1.41 2.174248102470466
1.42 2.165557218450149
1.43 2.156760222559419
1.44 2.1478575458493148
1.45 2.1388496245492137
1.46 2.129736900045458
1.47 2.1205198188597234
1.48 2.111198832627145
1.49 2.101774398074183
1.5 2.0922469769962446
1.51 2.082617036235056
1.52 2.072885047655789
1.53 2.0630514881239344
1.54 2.053116839481945
1.55 2.043081588525614
1.56 2.032946226980231
1.57 2.0227112514764847
1.58 2.012377163526126
1.59 2.001944469497396
1.6 1.991413680590217
1.61 1.9807853128111355
1.62 1.9700598869480492
1.63 1.9592379285446782
1.64 1.9483199678748173
1.65 1.9373065399163574
1.66 1.926198184325063
1.67 1.9149954454081364
1.68 1.9036988720975434
1.69 1.8923090179231148
1.7 1.880826440985427
1.71 1.8692517039284526
1.72 1.8575853739119899
1.73 1.8458280225838786
1.74 1.8339802260519784
1.75 1.8220425648559502
1.76 1.8100156239388043
1.77 1.7978999926182382
1.78 1.785696264557763
1.79 1.7734050377376125
1.8 1.7610269144254398
1.81 1.748562501146813
1.82 1.7360124086554873
1.83 1.723377251903484
1.84 1.7106576500109565
1.85 1.6978542262358514
1.86 1.6849676079433724
1.87 1.6719984265752386
1.88 1.65894731761874
1.89 1.6458149205756054
1.9 1.6326018789306629
1.91 1.619308840120307
1.92 1.6059364555007831
1.93 1.5924853803162595
1.94 1.5789562736667295
1.95 1.565349798475713
1.96 1.5516666214577703
1.97 1.5379074130858386
1.98 1.5240728475583754
1.99 1.5101636027663212
2.0 1.496180360259891
2.01 1.4821238052151688
2.02 1.467994626400537
2.03 1.4537935161429338
2.04 1.4395211702939184
2.05 1.4251782881955821
2.06 1.4107655726462793
2.07 1.396283729866186
2.08 1.3817334694627021
2.09 1.3671155043956769
2.1 1.3524305509424706
2.11 1.3376793286628685
2.12 1.322862560363808
2.13 1.3079809720639717
2.14 1.2930352929582103
2.15 1.2780262553818076
2.16 1.2629545947746021
2.17 1.2478210496449496
2.18 1.23262636153353
2.19 1.2173712749770251
2.2 1.2020565374716206
2.21 1.1866828994363912
2.22 1.1712511141765252
2.23 1.155761937846411
2.24 1.140216129412591
2.25 1.1246144506165683
2.26 1.108957665937481
2.27 1.093246542554646
2.28 1.077481850309967
2.29 1.0616643616702066
2.3 1.0457948516891475
2.31 1.0298740979696004
2.32 1.0139028806253128
2.33 0.9978819822427405
2.34 0.9818121878426965
2.35 0.9656942848418921
2.36 0.9495290630143506
2.37 0.9333173144527039
2.38 0.917059833529392
2.39 0.9007574168577243
2.4 0.8844108632528568
2.41 0.8680209736926464
2.42 0.8515885512784004
2.43 0.8351144011955302
2.44 0.8185993306740945
2.45 0.8020441489492415
2.46 0.7854496672215676
2.47 0.7688166986173539
2.48 0.752146058148735
2.49 0.7354385626737597
2.5 0.718695030856361
2.51 0.70191628312625
2.52 0.6851031416387064
2.53 0.6682564302343009
2.54 0.6513769743985187
2.55 0.6344656012213225
2.56 0.6175231393566112
2.57 0.6005504189816273
2.58 0.5835482717562743
2.59 0.5665175307823622
2.6 0.5494590305627923
2.61 0.5323736069606634
2.62 0.5152620971583102
2.63 0.4981253396162935
2.64 0.48096417403230096
2.65 0.4637794413000136
2.66 0.44657198346789806
2.67 0.42934264369794295
2.68 0.4120922662243508
2.69 0.39482169631216735
2.7 0.3775317802158596
2.71 0.36022336513786113
2.72 0.34289729918704437
2.73 0.32555443133717543
2.74 0.30819561138530993
2.75 0.2908216899101501
2.76 0.2734335182303732
2.77 0.25603194836291354
2.78 0.2386178329812106
2.79 0.22119202537343496
2.8 0.2037553794006739
2.81 0.18630874945508802
2.82 0.16885299041805824
2.83 0.15138895761828144
2.84 0.13391750678987174
2.85 0.11643949403042506
2.86 0.09895577575906735
2.87 0.0814672086744968
2.88 0.06397464971300142
2.89 0.046478956006470326
2.9 0.02898098484039569
2.91 0.011481593611861358
2.92 -0.00601836021246268
2.93 -0.02351801913834048
2.94 -0.04101652568598495
2.95 -0.05851302243207862
2.96 -0.07600665205178059
2.97 -0.09349655736073965
2.98 -0.110981881357094
2.99 -0.12846176726346856
3.0 -0.1459353585689491
3.01 -0.1634017990710601
3.02 -0.18086023291771047
3.03 -0.19830980464913386
3.04 -0.215749659239809
3.05 -0.2331789421403492
3.06 -0.25059679931937967
3.07 -0.2680023773053825
3.08 -0.2853948232285213
3.09 -0.30277328486242444
3.1 -0.3201369106659492
3.11 -0.3374848498249041
3.12 -0.35481625229374375
3.13 -0.3721302688372137
3.14 -0.3894260510719675
3.15 -0.4067027515081353
3.16 -0.4239595235908545
3.17 -0.4411955217417449
3.18 -0.4584099014003457
3.19 -0.4756018190654968
3.2 -0.4927704323366746
3.21 -0.509914899955263
3.22 -0.5270343818457788
3.23 -0.5441280391570337
3.24 -0.5611950343032417
3.25 -0.5782345310050545
3.26 -0.595245694330542
3.27 -0.6122276907361067
3.28 -0.6291796881073218
3.29 -0.6461008557997079
3.3 -0.6629903646794324
3.31 -0.6798473871639419
3.32 -0.6966710972625062
3.33 -0.7134606706166967
3.34 -0.7302152845407772
3.35 -0.7469341180620201
3.36 -0.7636163519609267
3.37 -0.7802611688113738
3.38 -0.7968677530206651
3.39 -0.8134352908694992
3.4 -0.8299629705518352
3.41 -0.8464499822146758
3.42 -0.862895517997747
3.43 -0.879298772073088
3.44 -0.8956589406845303
3.45 -0.9119752221870852
3.46 -0.9282468170862225
3.47 -0.9444729280770501
3.48 -0.9606527600833749
3.49 -0.9767855202966659
3.5 -0.9928704182148995
3.51 -1.0089066656812982
3.52 -1.0248934769229434
3.53 -1.0408300685892822
3.54 -1.0567156597905136
3.55 -1.0725494721358462
3.56 -1.088330729771643
3.57 -1.1040586594194364
3.58 -1.1197324904138226
3.59 -1.135351454740218
3.6 -1.1509147870724958
3.61 -1.1664217248104845
3.62 -1.1818715081173394
3.63 -1.1972633799567691
3.64 -1.212596586130133
3.65 -1.2278703753133955
3.66 -1.2430839990939448
3.67 -1.2582367120072582
3.68 -1.273327771573435
3.69 -1.2883564383335753
3.7 -1.3033219758860162
3.71 -1.3182236509224117
3.72 -1.3330607332636655
3.73 -1.3478324958957115
3.74 -1.362538215005138
3.75 -1.3771771700146498
3.76 -1.3917486436183801
3.77 -1.4062519218170388
3.78 -1.4206862939528957
3.79 -1.4350510527446045
3.8 -1.4493454943218569
3.81 -1.463568918259878
3.82 -1.4777206276137393
3.83 -1.4917999289525148
3.84 -1.505806132393254
3.85 -1.5197385516347932
3.86 -1.5335965039913764
3.87 -1.5473793104261104
3.88 -1.5610862955842373
3.89 -1.5747167878262278
3.9 -1.588270119260689
3.91 -1.6017456257770926
3.92 -1.615142647078314
3.93 -1.6284605267129924
3.94 -1.6416986121076889
3.95 -1.6548562545988679
3.96 -1.6679328094646795
3.97 -1.680927635956553
3.98 -1.69384009733059
3.99 -1.7066695608787663
4.0 -1.7194153979599345
4.01 -1.7320769840306283
4.02 -1.7446536986756644
4.03 -1.7571449256385419
4.04 -1.7695500528516364
4.05 -1.7818684724661982
4.06 -1.7940995808821312
4.07 -1.8062427787775706
4.08 -1.8182974711382471
4.09 -1.8302630672866482
4.1 -1.8421389809109576
4.11 -1.8539246300937837
4.12 -1.8656194373406727
4.13 -1.8772228296084104
4.14 -1.8887342383330987
4.15 -1.9001530994580138
4.16 -1.9114788534612412
4.17 -1.9227109453831037
4.18 -1.9338488248533445
4.19 -1.944891946118099
4.2 -1.955839768066632
4.21 -1.9666917542578601
4.22 -1.9774473729466324
4.23 -1.9881060971097828
4.24 -1.998667404471961
4.25 -2.0091307775312197
4.26 -2.0194957035843735
4.27 -2.0297616747521166
4.28 -2.0399281880039193
4.29 -2.0499947451826634
4.3 -2.059960853029063
4.31 -2.069826023205827
4.32 -2.0795897723215937
4.33 -2.0892516219546047
4.34 -2.0988110986761637
4.35 -2.1082677340738236
4.36 -2.117621064774344
4.37 -2.1268706324663893
4.38 -2.1360159839229955
4.39 -2.145056671023769
4.4 -2.1539922507768514
4.41 -2.162822285340623
4.42 -2.171546342045158
4.43 -2.1801639934134216
4.44 -2.188674817182222
4.45 -2.1970783963228966
4.46 -2.20537431906175
4.47 -2.213562178900226
4.48 -2.221641574634835
4.49 -2.2296121103767974
4.5 -2.2374733955714587
4.51 -2.245225045017418
4.52 -2.252866678885402
4.53 -2.2603979227368822
4.54 -2.267818407542416
4.55 -2.27512776969973
4.56 -2.282325651051544
4.57 -2.289411698903111
4.58 -2.2963855660395054
4.59 -2.3032469107426303
4.6 -2.30999539680797
4.61 -2.316630693561056
4.62 -2.3231524758736763
4.63 -2.3295604241798022
4.64 -2.3358542244912495
4.65 -2.3420335684130613
4.66 -2.348098153158621
4.67 -2.354047681564491
4.68 -2.359881862104969
4.69 -2.365600408906377
4.7 -2.371203041761065
4.71 -2.376689486141143
4.72 -2.382059473211936
4.73 -2.3873127398451506
4.74 -2.3924490286317743
4.75 -2.3974680878946826
4.76 -2.4023696717009777
4.77 -2.4071535398740322
4.78 -2.4118194580052634
4.79 -2.416367197465616
4.8 -2.420796535416768
4.81 -2.4251072548220436
4.82 -2.4292991444570564
4.83 -2.433371998920052
4.84 -2.437325618641977
4.85 -2.4411598098962557
4.86 -2.4448743848082852
4.87 -2.4484691613646357
4.88 -2.451943963421977
4.89 -2.4552986207157024
4.9 -2.458532968868277
4.91 -2.461646849397287
4.92 -2.4646401097232107
4.93 -2.4675126031768904
4.94 -2.4702641890067216
4.95 -2.4728947323855492
4.96 -2.475404104417275
4.97 -2.47779218214317
4.98 -2.480058848547904
4.99 -2.482203992565277
5.0 -2.484227509083661
5.01 -2.4861292989511514
5.02 -2.487909268980426
5.03 -2.489567331953309
5.04 -2.491103406625046
5.05 -2.4925174177282856
5.06 -2.4938092959767673
5.07 -2.494978978068715
5.08 -2.49602640668994
5.09 -2.4969515305166503
5.1 -2.497754304217962
5.11 -2.4984346884581257
5.12 -2.4989926498984487
5.13 -2.4994281611989333
5.14 -2.4997412010196123
5.15 -2.4999317540215964
5.16 -2.499999810867828
5.17 -2.4999453682235337
5.18 -2.499768428756394
5.19 -2.499469001136406
5.2 -2.4990471000354635
5.21 -2.4985027461266363
5.22 -2.497835966083157
5.23 -2.497046792577114
5.24 -2.496135264277851
5.25 -2.4951014258500726
5.26 -2.4939453279516552
5.27 -2.4926670272311644
5.28 -2.4912665863250796
5.29 -2.4897440738547245
5.3 -2.4880995644229067
5.31 -2.486333138610258
5.32 -2.484444882971291
5.33 -2.482434890030153
5.34 -2.480303258276097
5.35 -2.478050092158652
5.36 -2.4756755020825065
5.37 -2.4731796044021
5.38 -2.4705625214159186
5.39 -2.4678243813605056
5.4 -2.4649653184041758
5.41 -2.4619854726404413
5.42 -2.45888499008115
5.43 -2.455664022649325
5.44 -2.452322728171727
5.45 -2.4488612703711166
5.46 -2.445279818858234
5.47 -2.441578549123485
5.48 -2.4377576425283487
5.49 -2.433817286296482
5.5 -2.4297576735045525
5.51 -2.425579003072774
5.52 -2.4212814797551623
5.53 -2.4168653141294993
5.54 -2.4123307225870185
5.55 -2.407677927321797
5.56 -2.4029071563198725
5.57 -2.398018643348068
5.58 -2.393012627942543
5.59 -2.3878893553970504
5.6 -2.382649076750919
5.61 -2.3772920487767544
5.62 -2.371818533967856
5.63 -2.3662288005253527
5.64 -2.3605231223450667
5.65 -2.3547017790040865
5.66 -2.3487650557470707
5.67 -2.3427132434722706
5.68 -2.336546638717278
5.69 -2.330265543644491
5.7 -2.323870266026313
5.71 -2.3173611192300663
5.72 -2.310738422202642
5.73 -2.3040024994548673
5.74 -2.2971536810456135
5.75 -2.2901923025656092
5.76 -2.283118705121008
5.77 -2.275933235316669
5.78 -2.2686362452391733
5.79 -2.2612280924395782
5.8 -2.253709139915887
5.81 -2.246079756095269
5.82 -2.2383403148160044
5.83 -2.2304911953091677
5.84 -2.2225327821800427
5.85 -2.2144654653892832
5.86 -2.206289640233797
5.87 -2.1980057073273804
5.88 -2.1896140725810884
5.89 -2.1811151471833443
5.9 -2.17250934757979
5.91 -2.163797095452889
5.92 -2.1549788177012497
5.93 -2.146054946418718
5.94 -2.1370259188731984
5.95 -2.1278921774852386
5.96 -2.1186541698063373
5.97 -2.1093123484970224
5.98 -2.0998671713046684
5.99 -2.090319101041068
6.0 -2.0806686055597545
6.01 -2.070916157733072
6.02 -2.0610622354290187
6.03 -2.0511073214878124
6.04 -2.041051903698245
6.05 -2.030896474773777
6.06 -2.0206415323283924
6.07 -2.0102875788522168
6.08 -1.9998351216869048
6.09 -1.989284673000763
6.1 -1.978636749763666
6.11 -1.9678918737217201
6.12 -1.957050571371706
6.13 -1.9461133739352672
6.14 -1.93508081733289
6.15 -1.9239534421576399
6.16 -1.9127317936486745
6.17 -1.9014164216645226
6.18 -1.8900078806561535
6.19 -1.8785067296397904
6.2 -1.8669135321695323
6.21 -1.8552288563097354
6.22 -1.8434532746071794
6.23 -1.831587364063008
6.24 -1.8196317061044702
6.25 -1.807586886556411
6.26 -1.7954534956125776
6.27 -1.783232127806699
6.28 -1.770923381983349
6.29 -1.7585278612686168
6.3 -1.746046173040534
6.31 -1.7334789288993262
6.32 -1.7208267446374423
6.33 -1.7080902402093758
6.34 -1.6952700397013023
6.35 -1.6823667713004784
6.36 -1.6693810672644736
6.37 -1.6563135638901874
6.38 -1.643164901482671
6.39 -1.6299357243237478
6.4 -1.6166266806404586
6.41 -1.6032384225732776
6.42 -1.5897716061441713
6.43 -1.5762268912244504
6.44 -1.5626049415024321
6.45 -1.5489064244509343
6.46 -1.5351320112945483
6.47 -1.5212823769767625
6.48 -1.5073582001268875
6.49 -1.4933601630268
6.5 -1.4792889515775234
6.51 -1.4651452552656004
6.52 -1.4509297671293195
6.53 -1.4366431837247562
6.54 -1.422286205091638
6.55 -1.4078595347190421
6.56 -1.393363879510937
6.57 -1.3787999497515246
6.58 -1.364168459070449
6.59 -1.3494701244078258
6.6 -1.3347056659791126
6.61 -1.3198758072398145
6.62 -1.30498127485005
6.63 -1.290022798638923
6.64 -1.2750011115687738
6.65 -1.25991694969926
6.66 -1.244771052151303
6.67 -1.2295641610708479
6.68 -1.214297021592515
6.69 -1.1989703818030848
6.7 -1.1835849927048396
6.71 -1.1681416081787632
6.72 -1.1526409849476151
6.73 -1.1370838825388287
6.74 -1.121471063247309
6.75 -1.1058032920980774
6.76 -1.0900813368087856
6.77 -1.0743059677520967
6.78 -1.0584779579179344
6.79 -1.0425980828756216
6.8 -1.0266671207358542
6.81 -1.0106858521125892
6.82 -0.9946550600847877
6.83 -0.9785755301580599
6.84 -0.9624480502261503
6.85 -0.9462734105323495
6.86 -0.9300524036307656
6.87 -0.9137858243474873
6.88 -0.8974744697416535
6.89 -0.8811191390663714
6.9 -0.8647206337295721
6.91 -0.848279757254736
6.92 -0.8317973152415208
6.93 -0.8152741153262871
6.94 -0.7987109671425209
6.95 -0.7821086822811774
6.96 -0.7654680742508886
6.97 -0.7487899584381188
6.98 -0.7320751520672015
6.99 -0.7153244741603129
7.0 -0.6985387454973147
7.01 -0.6817187885755528
7.02 -0.6648654275695511
7.03 -0.6479794882906226
7.04 -0.6310617981464217
7.05 -0.6141131861003764
7.06 -0.5971344826310857
7.07 -0.5801265196916227
7.08 -0.5630901306687681
7.09 -0.5460261503421757
7.1 -0.5289354148434626
7.11 -0.5118187616152575
7.12 -0.4946770293701396
7.13 -0.47751105804955896
7.14 -0.46032168878267576
7.15 -0.44310976384514034
7.16 -0.42587612661783963
7.17 -0.4086216215455452
7.18 -0.39134709409555335
7.19 -0.3740533907162483
7.2 -0.3567413587956443
7.21 -0.33941184661983714
7.22 -0.3220657033314562
7.23 -0.3047037788880519
7.24 -0.28732692402044807
7.25 -0.2699359901910565
7.26 -0.2525318295521508
7.27 -0.23511529490412877
7.28 -0.217687239653699
7.29 -0.20024851777208172
7.3 -0.18279998375315992
7.31 -0.16534249257160943
7.32 -0.14787689964100068
7.33 -0.13040406077190161
7.34 -0.11292483212991637
7.35 -0.09544007019375109
7.36 -0.07795063171323782
7.37 -0.060457373667371646
7.38 -0.04296115322229226
7.39 -0.025462827689300777
7.4 -0.007963254482847196
7.41 0.009536708921482732
7.42 0.027036205028988083
7.43 0.044534376367852055
7.44 0.06203036553118457
7.45 0.0795233152190173
7.46 0.09701236828031554
7.47 0.11449666775497858
7.48 0.1319753569158349
7.49 0.14944757931060393
7.5 0.16691247880388865
7.51 0.18436919961910836
7.52 0.20181688638043588
7.53 0.21925468415471527
7.54 0.23668173849333585
7.55 0.2540971954741262
7.56 0.27150020174317885
7.57 0.2888899045566687
7.58 0.30626545182264164
7.59 0.32362599214274934
7.6 0.3409706748539941
7.61 0.3582986500703935
7.62 0.3756090687246289
7.63 0.39290108260964973
7.64 0.4101738444202401
7.65 0.4274265077945181
7.66 0.44465822735543503
7.67 0.46186815875218007
7.68 0.47905545870155825
7.69 0.4962192850293152
7.7 0.5133587967113865
7.71 0.5304731539151333
7.72 0.5475615180404769
7.73 0.5646230517609943
7.74 0.5816569190649511
7.75 0.5986622852962492
7.76 0.6156383171953499
7.77 0.6325841829400868
7.78 0.649499052186429
7.79 0.6663820961091677
7.8 0.6832324874425332
7.81 0.7000494005207127
7.82 0.7168320113183348
7.83 0.7335794974908283
7.84 0.7502910384147216
7.85 0.7669658152278529
7.86 0.7836030108694991
7.87 0.8002018101203943
7.88 0.8167613996427002
7.89 0.8332809680198437
7.9 0.8497597057962838
7.91 0.8661968055171582
7.92 0.8825914617678734
7.93 0.8989428712135538
7.94 0.9152502326384077
7.95 0.9315127469849884
7.96 0.9477296173933508
7.97 0.9639000492400815
7.98 0.9800232501772593
7.99 0.9960984301712645
8.0 1.0121248015414939
8.01 1.0281015789989565
8.02 1.0440279796847538
8.03 1.0599032232084429
8.04 1.0757265316862592
8.05 1.0914971297792577
8.06 1.1072142447312912
8.07 1.1228771064068632
8.08 1.13848494732889
8.09 1.1540370027162894
8.1 1.1695325105214587
8.11 1.1849707114676162
8.12 1.2003508490860042
8.13 1.2156721697529607
8.14 1.2309339227268308
8.15 1.246135360184776
8.16 1.261275737259403
8.17 1.2763543120752638
8.18 1.29137034578521
8.19 1.3063231026065978
8.2 1.3212118498573269
8.21 1.3360358579917653
8.22 1.3507944006364836
8.23 1.365486754625838
8.24 1.3801122000374269
8.25 1.3946700202273505
8.26 1.4091595018653331
8.27 1.423579934969673
8.28 1.4379306129420333
8.29 1.4522108326020653
8.3 1.466419894221866
8.31 1.4805571015602517
8.32 1.4946217618968953
8.33 1.5086131860662546
8.34 1.5225306884913445
8.35 1.5363735872173343
8.36 1.5501412039449491
8.37 1.5638328640637278
8.38 1.577447896685067
8.39 1.5909856346750857
8.4 1.6044454146873344
8.41 1.6178265771952858
8.42 1.6311284665246542
8.43 1.6443504308855241
8.44 1.657491822404287
8.45 1.6705519971553884
8.46 1.6835303151928813
8.47 1.6964261405817722
8.48 1.7092388414292006
8.49 1.7219677899153887
8.5 1.7346123623244076
8.51 1.747171939074742
8.52 1.7596459047496382
8.53 1.772033648127277
8.54 1.784334562210711
8.55 1.7965480442576152
8.56 1.808673495809806
8.57 1.8207103227225871
8.58 1.8326579351938483
8.59 1.8445157477929683
8.6 1.856283179489503
8.61 1.8679596536816534
8.62 1.8795445982245202
8.63 1.8910374454581418
8.64 1.9024376322352978
8.65 1.9137445999491198
8.66 1.9249577945604517
8.67 1.9360766666250044
8.68 1.9471006713202659
8.69 1.9580292684722143
8.7 1.968861922581776
8.71 1.9795981028510696
8.72 1.9902372832094049
8.73 2.0007789423390756
8.74 2.0112225637008936
8.75 2.021567635559501
8.76 2.0318136510084486
8.77 2.041960107995027
8.78 2.052006509344876
8.79 2.0619523627863385
8.8 2.0717971809745883
8.81 2.0815404815154994
8.82 2.0911817869892975
8.83 2.100720624973945
8.84 2.110156528068285
8.85 2.119489033914956
8.86 2.128717685223039
8.87 2.1378420297904666
8.88 2.1468616205261823
8.89 2.155776015472041
8.9 2.1645847778244747
8.91 2.1732874759558922
8.92 2.181883683435826
8.93 2.190372979051829
8.94 2.198754946830115
8.95 2.20702917605594
8.96 2.215195261293729
8.97 2.2232528024069356
8.98 2.2312014045776594
8.99 2.2390406783259866
9.0 2.2467702395290674
9.01 2.254389709439952
9.02 2.261898714706139
9.03 2.269296887387873
9.04 2.276583864976173
9.05 2.2837592904105963
9.06 2.2908228120967293
9.07 2.297774083923424
9.08 2.3046127652797526
9.09 2.311338521071696
9.1 2.3179510217385664
9.11 2.3244499432691548
9.12 2.3308349672176067
9.13 2.3371057807190243
9.14 2.343262076504802
9.15 2.349303552917679
9.16 2.355229913926517
9.17 2.3610408691408145
9.18 2.3667361338249284
9.19 2.372315428912028
9.2 2.3777784810177716
9.21 2.383125022453699
9.22 2.3883547912403484
9.23 2.3934675311200957
9.24 2.398462991569711
9.25 2.4033409278126303
9.26 2.408101100830955
9.27 2.412743277377159
9.28 2.417267229985521
9.29 2.4216727369832673
9.3 2.425959582501437
9.31 2.4301275564854583
9.32 2.4341764547054376
9.33 2.4381060787661744
9.34 2.441916236116875
9.35 2.4456067400605916
9.36 2.4491774097633696
9.37 2.452628070263108
9.38 2.4559585524781338
9.39 2.459168693215483
9.4 2.4622583351789022
9.41 2.4652273269765534
9.42 2.4680755231284337
9.43 2.4708027840735
9.44 2.473408976176513
9.45 2.47589397173458
9.46 2.4782576489834165
9.47 2.4804998921033103
9.48 2.482620591224797
9.49 2.484619642434043
9.5 2.4864969477779404
9.51 2.488252415268902
9.52 2.4898859588893734
9.53 2.4913974985960423
9.54 2.4927869603237665
9.55 2.4940542759891997
9.56 2.4951993834941266
9.57 2.4962222267285092
9.58 2.4971227555732343
9.59 2.497900925902568
9.6 2.4985566995863198
9.61 2.4990900444917106
9.62 2.499500934484947
9.63 2.4997893494325014
9.64 2.499955275202099
9.65 2.49999870366341
9.66 2.4999196326884485
9.67 2.4997180661516767
9.68 2.499394013929815
9.69 2.498947491901357
9.7 2.4983785219457926
9.71 2.497687131942536
9.72 2.4968733557695586
9.73 2.495937233301731
9.74 2.494878810408866
9.75 2.493698138953474
9.76 2.492395276788219
9.77 2.4909702877530884
9.78 2.4894232416722586
9.79 2.487754214350678
9.8 2.4859632875703506
9.81 2.4840505490863323
9.82 2.482016092622425
9.83 2.479860017866588
9.84 2.4775824304660543
9.85 2.4751834420221495
9.86 2.4726631700848274
9.87 2.4700217381469094
9.88 2.467259275638031
9.89 2.4643759179183036
9.9 2.4613718062716776
9.91 2.4582470878990232
9.92 2.4550019159109144
9.93 2.451636449320131
9.94 2.448150853033862
9.95 2.444545297845627
9.96 2.4408199604269094
9.97 2.4369750233184977
9.98 2.433010674921541
9.99 2.4289271094883174
