0.0 0.1438276615812609
0.01 0.15166000236145408
0.02 0.159355859376265
0.03 0.16690830687383512
0.04 0.17431054816119151
0.05 0.18155592172081186
0.06 0.18863790720554055
0.07 0.19555013130646098
0.08 0.2022863734884435
0.09 0.20884057158820704
0.1 0.21520682726985682
0.11 0.22137941133298883
0.12 0.22735276886858308
0.13 0.23312152425804714
0.14 0.2386804860109098
0.15 0.24402465143681212
0.16 0.24914921114759114
0.17 0.2540495533854045
0.18 0.2587212681730015
0.19 0.2631601512824045
0.2 0.26736220801843064
0.21 0.27132365681364773
0.22 0.27504093263153007
0.23 0.27851069017475
0.24 0.28172980689572025
0.25 0.28469538580667586
0.26 0.28740475808676746
0.27 0.2898554854838202
0.28 0.2920453625085958
0.29 0.29397241841958427
0.3 0.29563491899653804
0.31 0.2970313681011533
0.32 0.29816050902349345
0.33 0.29902132561294303
0.34 0.2996130431926749
0.35 0.2999351292568071
0.36 0.29998729394962204
0.37 0.29976949032641714
0.38 0.2992819143957521
0.39 0.29852500494305406
0.4 0.29749944313574056
0.41 0.29620615191021493
0.42 0.29464629514128554
0.43 0.29282127659475726
0.44 0.2907327386641369
0.45 0.28838256089258996
0.46 0.2857728582814786
0.47 0.2829059793870032
0.48 0.2797845042066601
0.49 0.2764112418574186
0.5 0.2727892280477045
0.51 0.2689217223454679
0.52 0.2648122052447922
0.53 0.2604643750336838
0.54 0.2558821444658628
0.55 0.2510696372395492
0.56 0.2460311842864122
0.57 0.24077131987402417
0.58 0.23529477752532604
0.59 0.22960648575877607
0.6 0.22371156365301612
0.61 0.21761531624004585
0.62 0.21132322973105286
0.63 0.2048409665791919
0.64 0.1981743603837602
0.65 0.19132941064035108
0.66 0.18431227734171352
0.67 0.1771292754341738
0.68 0.16978686913461083
0.69 0.16229166611309656
0.7 0.15465041154643935
0.71 0.14686998204797985
0.72 0.13895737947910355
0.73 0.1309197246480379
0.74 0.12276425090160531
0.75 0.11449829761569952
0.76 0.10612930359034281
0.77 0.097664800355268
0.78 0.08911240539204972
0.79 0.08047981527888537
0.8 0.0717747987641946
0.81 0.06300518977526974
0.82 0.05417888036826987
0.83 0.045303813625903286
0.84 0.03638797650918892
0.85 0.027439392669731156
0.86 0.018466115228973942
0.87 0.00947621953093617
0.88 0.00047779587494604844
0.89 -0.008521057765081136
0.9 -0.017512243028274026
0.91 -0.026487668454782277
0.92 -0.03543925676754534
0.93 -0.04435895214129555
0.94 -0.05323872745225804
0.95 -0.062070591502019795
0.96 -0.0708465962090691
0.97 -0.07955884376153201
0.98 -0.08819949372467029
0.99 -0.09676077009674355
1.0 -0.10523496830688595
1.01 -0.11361446214869941
1.02 -0.12189171064332503
1.03 -0.1300592648258153
1.04 -0.13810977444869948
1.05 -0.14603599459670993
1.06 -0.15383079220671714
1.07 -0.1614871524870053
1.08 -0.168998185230111
1.09 -0.17635713101354494
1.1 -0.18355736728281577
1.11 -0.19059241431128268
1.12 -0.19745594103147157
1.13 -0.2041417707326081
1.14 -0.21064388661924163
1.15 -0.21695643722595354
1.16 -0.22307374168328228
1.17 -0.228990294830122
1.18 -0.23470077216799584
1.19 -0.24020003465274528
1.2 -0.24548313331932306
1.21 -0.250545313735528
1.22 -0.2553820202806723
1.23 -0.2599889002453331
1.24 -0.2643618077484976
1.25 -0.268496807468575
1.26 -0.2723901781849216
1.27 -0.27603841612668717
1.28 -0.27943823812597274
1.29 -0.2825865845724603
1.3 -0.2854806221668548
1.31 -0.288117746470663
1.32 -0.29049558425001215
1.33 -0.29261199561139994
1.34 -0.29446507592745463
1.35 -0.296053157550971
1.36 -0.29737481131568005
1.37 -0.29842884782240264
1.38 -0.299214318509428
1.39 -0.29973051650615545
1.4 -0.2999769772692302
1.41 -0.2999534790006013
1.42 -0.2996600428471242
1.43 -0.29909693288153083
1.44 -0.2982646558647814
1.45 -0.29716396079001395
1.46 -0.2957958382085011
1.47 -0.29416151933822066
1.48 -0.2922624749558428
1.49 -0.2901004140731298
1.5 -0.2876772823989415
1.51 -0.2849952605882282
1.52 -0.2820567622795885
1.53 -0.2788644319231575
1.54 -0.2754211424007801
1.55 -0.2717299924406113
1.56 -0.26779430382847036
1.57 -0.26361761841845693
1.58 -0.2592036949455223
1.59 -0.2545565056428612
1.6 -0.24968023266717024
1.61 -0.24457926433498903
1.62 -0.2392581911735113
1.63 -0.23372180178942092
1.64 -0.2279750785594683
1.65 -0.22202319314666846
1.66 -0.21587150184615245
1.67 -0.2095255407648641
1.68 -0.20299102083943707
1.69 -0.1962738226967374
1.7 -0.18937999136169648
1.71 -0.18231573081719574
1.72 -0.17508739842090218
1.73 -0.16770149918407487
1.74 -0.16016467991749328
1.75 -0.15248372324977752
1.76 -0.14466554152347946
1.77 -0.1367171705744414
1.78 -0.12864576340001876
1.79 -0.12045858372186438
1.8 -0.11216299944907081
1.81 -0.10376647604754864
1.82 -0.09527656982161045
1.83 -0.08670092111380834
1.84 -0.07804724742914042
1.85 -0.06932333648981741
1.86 -0.06053703922683867
1.87 -0.051696262714683076
1.88 -0.04280896305547757
1.89 -0.03388313821904021
1.9 -0.024926820845249185
1.91 -0.015948071015207104
1.92 -0.006954968997713835
1.93 0.0020443920224310526
1.94 0.011041913227748074
1.95 0.02002949745646664
1.96 0.02899905648942517
1.97 0.03794251832892081
1.98 0.04685183446296331
1.99 0.05571898710839336
2.0 0.06453599642634465
2.01 0.07329492770356105
2.02 0.08198789849310398
2.03 0.0906070857080197
2.04 0.09914473266159328
2.05 0.10759315604783985
2.06 0.1159447528559638
2.07 0.12419200721255316
2.08 0.1323274971453607
2.09 0.14034390126257504
2.1 0.14823400534158268
2.11 0.1559907088212776
2.12 0.16360703119209058
2.13 0.17107611827797378
2.14 0.17839124840469858
2.15 0.18554583844890696
2.16 0.19253344976248013
2.17 0.1993477939668846
2.18 0.20598273861229174
2.19 0.21243231269636512
2.2 0.21869071203776294
2.21 0.2247523044995068
2.22 0.23061163505752674
2.23 0.23626343070981312
2.24 0.2417026052217641
2.25 0.24692426370345164
2.26 0.25192370701469385
2.27 0.2566964359939632
2.28 0.2612381555073273
2.29 0.2655447783137815
2.3 0.26961242874348795
2.31 0.2734374461856184
2.32 0.2770163883826556
2.33 0.2803460345281938
2.34 0.2834233881654461
2.35 0.2862456798838545
2.36 0.28881036981137104
2.37 0.29111514990017245
2.38 0.29315794600374684
2.39 0.2949369197434856
2.4 0.29645047016310005
2.41 0.29769723516937424
2.42 0.2986760927579564
2.43 0.299386162023088
2.44 0.2998268039503584
2.45 0.2999976219917756
2.46 0.29989846242263224
2.47 0.29952941447984743
2.48 0.2988908102816597
2.49 0.2979832245287429
2.5 0.2968074739870145
2.51 0.29536461675260134
2.52 0.2936559512996242
2.53 0.2916830153116596
2.54 0.2894475842979272
2.55 0.2869516699954529
2.56 0.28419751855863895
2.57 0.28118760853787944
2.58 0.2779246486490298
2.59 0.2744115753357473
2.6 0.270651550126888
2.61 0.2666479567913463
2.62 0.2624043982928896
2.63 0.25792469354773445
2.64 0.2532128739877812
2.65 0.24827317993259518
2.66 0.24311005677340644
2.67 0.2377281509725585
2.68 0.23213230588200368
2.69 0.22632755738461602
2.7 0.22031912936223366
2.71 0.21411242899452107
2.72 0.20771304189286813
2.73 0.20112672707372167
2.74 0.19435941177585528
2.75 0.1874171861262577
2.76 0.1803062976594271
2.77 0.17303314569501252
2.78 0.16560427557885987
2.79 0.158026372792639
2.8 0.15030625693736585
2.81 0.14245087559621614
2.82 0.13446729808217595
2.83 0.12636270907613165
2.84 0.11814440216114629
2.85 0.1098197732587233
2.86 0.10139631397298028
2.87 0.09288160484870746
2.88 0.08428330854939053
2.89 0.0756091629613323
2.9 0.06686697423007429
2.91 0.05806460973539405
2.92 0.049209991011196046
2.93 0.04031108661666219
2.94 0.03137590496509057
2.95 0.022412487116859902
2.96 0.013428899543022616
2.97 0.004433226866019071
2.98 -0.004566435415929522
2.99 -0.013561988214229456
3.0 -0.02254533613854279
3.01 -0.03150839478209597
3.02 -0.040443097997098644
3.03 -0.04934140515373062
3.04 -0.058195308376169694
3.05 -0.06699683974913465
3.06 -0.07573807848847743
3.07 -0.084411158069347
3.08 -0.0930082733055369
3.09 -0.10152168737362144
3.1 -0.10994373877557853
3.11 -0.11826684823361683
3.12 -0.12648352551101763
3.13 -0.1345863761528409
3.14 -0.14256810814043394
3.15 -0.1504215384537592
3.16 -0.1581395995356258
3.17 -0.16571534565201265
3.18 -0.17314195914276334
3.19 -0.18041275655701675
3.2 -0.18752119466786502
3.21 -0.1944608763608123
3.22 -0.20122555639075104
3.23 -0.2078091470022553
3.24 -0.21420572340815452
3.25 -0.22040952912143863
3.26 -0.2264149811357103
3.27 -0.23221667494951295
3.28 -0.237809389430016
3.29 -0.2431880915116846
3.3 -0.2483479407256958
3.31 -0.2532842935560376
3.32 -0.2579927076183555
3.33 -0.2624689456578026
3.34 -0.2667089793622798
3.35 -0.27070899298764706
3.36 -0.2744653867916342
3.37 -0.2779747802733666
3.38 -0.281234015215588
3.39 -0.2842401585268417
3.4 -0.2869905048810564
3.41 -0.28948257915215614
3.42 -0.29171413864150675
3.43 -0.2936831750961938
3.44 -0.2953879165163138
3.45 -0.2968268287496554
3.46 -0.29799861687233203
3.47 -0.2989022263541269
3.48 -0.299536844007498
3.49 -0.2999018987193928
3.5 -0.29999706196521103
3.51 -0.2998222481044548
3.52 -0.2993776144577991
3.53 -0.2986635611655141
3.54 -0.2976807308273658
3.55 -0.2964300079243195
3.56 -0.29491251802256646
3.57 -0.29312962676059096
3.58 -0.291082938620187
3.59 -0.28877429548253397
3.6 -0.28620577497062666
3.61 -0.28337968857955625
3.62 -0.2802985795963194
3.63 -0.27696522081103214
3.64 -0.2733826120216067
3.65 -0.2695539773341346
3.66 -0.26548276226140916
3.67 -0.26117263062219753
3.68 -0.25662746124404934
3.69 -0.25185134447261576
3.7 -0.24684857849061234
3.71 -0.24162366544974714
3.72 -0.2361813074190847
3.73 -0.2305264021535054
3.74 -0.2246640386860529
3.75 -0.21859949274815102
3.76 -0.2123382220217989
3.77 -0.20588586122802677
3.78 -0.19924821705602855
3.79 -0.19243126293753068
3.8 -0.1854411336711104
3.81 -0.17828411990128634
3.82 -0.1709666624573686
3.83 -0.16349534655714232
3.84 -0.15587689588061987
3.85 -0.14811816651917922
3.86 -0.1402261408055481
3.87 -0.13220792103017254
3.88 -0.12407072304963626
3.89 -0.1158218697928784
3.9 -0.1074687846710486
3.91 -0.09901898489693972
3.92 -0.09048007472000508
3.93 -0.08185973858304373
3.94 -0.07316573420672473
3.95 -0.06440588560815808
3.96 -0.05558807605981199
3.97 -0.04672024099509359
3.98 -0.037810360867001784
3.99 -0.02886645396625195
4.0 -0.019896569205360204
4.01 -0.010908778875161769
4.02 -0.0019111713802961734
4.03 0.007088156039812024
4.04 0.01608110459792057
4.05 0.02505958124733192
4.06 0.03401550596509273
4.07 0.042940819023462716
4.08 0.05182748824312939
4.09 0.06066751622162776
4.1 0.06945294753046116
4.11 0.0781758758744515
4.12 0.0868284512068666
4.13 0.0954028867939412
4.14 0.10389146622240189
4.15 0.11228655034372752
4.16 0.12058058414885756
4.17 0.1287661035671989
4.18 0.136835742183781
4.19 0.1447822378685337
4.2 0.15259843931171257
4.21 0.16027731245959564
4.22 0.16781194684466003
4.23 0.17519556180453077
4.24 0.18242151258412267
4.25 0.1894832963154716
4.26 0.19637455786987537
4.27 0.20308909557708132
4.28 0.20962086680637093
4.29 0.21596399340451886
4.3 0.2221127669857342
4.31 0.22806165406882517
4.32 0.23380530105695396
4.33 0.23933853905551553
4.34 0.24465638852379387
4.35 0.24975406375621162
4.36 0.2546269771891429
4.37 0.2592707435294085
4.38 0.2636811837007483
4.39 0.26785432860470293
4.4 0.2717864226925388
4.41 0.27547392734498405
4.42 0.2789135240567511
4.43 0.2821021174229652
4.44 0.2850368379248205
4.45 0.28771504451195284
4.46 0.29013432697920694
4.47 0.29229250813565966
4.48 0.2941876457639427
4.49 0.2958180343681084
4.5 0.29718220670846107
4.51 0.29827893512197334
4.52 0.29910723262710004
4.53 0.2996663538119948
4.54 0.29995579550533086
4.55 0.2999752972291209
4.56 0.2997248414331299
4.57 0.2992046535106688
4.58 0.2984152015957565
4.59 0.2973571961418298
4.6 0.2960315892823841
4.61 0.29443957397411685
4.62 0.2925825829233482
4.63 0.2904622872966802
4.64 0.2880805952170617
4.65 0.2854396500466042
4.66 0.2825418284577034
4.67 0.27938973829419206
4.68 0.27598621622445746
4.69 0.2723343251886314
4.7 0.268437351642151
4.71 0.26429880259817085
4.72 0.2599224024714858
4.73 0.25531208972681224
4.74 0.25047201333443386
4.75 0.24540652903640822
4.76 0.2401201954266936
4.77 0.2346177698487219
4.78 0.22890420411411044
4.79 0.22298464004636648
4.8 0.21686440485359318
4.81 0.21054900633435908
4.82 0.20404412792105564
4.83 0.1973556235651891
4.84 0.19048951246921886
4.85 0.18345197366968263
4.86 0.1762493404764796
4.87 0.16888809477332262
4.88 0.16137486118447317
4.89 0.15371640111303495
4.9 0.14591960665613943
4.91 0.13799149440253228
4.92 0.1299391991181093
4.93 0.12176996732511283
4.94 0.11349115078074949
4.95 0.10511019986110633
4.96 0.09663465685631482
4.97 0.08807214918299529
4.98 0.07943038252010277
4.99 0.07071713387433265
5.0 0.061940244581338975
5.01 0.05310761324906317
5.02 0.04422718864951958
5.03 0.035306962565436556
5.04 0.02635496259819312
5.05 0.017379244943518973
5.06 0.008387887141458444
5.07 -0.0006110191928640039
5.08 -0.009609375651154899
5.09 -0.018599084319973154
5.1 -0.02757205506830396
5.11 -0.03652021282813224
5.12 -0.04543550486145403
5.13 -0.05430990800720613
5.14 -0.06313543590155953
5.15 -0.07190414616511714
5.16 -0.08060814755050938
5.17 -0.08923960704399239
5.18 -0.09779075691462959
5.19 -0.10625390170472168
5.2 -0.11462142515520272
5.21 -0.12288579705975722
5.22 -0.13103958004150135
5.23 -0.1390754362461144
5.24 -0.14698613394541538
5.25 -0.1547645540454328
5.26 -0.1624036964931033
5.27 -0.1698966865758498
5.28 -0.17723678110836122
5.29 -0.18441737450099893
5.3 -0.19143200470438426
5.31 -0.1982743590248091
5.32 -0.20493827980522938
5.33 -0.2114177699667438
5.34 -0.2177069984055588
5.35 -0.22380030524059033
5.36 -0.22969220690697417
5.37 -0.2353774010908992
5.38 -0.24085077150134102
5.39 -0.24610739247437036
5.4 -0.25114253340592463
5.41 -0.2559516630090248
5.42 -0.2605304533916359
5.43 -0.264874783951473
5.44 -0.2689807450842654
5.45 -0.2728446417021375
5.46 -0.27646299655893813
5.47 -0.27983255337952856
5.48 -0.2829502797902081
5.49 -0.28581337004764695
5.5 -0.28841924756386705
5.51 -0.2907655672249948
5.52 -0.2928502175017068
5.53 -0.2946713223494642
5.54 -0.29622724289682456
5.55 -0.2975165789203167
5.56 -0.2985381701045473
5.57 -0.2992910970864058
5.58 -0.2997746822824294
5.59 -0.29998849049858295
5.6 -0.29993232932190333
5.61 -0.29960624929365887
5.62 -0.29901054386386533
5.63 -0.2981457491272005
5.64 -0.2970126433405556
5.65 -0.29561224622265586
5.66 -0.29394581803638414
5.67 -0.29201485845462716
5.68 -0.2898211052106724
5.69 -0.2873665325343658
5.7 -0.2846533493754372
5.71 -0.28168399741559574
5.72 -0.27846114887117934
5.73 -0.27498770408834255
5.74 -0.2712667889329398
5.75 -0.267301751977456
5.76 -0.2630961614875194
5.77 -0.2586538022107027
5.78 -0.2539786719705038
5.79 -0.2490749780685774
5.8 -0.24394713349844654
5.81 -0.23859975297410402
5.82 -0.2330376487770849
5.83 -0.22726582642573584
5.84 -0.22128948017058742
5.85 -0.21511398831987727
5.86 -0.20874490839943635
5.87 -0.20218797215129608
5.88 -0.19544908037549757
5.89 -0.18853429761977905
5.9 -0.18144984672188438
5.91 -0.17420210320943894
5.92 -0.16679758956239424
5.93 -0.159242969343242
5.94 -0.15154504120025883
5.95 -0.1437107327491788
5.96 -0.13574709433880894
5.97 -0.12766129270618717
5.98 -0.1194606045270086
5.99 -0.11115240986710558
6.0 -0.10274418554088376
6.01 -0.09424349838269962
6.02 -0.08565799843721736
6.03 -0.07699541207488203
6.04 -0.0682635350387137
6.05 -0.059470225428661955
6.06 -0.050623396629843165
6.07 -0.04173101019103427
6.08 -0.032801068659812124
6.09 -0.02384160838080292
6.1 -0.01486069226351129
6.11 -0.005866402526247002
6.12 0.0031331665773184853
6.13 0.012129916042447852
6.14 0.02111574940188272
6.15 0.030082580012128348
6.16 0.03902233833087417
6.17 0.04792697917905103
6.18 0.05678848898094184
6.19 0.0655988929758578
6.2 0.07435026239488794
6.21 0.0830347215962538
6.22 0.09164445515285963
6.23 0.10017171488564301
6.24 0.10860882683641625
6.25 0.11694819817391357
6.26 0.12518232402682092
6.27 0.13330379423765656
6.28 0.14130530003141542
6.29 0.14917964059296765
6.3 0.15691972954730893
6.31 0.16451860133682253
6.32 0.17196941748980543
6.33 0.17926547277463492
6.34 0.18640020123402282
6.35 0.19336718209393625
6.36 0.20016014554185996
6.37 0.20677297836919895
6.38 0.21319972947276375
6.39 0.2194346152103523
6.4 0.22547202460564517
6.41 0.23130652439769664
6.42 0.23693286393051222
6.43 0.24234597987827955
6.44 0.2475410008020193
6.45 0.2525132515335535
6.46 0.2572582573828401
6.47 0.2617717481648941
6.48 0.26604966204266267
6.49 0.27008814918240576
6.5 0.27388357521828827
6.51 0.27743252452306105
6.52 0.28073180328189634
6.53 0.2837784423666065
6.54 0.28656970000765697
6.55 0.28910306426157467
6.56 0.29137625527152866
6.57 0.29338722731904543
6.58 0.29513417066501885
6.59 0.2966155131783524
6.6 0.297829921750772
6.61 0.2987763034965328
6.62 0.2994538067359419
6.63 0.29986182176181436
6.64 0.29999998138816686
6.65 0.2998681612806613
6.66 0.29946648006849685
6.67 0.2987952992376518
6.68 0.2978552228055704
6.69 0.2966470967775884
6.7 0.2951720083855848
6.71 0.2934312851095473
6.72 0.29142649348292854
6.73 0.2891594376828733
6.74 0.28663215790658025
6.75 0.2838469285352612
6.76 0.2808062560873534
6.77 0.2775128769628209
6.78 0.2739697549805788
6.79 0.27018007871125777
6.8 0.26614725860770533
6.81 0.26187492393580647
6.82 0.25736691950839247
6.83 0.25262730222516677
6.84 0.24766033742177035
6.85 0.24247049503126566
6.86 0.23706244556149897
6.87 0.2314410558919633
6.88 0.22561138489392674
6.89 0.21957867887779803
6.9 0.21334836687179398
6.91 0.20692605573618955
6.92 0.20031752511751233
6.93 0.19352872224725584
6.94 0.18656575658977373
6.95 0.17943489434417156
6.96 0.17214255280515253
6.97 0.1646952945878817
6.98 0.15709982172208065
6.99 0.1493629696206505
7.0 0.14149170092825883
7.01 0.13349309925543504
7.02 0.12537436280379619
7.03 0.11714279788814853
7.04 0.10880581236130321
7.05 0.10037090894750571
7.06 0.09184567849048757
7.07 0.0832377931222253
7.08 0.0745549993585355
7.09 0.06580511112773553
7.1 0.05699600273863236
7.11 0.0481356017941771
7.12 0.039231882057164824
7.13 0.030292856274372643
7.14 0.021326568965641043
7.15 0.012341089184338459
7.16 0.0033445032557706264
7.17 -0.005655092499980201
7.18 -0.014649599054189402
7.19 -0.023630921958068107
7.2 -0.032590978627223925
7.21 -0.04152170561543925
7.22 -0.05041506587123278
7.23 -0.059263055970657064
7.24 -0.06805771331984298
7.25 -0.07679112332079992
7.26 -0.08545542649401343
7.27 -0.09404282555144958
7.28 -0.10254559241359072
7.29 -0.11095607516417948
7.3 -0.11926670493642987
7.31 -0.12747000272449951
7.32 -0.13555858611408417
7.33 -0.1435251759260962
7.34 -0.15136260276743255
7.35 -0.15906381348294746
7.36 -0.1666218775028148
7.37 -0.17402999307956712
7.38 -0.18128149340922084
7.39 -0.18836985263093914
7.4 -0.19528869169987487
7.41 -0.2020317841278703
7.42 -0.208593061586887
7.43 -0.21496661937008557
7.44 -0.22114672170566252
7.45 -0.22712780691866022
7.46 -0.23290449243609754
7.47 -0.23847157963092466
7.48 -0.24382405850043268
7.49 -0.24895711217491984
7.5 -0.2538661212525512
7.51 -0.25854666795650433
7.52 -0.2629945401106726
7.53 -0.26720573493034067
7.54 -0.27117646262441747
7.55 -0.27490314980599395
7.56 -0.27838244270815143
7.57 -0.2816112102021227
7.58 -0.28458654661509847
7.59 -0.28730577434513593
7.6 -0.2897664462708208
7.61 -0.2919663479535109
7.62 -0.29390349963017953
7.63 -0.29557615799507225
7.64 -0.29698281776856145
7.65 -0.29812221305179804
7.66 -0.29899331846593336
7.67 -0.299595350074893
7.68 -0.2999277660908648
7.69 -0.2999902673618716
7.7 -0.2997827976409883
7.71 -0.29930554363695994
7.72 -0.29855893484617635
7.73 -0.2975436431661547
7.74 -0.29626058229087715
7.75 -0.29471090688852697
7.76 -0.29289601156236655
7.77 -0.2908175295956879
7.78 -0.2884773314819672
7.79 -0.28587752324154847
7.8 -0.28302044452636665
7.81 -0.2799086665144176
7.82 -0.27654498959587376
7.83 -0.2729324408529204
7.84 -0.2690742713355869
7.85 -0.26497395313601996
7.86 -0.2606351762638348
7.87 -0.25606184532535986
7.88 -0.2512580760097476
7.89 -0.24622819138513843
7.9 -0.24097671800818576
7.91 -0.2355083818504675
7.92 -0.22982810404542273
7.93 -0.22394099645966803
7.94 -0.21785235709266337
7.95 -0.21156766530886828
7.96 -0.20509257690668495
7.97 -0.19843291902861848
7.98 -0.19159468491724646
7.99 -0.18458402852170297
8.0 -0.1774072589595373
8.01 -0.17007083483893876
8.02 -0.16258135844642302
8.03 -0.15494556980521798
8.04 -0.14717034060969958
8.05 -0.13926266804133144
8.06 -0.13122966847167608
8.07 -0.12307857105813215
8.08 -0.1148167112381902
8.09 -0.10645152412803038
8.1 -0.09799053783141766
8.11 -0.08944136666491856
8.12 -0.08081170430553214
8.13 -0.07210931686689713
8.14 -0.06334203591031479
8.15 -0.054517751396872316
8.16 -0.04564440458701153
8.17 -0.036729980893927316
8.18 -0.027782502697236856
8.19 -0.018810022123381544
8.2 -0.009820613799254661
8.21 -0.0008223675855778623
8.22 0.008176618703416743
8.23 0.017168246587482415
8.24 0.026144424208441236
8.25 0.03509707361230921
8.26 0.04401813801890751
8.27 0.05289958907242292
8.28 0.06173343406638829
8.29 0.07051172313657675
8.3 0.07922655641534186
8.31 0.08787009114096321
8.32 0.09643454871561193
8.33 0.10491222170555337
8.34 0.11329548077732132
8.35 0.12157678156360524
8.36 0.12974867145266947
8.37 0.13780379629519884
8.38 0.14573490702253977
8.39 0.1535348661703715
8.4 0.16119665430194247
8.41 0.1687133763250885
8.42 0.17607826769735327
8.43 0.1832847005136178
8.44 0.1903261894707662
8.45 0.19719639770402247
8.46 0.20388914248970424
8.47 0.21039840080924874
8.48 0.21671831476953013
8.49 0.2228431968745664
8.5 0.2287675351438808
8.51 0.2344859980729111
8.52 0.23999343943100515
8.53 0.2452849028926825
8.54 0.2503556264979913
8.55 0.2552010469379503
8.56 0.25981680366121795
8.57 0.2641987427982991
8.58 0.26834292089974193
8.59 0.2722456084849783
8.6 0.27590329339860553
8.61 0.279312683971088
8.62 0.2824707119810371
8.63 0.2853745354164043
8.64 0.2880215410321
8.65 0.2904093467017375
8.66 0.2925358035613861
8.67 0.2943989979434038
8.68 0.29599725309860886
8.69 0.2973291307052404
8.7 0.29839343216335135
8.71 0.29918919967346785
8.72 0.2997157170985433
8.73 0.29997251060843394
8.74 0.2999593491063141
8.75 0.2996762444366472
8.76 0.299123451374527
8.77 0.29830146739639707
8.78 0.2972110322323554
8.79 0.2958531272004473
8.8 0.2942289743235456
8.81 0.2923400352296131
8.82 0.2901880098363341
8.83 0.28777483482130534
8.84 0.28510268187915644
8.85 0.28217395576716997
8.86 0.27899129214116336
8.87 0.2755575551835769
8.88 0.27187583502590223
8.89 0.26794944496777257
8.9 0.26378191849521676
8.91 0.2593770061007612
8.92 0.2547386719082376
8.93 0.24987109010534064
8.94 0.2447786411871414
8.95 0.239465908013937
8.96 0.23393767168698262
8.97 0.22819890724582972
8.98 0.22225477919112038
8.99 0.21611063683688664
9.0 0.20977200949652933
9.01 0.20324460150681098
9.02 0.19653428709433632
9.03 0.18964710508914323
9.04 0.1825892534901646
9.05 0.17536708388744887
9.06 0.1679870957461592
9.07 0.1604559305574859
9.08 0.15278036586176122
9.09 0.1449673091491272
9.1 0.13702379164325879
9.11 0.12895696197373901
9.12 0.12077407974277662
9.13 0.11248250899205157
9.14 0.10408971157557523
9.15 0.09560324044452563
9.16 0.08703073285010211
9.17 0.07837990347051174
9.18 0.06965853746828164
9.19 0.06087448348414032
9.2 0.05203564657376868
9.21 0.04314998109377932
9.22 0.03422548354334295
9.23 0.025270185367869468
9.24 0.016292145731251245
9.25 0.007299444263160681
9.26 -0.001699826212069022
9.27 -0.010697566958441627
9.28 -0.01968568061661574
9.29 -0.028656078490979543
9.3 -0.037600687828929794
9.31 -0.046511459085802176
9.32 -0.055380373168927695
9.33 -0.06419944865426422
9.34 -0.07296074896914365
9.35 -0.08165638953465366
9.36 -0.09027854486122448
9.37 -0.09881945559103916
9.38 -0.10727143548093503
9.39 -0.11562687831950272
9.4 -0.123878264772163
9.41 -0.1320181691480594
9.42 -0.14003926608268163
9.43 -0.1479343371301973
9.44 -0.15569627725956398
9.45 -0.16331810124857957
9.46 -0.17079294997011432
9.47 -0.17811409656485336
9.48 -0.18527495249502401
9.49 -0.1922690734736333
9.5 -0.19909016526389026
9.51 -0.2057320893435927
9.52 -0.21218886842938456
9.53 -0.21845469185590896
9.54 -0.22452392080501313
9.55 -0.23039109338030342
9.56 -0.23605092952248236
9.57 -0.24149833576105145
9.58 -0.24672840979808425
9.59 -0.2517364449199662
9.6 -0.2565179342331205
9.61 -0.2610685747199067
9.62 -0.26538427111104507
9.63 -0.26946113957108436
9.64 -0.27329551119359097
9.65 -0.2768839353029169
9.66 -0.2802231825595748
9.67 -0.28331024786642645
9.68 -0.28614235307306674
9.69 -0.28871694947597065
9.7 -0.29103172011215533
9.71 -0.29308458184429137
9.72 -0.2948736872353831
9.73 -0.29639742621133947
9.74 -0.2976544275099319
9.75 -0.29864355991483654
9.76 -0.29936393327365335
9.77 -0.29981489929898314
9.78 -0.2999960521518425
9.79 -0.29990722880689125
9.8 -0.29954850919914433
9.81 -0.29892021615203607
9.82 -0.2980229150869002
9.83 -0.2968574135141294
9.84 -0.29542476030647036
9.85 -0.29372624475510856
9.86 -0.2917633954093937
9.87 -0.2895379787012488
9.88 -0.28705199735549997
9.89 -0.2843076885875597
9.9 -0.281307522090084
9.91 -0.27805419781041557
9.92 -0.27455064352081315
9.93 -0.27080001218365407
9.94 -0.2668056791139821
9.95 -0.26257123894195117
9.96 -0.25810050237789833
9.97 -0.2533974927829672
9.98 -0.24846644254834957
9.99 -0.2433117892864202
