0.0 0.2823212366975177
0.01 0.2925486364702311
0.02 0.3025932028680198
0.03 0.3124486583638499
0.04 0.3221088436188455
0.05 0.33156772133167484
0.06 0.34081938001166706
0.07 0.34985803767330176
0.08 0.3586780454497614
0.09 0.36727389112328923
0.1 0.37564020257014635
0.11 0.38377175111801354
0.12 0.39166345481374165
0.13 0.3993103815994071
0.14 0.40670775239468687
0.15 0.4138509440836288
0.16 0.42073549240394825
0.17 0.4273570947370467
0.18 0.43371161279700843
0.19 0.4397950752168945
0.2 0.4456036800307177
0.21 0.4511337970495476
0.22 0.4563819701302605
0.23 0.4613449193355165
0.24 0.46601954298361314
0.25 0.47040291958693603
0.26 0.4744923096777931
0.27 0.47828515752049294
0.28 0.4817790927085965
0.29 0.48497193164634356
0.3 0.48786167891332954
0.31 0.49044652851157783
0.32 0.49272486499423007
0.33 0.49469526447514767
0.34 0.49635649551879424
0.35 0.49770751990984297
0.36 0.4987474933020272
0.37 0.4994757657458294
0.38 0.4998918820946785
0.39 0.49999558228940155
0.4 0.49978680152075255
0.41 0.4992656702699158
0.42 0.49843251422695944
0.43 0.4972878540872899
0.44 0.4958324052262343
0.45 0.4940670772519538
0.46 0.49199297343696846
0.47 0.4896113900286476
0.48 0.48692381543909763
0.49 0.48393192931495255
0.5 0.48063760148764995
0.51 0.4770428908048469
0.52 0.47315004384370724
0.53 0.468961493506864
0.54 0.4644798575019346
0.55 0.45970793670553856
0.56 0.45464871341284085
0.57 0.4493053494737146
0.58 0.44368118431668774
0.59 0.43777973286190897
0.6 0.43160468332443686
0.61 0.425159894909226
0.62 0.4184493953992489
0.63 0.41147737863826306
0.64 0.40424820190979505
0.65 0.39676638321398056
0.66 0.3890365984439606
0.67 0.3810636784636012
0.68 0.37285260608836
0.69 0.36440851297119015
0.7 0.35573667639542217
0.71 0.3468425159766359
0.72 0.33773159027557553
0.73 0.3284095933242307
0.74 0.3188823510672518
0.75 0.3091558177209247
0.76 0.2992360720519782
0.77 0.289129313578554
0.78 0.2788418586957083
0.79 0.26838013672787236
0.8 0.2577506859107321
0.81 0.2469601493050444
0.82 0.23601527064494132
0.83 0.22492289012331368
0.84 0.2136899401169149
0.85 0.20232344085385104
0.86 0.19083049602616586
0.87 0.1792182883502651
0.88 0.16749407507795233
0.89 0.15566518346088357
0.9 0.1437390061712722
0.91 0.13172299668171042
0.92 0.11962466460699099
0.93 0.10745157101084334
0.94 0.09521132368051374
0.95 0.08291157237214578
0.96 0.0705600040299336
0.97 0.05816433798203002
0.98 0.045732321116218375
0.99 0.03327172303836063
1.0 0.020790331216645246
1.01 0.008295946114673953
1.02 -0.004203623683574309
1.03 -0.016700566353854415
1.04 -0.029187071713790043
1.05 -0.04165533610398475
1.06 -0.05409756726505441
1.07 -0.06650598920753502
1.08 -0.07887284707162433
1.09 -0.09119041197371586
1.1 -0.10345098583669989
1.11 -0.11564690620101113
1.12 -0.12777055101341583
1.13 -0.1398143433905479
1.14 -0.15177075635421444
1.15 -0.16363231753551122
1.16 -0.17539161384480992
1.17 -0.1870412961046991
1.18 -0.1985740836429799
1.19 -0.20998276884284925
1.2 -0.22126022164742623
1.21 -0.23239939401580448
1.22 -0.2433933243278497
1.23 -0.2542351417349849
1.24 -0.2649180704542467
1.25 -0.27543543400292997
1.26 -0.28578065937117186
1.27 -0.29594728112986884
1.28 -0.3059289454713596
1.29 -0.3157194141803477
1.3 -0.32531256853258367
1.31 -0.33470241311886817
1.32 -0.34388307959198705
1.33 -0.35284883033423836
1.34 -0.36159406204325606
1.35 -0.3701133092338916
1.36 -0.37840124765396416
1.37 -0.38645269761174544
1.38 -0.3942626272130975
1.39 -0.4018261555062439
1.4 -0.40913855553220513
1.41 -0.41619525727899365
1.42 -0.42299185053772304
1.43 -0.42952408765884564
1.44 -0.4357878862067939
1.45 -0.4417793315113711
1.46 -0.44749467911429175
1.47 -0.45293035710934637
1.48 -0.45808296837472745
1.49 -0.4629492926961186
1.5 -0.46752628877922453
1.51 -0.4718110961504812
1.52 -0.4758010369447579
1.53 -0.47949361757893655
1.54 -0.4828865303103194
1.55 -0.4859776546788933
1.56 -0.4887650588325485
1.57 -0.49124700073442285
1.58 -0.49342192925161826
1.59 -0.49528848512460866
1.6 -0.4968455018167322
1.61 -0.4980920062432396
1.62 -0.4990272193794397
1.63 -0.4996505567475648
1.64 -0.4999616287820504
1.65 -0.49996024107300086
1.66 -0.499646394487689
1.67 -0.49902028517001457
1.68 -0.49808230441792034
1.69 -0.49683303843884385
1.7 -0.49527326798335664
1.71 -0.49340396785722057
1.72 -0.4912263063121663
1.73 -0.4887416443157734
1.74 -0.4859515347009105
1.75 -0.4828577211952647
1.76 -0.4794621373315692
1.77 -0.47576690523920795
1.78 -0.4717743343179533
1.79 -0.4674869197946676
1.8 -0.4629073411638662
1.81 -0.4580384605131218
1.82 -0.45288332073435245
1.83 -0.44744514362211235
1.84 -0.44172732786007657
1.85 -0.43573344689697374
1.86 -0.429467246713296
1.87 -0.42293264348018483
1.88 -0.4161337211119509
1.89 -0.40907472871375883
1.9 -0.4017600779260779
1.91 -0.3941943401675485
1.92 -0.38638224377799385
1.93 -0.3783286710633629
1.94 -0.37003865524444746
1.95 -0.3615173773112822
1.96 -0.35277016278519596
1.97 -0.3438024783905338
1.98 -0.334619928638131
1.99 -0.3252282523226786
2.0 -0.3156333189361608
2.01 -0.3058411249996163
2.02 -0.295857790315505
2.03 -0.28568955414303376
2.04 -0.2753427712988192
2.05 -0.2648239081853369
2.06 -0.2541395387496292
2.07 -0.24329634037480238
2.08 -0.23230108970687868
2.09 -0.2211606584196155
2.1 -0.20988200891992984
2.11 -0.19847218999662394
2.12 -0.186938332415118
2.13 -0.17528764446095926
2.14 -0.16352740743487032
2.15 -0.1516649711021823
2.16 -0.13970774909946293
2.17 -0.12766321430124036
2.18 -0.11553889414969612
2.19 -0.1033423659502621
2.2 -0.09108125213604794
2.21 -0.0787632155040715
2.22 -0.06639595442625837
2.23 -0.053987198038210865
2.24 -0.0415447014087482
2.25 -0.02907624069324392
2.26 -0.016589608273778852
2.27 -0.004092607889157291
2.28 0.008406950242174412
2.29 0.020901254303263245
2.3 0.03338249576077773
2.31 0.04584287424508888
2.32 0.05827460242524638
2.33 0.07066991087580873
2.34 0.08302105293247818
2.35 0.09532030953351718
2.36 0.10755999404390733
2.37 0.11973245705924984
2.38 0.13183009118638875
2.39 0.14384533579779216
2.4 0.15577068175668893
2.41 0.16759867611004273
2.42 0.17932192674639977
2.43 0.19093310701572141
2.44 0.20242496030829876
2.45 0.21379030458990073
2.46 0.2250220368903088
2.47 0.23611313774244394
2.48 0.24705667556930408
2.49 0.25784581101597576
2.5 0.2684738012240055
2.51 0.27893400404546975
2.52 0.2892198821940997
2.53 0.2993250073308716
2.54 0.3092430640815116
2.55 0.31896785398339694
2.56 0.32849329935939453
2.57 0.33781344711621064
2.58 0.34692247246488184
2.59 0.3558146825610761
2.6 0.36448452006293797
2.61 0.3729265666042434
2.62 0.3811355461807056
2.63 0.3891063284473016
2.64 0.39683393192457656
2.65 0.4043135271119003
2.66 0.41154043950575275
2.67 0.41851015252113344
2.68 0.4252183103142822
2.69 0.43166072050493787
2.7 0.4378333567964411
2.71 0.4437323614920376
2.72 0.44935404790581346
2.73 0.45469490266675366
2.74 0.45975158791448534
2.75 0.4645209433853305
2.76 0.4689999883873693
2.77 0.4731859236632748
2.78 0.4770761331397573
2.79 0.4806681855625261
2.8 0.48395983601574316
2.81 0.4869490273250231
2.82 0.4896338913430999
2.83 0.49201275011735857
2.84 0.49408411693850013
2.85 0.4958466972696875
2.86 0.497299389555588
2.87 0.49844128591081027
2.88 0.49927167268730244
2.89 0.4997900309203596
2.9 0.4999960366529594
2.91 0.4998895611382246
2.92 0.499470670919886
2.93 0.49873962779069475
2.94 0.49769688862881
2.95 0.49634310511226526
2.96 0.4946791233116909
2.97 0.4927059831615473
2.98 0.49042491781019976
2.99 0.48783735284924107
3.0 0.48494490542254315
3.01 0.4817493832155941
3.02 0.47825278332575455
3.03 0.47445729101413686
3.04 0.47036527833988656
3.05 0.4659793026777246
3.06 0.4613021051196701
3.07 0.4563366087619476
3.08 0.4510859168781467
3.09 0.44555331097977774
3.1 0.43974224876543244
3.11 0.4336563619598368
3.12 0.4272994540441402
3.13 0.4206754978788642
3.14 0.4137886332209915
3.15 0.4066431641367581
3.16 0.39924355631174513
3.17 0.3915944342599761
3.18 0.38370057843374367
3.19 0.37556692223598365
3.2 0.3671985489370567
3.21 0.3586006884978728
3.22 0.349778714301334
3.23 0.34073813979414624
3.24 0.331484615041091
3.25 0.3220239231939264
3.26 0.3123619768770969
3.27 0.3025048144925391
3.28 0.29245859644588157
3.29 0.28222960129638297
3.3 0.2718242218330442
3.31 0.26124896107932016
3.32 0.2505104282289431
3.33 0.23961533451538863
3.34 0.2285704890175779
3.35 0.21738279440442176
3.36 0.2060592426208783
3.37 0.19460691051821463
3.38 0.18303295543120635
3.39 0.1713446107050326
3.4 0.15954918117467606
3.41 0.14765403859963538
3.42 0.13566661705681637
3.43 0.12359440829447585
3.44 0.11144495705012382
3.45 0.09922585633530456
3.46 0.08694474269021678
3.47 0.07460929141112115
3.48 0.062227211753531735
3.49 0.04980624211417778
3.5 0.03735414519476739
3.51 0.024878703150540193
3.52 0.012387712726678882
3.53 -0.00011101961439737196
3.54 -0.01260968257182936
3.55 -0.025100464888116843
3.56 -0.03757556023090465
3.57 -0.05002717207168455
3.58 -0.06244751855837528
3.59 -0.0748288373787215
3.6 -0.08716339061148982
3.61 -0.0994434695624168
3.62 -0.11166139958189195
3.63 -0.12380954486136299
3.64 -0.13588031320547123
3.65 -0.14786616077692116
3.66 -0.15975959681113683
3.67 -0.17155318829774488
3.68 -0.18323956462596422
3.69 -0.19481142219099679
3.7 -0.20626152895854635
3.71 -0.21758272898459943
3.72 -0.2287679468876607
3.73 -0.2398101922706345
3.74 -0.25070256408959946
3.75 -0.2614382549667276
3.76 -0.27201055544468417
3.77 -0.28241285817981504
3.78 -0.29263866207151745
3.79 -0.3026815763252256
3.8 -0.31253532444644105
3.81 -0.32219374816334145
3.82 -0.33165081127549834
3.83 -0.3409006034263087
3.84 -0.34993734379677116
3.85 -0.358755384718313
3.86 -0.3673492152023977
3.87 -0.3757134643847141
3.88 -0.3838429048817906
3.89 -0.3917324560579426
3.9 -0.3993771872005002
3.91 -0.40677232060134616
3.92 -0.41391323454282686
3.93 -0.4207954661861757
3.94 -0.4274147143606414
3.95 -0.43376684225158174
3.96 -0.4398478799858351
3.97 -0.44565402711276375
3.98 -0.45118165497941143
3.99 -0.4564273089982946
4.0 -0.4613877108064033
4.01 -0.4660597603140764
4.02 -0.47044053764245364
4.03 -0.47452730494830514
4.04 -0.47831750813509394
4.05 -0.4818087784492056
4.06 -0.48499893396033905
4.07 -0.4878859809251445
4.08 -0.4904681150332456
4.09 -0.4927437225348774
4.1 -0.49471138124942554
4.11 -0.49636986145424333
4.12 -0.4977181266531887
4.13 -0.49875533422440016
4.14 -0.4994808359469084
4.15 -0.4998941784057529
4.16 -0.49999510327535174
4.17 -0.49978354748094667
4.18 -0.49925964323802274
4.19 -0.49842371796967794
4.2 -0.4972762941019946
4.21 -0.4958180887375396
4.22 -0.4940500132071992
4.23 -0.49197317250062617
4.24 -0.4895888645756585
4.25 -0.4868985795471367
4.26 -0.48390399875563095
4.27 -0.4806069937166578
4.28 -0.4770096249510445
4.29 -0.47311414069717084
4.3 -0.4689229755058913
4.31 -0.46443874871902263
4.32 -0.45966426283233786
4.33 -0.45460250174410116
4.34 -0.44925662889022433
4.35 -0.4436299852672256
4.36 -0.43772608734421425
4.37 -0.431548624865212
4.38 -0.4251014585431836
4.39 -0.4183886176472151
4.4 -0.41141429748435443
4.41 -0.4041828567776795
4.42 -0.3966988149422385
4.43 -0.388966849260563
4.44 -0.38099179195951605
4.45 -0.37277862719031374
4.46 -0.364332487913585
4.47 -0.35565865269144536
4.48 -0.3467625423885612
4.49 -0.3376497167842928
4.5 -0.32832587109800765
4.51 -0.3187968324297547
4.52 -0.30906855611851736
4.53 -0.299147122020321
4.54 -0.28903873070852254
4.55 -0.27874969959864737
4.56 -0.26828645900021825
4.57 -0.25765554809801366
4.58 -0.2468636108652995
4.59 -0.23591739191155117
4.6 -0.22482373226730074
4.61 -0.21358956510871163
4.62 -0.20222191142457005
4.63 -0.1907278756283963
4.64 -0.17911464111841435
4.65 -0.16738946578816666
4.66 -0.15555967749056365
4.67 -0.14363266945821515
4.68 -0.13161589568290133
4.69 -0.11951686625706634
4.7 -0.10734314268026433
4.71 -0.09510233313345644
4.72 -0.08280208772415558
4.73 -0.07045009370534967
4.74 -0.05805407067122834
4.75 -0.04562176573267996
4.76 -0.03316094867560123
4.77 -0.020679407105034846
4.78 -0.008184941578170683
4.79 0.004314639270746711
4.8 0.016811523610568348
4.81 0.029297901295371208
4.82 0.04176596874555409
4.83 0.0542079338248102
4.84 0.06661602070997111
4.85 0.07898247475063336
4.86 0.091299567315567
4.87 0.10355960062285763
4.88 0.11575491255076861
4.89 0.1278778814263213
4.9 0.13992093078858725
4.91 0.15187653412373325
4.92 0.16373721956884651
4.93 0.175495574581605
4.94 0.1871442505728792
4.95 0.198675967499352
4.96 0.21008351841332046
4.97 0.22135977396679352
4.98 0.23249768686711061
4.99 0.24349029628126137
5.0 0.25433073218618685
5.01 0.2650122196623187
5.02 0.2755280831276825
5.03 0.2858717505099185
5.04 0.2960367573536115
5.05 0.30601675086037167
5.06 0.3158054938591186
5.07 0.3253968687041176
5.08 0.3347848810983005
5.09 0.34396366383951593
5.1 0.3529274804873322
5.11 0.36167072894812935
5.12 0.3701879449762243
5.13 0.37847380558884636
5.14 0.38652313239283015
5.15 0.39433089482093947
5.16 0.40189221327581043
5.17 0.4092023621795403
5.18 0.4162567729270194
5.19 0.4230510367411629
5.2 0.4295809074282479
5.21 0.4358423040316529
5.22 0.4418313133823172
5.23 0.44754419254434835
5.24 0.4529773711542313
5.25 0.4581274536521924
5.26 0.46299122140431326
5.27 0.46756563471407164
5.28 0.4718478347220524
5.29 0.47583514519264136
5.3 0.4795250741865878
5.31 0.48291531561838236
5.32 0.48600375069748797
5.33 0.48878844925251225
5.34 0.4912676709375048
5.35 0.49343986631961434
5.36 0.4953036778474352
5.37 0.496857940699432
5.38 0.4981016835119158
5.39 0.49903412898611443
5.4 0.4996546943739588
5.41 0.49996299184228193
5.42 0.49995882871520153
5.43 0.49964220759453654
5.44 0.4990133263581808
5.45 0.49807257803643634
5.46 0.4968205505663813
5.47 0.4952580264244294
5.48 0.49338598213730667
5.49 0.49120558767175526
5.5 0.4887182057033413
5.51 0.4859253907648271
5.52 0.482828888274639
5.53 0.4794306334460377
5.54 0.47573275007767396
5.55 0.4717375492262809
5.56 0.46744752776234183
5.57 0.46286536680962453
5.58 0.45799393006956995
5.59 0.45283626203156757
5.6 0.4473955860702521
5.61 0.4416753024309977
5.62 0.4356789861048756
5.63 0.4294103845944016
5.64 0.4228734155714671
5.65 0.41607216442892436
5.66 0.40901088172734706
5.67 0.40169398053856914
5.68 0.39412603368765864
5.69 0.38631177089504853
5.7 0.37825607582062104
5.71 0.3699639830115719
5.72 0.3614406747559886
5.73 0.3526914778440835
5.74 0.3437218602391296
5.75 0.3345374276601565
5.76 0.32514392007855913
5.77 0.31554720813080345
5.78 0.3057532894494704
5.79 0.29576828491493196
5.8 0.2855984348299943
5.81 0.275250095019919
5.82 0.26472973286023216
5.83 0.25404392323483393
5.84 0.24319934442689983
5.85 0.23220277394517935
5.86 0.2210610842882697
5.87 0.2097812386495288
5.88 0.19837028656530684
5.89 0.18683535950921235
5.9 0.17518366643517805
5.91 0.1634224892720963
5.92 0.15155917837285113
5.93 0.139601147920588
5.94 0.12755587129508633
5.95 0.1154308764021498
5.96 0.1032337409688983
5.97 0.09097208780794543
5.98 0.07865358005338012
5.99 0.06628591637156689
6.0 0.05387682614972203
6.01 0.041434064665299995
6.02 0.02896540823919829
6.03 0.01647864937581094
6.04 0.003981591892968672
6.05 -0.008517953955201179
6.06 -0.02101217635941951
6.07 -0.033493266837390845
6.08 -0.04595342511383994
6.09 -0.05838486399544232
6.1 -0.07077981423755693
6.11 -0.08313052939975546
6.12 -0.09542929068709469
6.13 -0.10766841177411113
6.14 -0.11984024360852771
6.15 -0.1319371791916573
6.16 -0.14395165833253265
6.17 -0.1558761723727798
6.18 -0.16770326887928066
6.19 -0.17942555630171073
6.2 -0.19103570859200456
6.21 -0.20252646978290914
6.22 -0.2138906585227206
6.23 -0.22512117256339845
6.24 -0.23621099319923464
6.25 -0.2471531896533195
6.26 -0.25794092340905467
6.27 -0.2685674524839987
6.28 -0.2790261356433897
6.29 -0.2893104365506949
6.3 -0.29941392785261856
6.31 -0.309330295195977
6.32 -0.3190533411739751
6.33 -0.3285769891993727
6.34 -0.33789528730216345
6.35 -0.347002411849358
6.36 -0.3558926711845615
6.37 -0.3645605091850825
6.38 -0.3730005087343184
6.39 -0.3812073951072861
6.4 -0.3891760392671492
6.41 -0.39690146107069624
6.42 -0.4043788323807754
6.43 -0.4116034800837147
6.44 -0.4185708890098744
6.45 -0.42527670475547247
6.46 -0.4317167364039528
6.47 -0.4378869591451679
6.48 -0.44378351679075306
6.49 -0.4494027241841203
6.5 -0.4547410695035626
6.51 -0.459795216457026
6.52 -0.4645620063671842
6.53 -0.46903846014550965
6.54 -0.47322178015410504
6.55 -0.4771093519541375
6.56 -0.4806987459397784
6.57 -0.4839877188566271
6.58 -0.48697421520367035
6.59 -0.4896563685179066
6.6 -0.4920325025408217
6.61 -0.4941011322659984
6.62 -0.4958609648671947
6.63 -0.49731090050632026
6.64 -0.49845003302079804
6.65 -0.4992776504898869
6.66 -0.4997932356796086
6.67 -0.4999964663660027
6.68 -0.49988721553650556
6.69 -0.49946555146932936
6.7 -0.49873173769079043
6.71 -0.4976862328106137
6.72 -0.49632969023531637
6.73 -0.4946629577598507
6.74 -0.49268707703775977
6.75 -0.490403282930177
6.76 -0.4878130027340788
6.77 -0.48491785529027054
6.78 -0.481719649971663
6.79 -0.4782203855524746
6.8 -0.474422248959062
6.81 -0.47032761390316086
6.82 -0.4659390393983943
6.83 -0.4612592681609749
6.84 -0.4562912248955915
6.85 -0.45103801446756964
6.86 -0.4455029199624259
6.87 -0.4396894006340525
6.88 -0.43360108974279066
6.89 -0.4272417922847644
6.9 -0.42061548261387993
6.91 -0.4137263019579877
6.92 -0.4065785558307432
6.93 -0.39917671134080884
6.94 -0.39152539440004824
6.95 -0.3836293868324905
6.96 -0.3754936233858381
6.97 -0.36712318864741333
6.98 -0.35852331386645964
6.99 -0.3496993736847783
7.0 -0.34065688277774997
7.01 -0.33140149240784583
7.02 -0.321938986892771
7.03 -0.3122752799904533
7.04 -0.30241641120314067
7.05 -0.2923685420029066
7.06 -0.2821379519809276
7.07 -0.27173103492294587
7.08 -0.2611542948133658
7.09 -0.25041434177046507
7.1 -0.23951788791529804
7.11 -0.22847174317682623
7.12 -0.21728281103594677
7.13 -0.20595808421103065
7.14 -0.19450464028770773
7.15 -0.1829296372956027
7.16 -0.17124030923480626
7.17 -0.15944396155484913
7.18 -0.1475479665890469
7.19 -0.13555975894701844
7.2 -0.12348683086831044
7.21 -0.11133672753997963
7.22 -0.09911704238110153
7.23 -0.08683541229713422
7.24 -0.07449951290709765
7.25 -0.062117053746557974
7.26 -0.04969577344942409
7.27 -0.037243434911551576
7.28 -0.02476782043918371
7.29 -0.01227672688526871
7.3 0.00022203922332309566
7.31 0.012720666564628013
7.32 0.025211343903407384
7.33 0.03768626497291003
7.34 0.05013763335354725
7.35 0.06255766734538715
7.36 0.07493860483147792
7.37 0.08727270812890416
7.38 0.09955226882459911
7.39 0.11176961259284493
7.4 0.12391710399147991
7.41 0.13598715123379435
7.42 0.1479722109331622
7.43 0.15986479281739857
7.44 0.17165746440994936
7.45 0.18334285567493394
7.46 0.1949136636231893
7.47 0.2063626568763954
7.48 0.2176826801864482
7.49 0.22886665890726
7.5 0.2399076034161861
7.51 0.25079861348230675
7.52 0.2615328825788482
7.53 0.27210370213704227
7.54 0.2825044657387585
7.55 0.2927286732453038
7.56 0.3027699348598005
7.57 0.3126219751205981
7.58 0.32227863682322844
7.59 0.3317338848684681
7.6 0.3409818100340678
7.61 0.3500166326678345
7.62 0.35883270629971575
7.63 0.36742452117066854
7.64 0.37578670767607414
7.65 0.38391403972156873
7.66 0.3918014379891777
7.67 0.39944397311173185
7.68 0.4068368687535527
7.69 0.41397550459551535
7.7 0.4208554192225892
7.71 0.4274723129120842
7.72 0.43382205032083454
7.73 0.43990066306965164
7.74 0.44570435222343413
7.75 0.4512294906653799
7.76 0.45647262536381383
7.77 0.46143047953022076
7.78 0.4660999546671325
7.79 0.47047813250458576
7.8 0.4745622768239473
7.81 0.47834983516796287
7.82 0.48183844043595825
7.83 0.48502591236319903
7.84 0.48791025888348816
7.85 0.4904896773741393
7.86 0.4927625557825601
7.87 0.49472747363373015
7.88 0.49638320291795357
7.89 0.4977287088583241
7.9 0.49876315055742715
7.91 0.4994858815228731
7.92 0.49989645007133465
7.93 0.4999945996108334
7.94 0.4997802688011022
7.95 0.4992535915919204
7.96 0.4984148971393996
7.97 0.4972647096002718
7.98 0.49580374780430886
7.99 0.49403292480507704
8.0 0.49195334730930806
8.01 0.4895663149852435
8.02 0.48687331965038466
8.03 0.48387604433915465
8.04 0.48057636225105826
8.05 0.4769763355799903
8.06 0.47307821422543483
8.07 0.46888443438634964
8.08 0.4643976170386202
8.09 0.45962056629703596
8.1 0.454556267662812
8.11 0.4492078861577441
8.12 0.44357876434617555
8.13 0.437672420246001
8.14 0.4314925451300267
8.15 0.4250430012190348
8.16 0.418327819268028
8.17 0.41135119604713605
8.18 0.4041174917187751
8.19 0.3966312271126821
8.2 0.3888970809005464
8.21 0.3809198866719943
8.22 0.37270462991375086
8.23 0.3642564448938696
8.24 0.35558061145298997
8.25 0.3466825517046008
8.26 0.3375678266464005
8.27 0.32824213268485336
8.28 0.31871129807511944
8.29 0.30898127927859054
8.3 0.29905815724028595
8.31 0.2889481335884694
8.32 0.2786575267588292
8.33 0.2681927680456589
8.34 0.25756039758251
8.35 0.24676706025482636
8.36 0.23581950154709808
8.37 0.224724563327159
8.38 0.21348917957023758
8.39 0.2021203720254607
8.4 0.19062524582747006
8.41 0.1790109850559569
8.42 0.1672848482458412
8.43 0.1554541638509304
8.44 0.14352632566386422
8.45 0.13150878819524003
8.46 0.11940906201478964
8.47 0.10723470905751449
8.48 0.09499333789771712
8.49 0.08269259899390205
8.5 0.0703401799074761
8.51 0.057943800498279664
8.52 0.045511208099923935
8.53 0.03305017267795777
8.54 0.020568481973899204
8.55 0.008073936638138173
8.56 -0.0044256546452037145
8.57 -0.01692248003845185
8.58 -0.02940872943252646
8.59 -0.04187659932800298
8.6 -0.05431829771203988
8.61 -0.06672604892814367
8.62 -0.07909209853569404
8.63 -0.09140871815622204
8.64 -0.10366821030338112
8.65 -0.11586291319364651
8.66 -0.12798520553466652
8.67 -0.14002751128832736
8.68 -0.15198230440552352
8.69 -0.16384211352970382
8.7 -0.17559952666622075
8.71 -0.18724719581458263
8.72 -0.19877784156071807
8.73 -0.21018425762637777
8.74 -0.22145931537281227
8.75 -0.2325959682559507
8.76 -0.24358725623025476
8.77 -0.2544263100985224
8.78 -0.26510635580491393
8.79 -0.27562071866851023
8.8 -0.2859628275547819
8.81 -0.2961262189823237
8.82 -0.3061045411623246
8.83 -0.31589155796823204
8.84 -0.3254811528331248
8.85 -0.3348673325723644
8.86 -0.3440442311291485
8.87 -0.35300611324060005
8.88 -0.3617473780221237
8.89 -0.37026256246776656
8.9 -0.3785463448644337
8.91 -0.3865935481177762
8.92 -0.3943991429877093
8.93 -0.40195825123152035
8.94 -0.40926614865261757
8.95 -0.4163182680529962
8.96 -0.42311020208758626
8.97 -0.42963770601870227
8.98 -0.4358967003688685
8.99 -0.44188327347035344
9.0 -0.4475936839098409
9.01 -0.4530243628666881
9.02 -0.45817191634332327
9.03 -0.46303312728638424
9.04 -0.46760495759726944
9.05 -0.47188455003085544
9.06 -0.4758692299811773
9.07 -0.47955650715297243
9.08 -0.4829440771180352
9.09 -0.48602982275540796
9.1 -0.48881181557451187
9.11 -0.4912883169203932
9.12 -0.49345777906032434
9.13 -0.49531884615108746
9.14 -0.49687035508633004
9.15 -0.4981113362234719
9.16 -0.49904101398969813
9.17 -0.4996588073666671
9.18 -0.49996433025362813
9.19 -0.49995739170872217
9.2 -0.4996379960683138
9.21 -0.4990063429442816
9.22 -0.49806282709926697
9.23 -0.49680803819996
9.24 -0.49524276044857796
9.25 -0.4933679720927634
9.26 -0.49118484481421165
9.27 -0.4886947429964079
9.28 -0.48589922287193166
9.29 -0.4828000315498633
9.3 -0.4793991059238953
9.31 -0.4756985714618393
9.32 -0.47170074087727715
9.33 -0.4674081126841887
9.34 -0.4628233696354628
9.35 -0.4579493770462664
9.36 -0.45278918100331195
9.37 -0.44734600646115447
9.38 -0.44162325522669826
9.39 -0.43562450383318446
9.4 -0.42935350130496475
9.41 -0.4228141668144892
9.42 -0.4160105872329489
9.43 -0.4089470145761182
9.44 -0.4016278633469774
9.45 -0.39405770777679494
9.46 -0.3862412789663841
9.47 -0.3781834619293168
9.48 -0.36988929253894554
9.49 -0.3613639543811548
9.5 -0.3526127755147805
9.51 -0.3436412251417507
9.52 -0.33445491018901213
9.53 -0.3250595718043814
9.54 -0.31546108176852006
9.55 -0.30566543882525354
9.56 -0.29567876493256073
9.57 -0.2855073014365458
9.58 -0.2751574051707969
9.59 -0.2646355444835749
9.6 -0.25394829519531104
9.61 -0.243102336488924
9.62 -0.232104446735554
9.63 -0.220961499258297
9.64 -0.20968045803661406
9.65 -0.19826837335405176
9.66 -0.18673237739205736
9.67 -0.17507967977259253
9.68 -0.16331756305236111
9.69 -0.15145337817143814
9.7 -0.1394945398591766
9.71 -0.12744852200024634
9.72 -0.11532285296369611
9.73 -0.10312511089796277
9.74 -0.0908629189947872
9.75 -0.07854394072495559
9.76 -0.06617587504888651
9.77 -0.053766451605029617
9.78 -0.041323425879091366
9.79 -0.02885457435711603
9.8 -0.01636768966542266
9.81 -0.0038705757004796988
9.82 0.008628957248281608
9.83 0.021123097379647425
9.84 0.03360403626273924
9.85 0.046063973717023664
9.86 0.05849512268718202
9.87 0.07088971410975933
9.88 0.08324000176858137
9.89 0.09553826713587356
9.9 0.10777682419611066
9.91 0.11994802424951229
9.92 0.13204426069223643
9.93 0.14405797377025242
9.94 0.1559816553039515
9.95 0.16780785338050935
9.96 0.1795291770110858
9.97 0.19113830074995564
9.98 0.20262796927267865
9.99 0.21399100191042975
