0.0 1.0760341363492842
0.01 1.0915883978993257
0.02 1.106897056664944
0.03 1.1219566682625
0.04 1.1367638443429156
0.05 1.1513152533540407
0.06 1.1656076212902358
0.07 1.1796377324290108
0.08 1.1934024300545492
0.09 1.2068986171679537
0.1 1.2201232571840606
0.11 1.2330733746146578
0.12 1.2457460557379556
0.13 1.2581384492541645
0.14 1.2702477669270227
0.15 1.2820712842111401
0.16 1.2936063408650076
0.17 1.3048503415495414
0.18 1.3158007564120224
0.19 1.3264551216553038
0.2 1.3368110400921531
0.21 1.346866181684611
0.22 1.3566182840682388
0.23 1.3660651530611418
0.24 1.3752046631576504
0.25 1.3840347580065495
0.26 1.39255345087375
0.27 1.4007588250892948
0.28 1.4086490344786013
0.29 1.4162223037778439
0.3 1.4234769290333793
0.31 1.4304112779851306
0.32 1.4370237904338374
0.33 1.4433129785920953
0.34 1.449277427419101
0.35 1.4549157949390308
0.36 1.4602268125429791
0.37 1.465209285274391
0.38 1.4698620920979213
0.39 1.4741841861516638
0.4 1.4781745949826903
0.41 1.4818324207658478
0.42 1.4851568405057667
0.43 1.4881471062220302
0.44 1.4908025451174673
0.45 1.493122559729529
0.46 1.4951066280647152
0.47 1.4967543037160205
0.48 1.4980652159633745
0.49 1.499039069857052
0.5 1.4996756462840355
0.51 1.499974802017314
0.52 1.4999364697481101
0.53 1.4995606581010223
0.54 1.4988474516320858
0.55 1.4977970108097474
0.56 1.4964095719787605
0.57 1.4946854473070088
0.58 1.4926250247152704
0.59 1.4902287677899353
0.6 1.4874972156787027
0.61 1.4844309829692748
0.62 1.4810307595510745
0.63 1.4772973104600273
0.64 1.4732314757064278
0.65 1.4688341700859429
0.66 1.4641063829737864
0.67 1.459049178102113
0.68 1.4536636933206846
0.69 1.4479511403408565
0.7 1.44191280446295
0.71 1.435550044287063
0.72 1.428864291407393
0.73 1.4218570500901322
0.74 1.414529896935016
0.75 1.4068844805205922
0.76 1.3989225210333005
0.77 1.3906458098804368
0.78 1.3820562092870932
0.79 1.3731556518771655
0.8 1.3639461402385225
0.81 1.3544297464724304
0.82 1.3446086117273397
0.83 1.3344849457171355
0.84 1.3240610262239612
0.85 1.3133391985857266
0.86 1.302321875168419
0.87 1.291011534823327
0.88 1.2794107223293143
0.89 1.2675220478202511
0.9 1.2553481861977462
0.91 1.242891876529308
0.92 1.2301559214320612
0.93 1.2171431864421733
0.94 1.203856599370121
0.95 1.190299149641942
0.96 1.1764738876266299
0.97 1.1623839239498146
0.98 1.1480324287938803
0.99 1.1334226311846929
1.0 1.1185578182650806
1.01 1.1034413345552379
1.02 1.0880765812002293
1.03 1.0724670152047395
1.04 1.0566161486552639
1.05 1.0405275479299076
1.06 1.0242048328959594
1.07 1.0076516760954415
1.08 0.9908718019188011
1.09 0.9738689857669371
1.1 0.9566470532017555
1.11 0.9392098790854279
1.12 0.9215613867085671
1.13 0.9037055469075057
1.14 0.8856463771708696
1.15 0.8673879407356619
1.16 0.8489343456730543
1.17 0.8302897439640855
1.18 0.8114583305654823
1.19 0.7924443424658172
1.2 0.7732520577321967
1.21 0.7538857945477181
1.22 0.7343499102398993
1.23 0.7146488003002913
1.24 0.6947868973955178
1.25 0.674768670369941
1.26 0.6545986232401888
1.27 0.6342812941817761
1.28 0.6138212545080266
1.29 0.5932231076415505
1.3 0.5724914880784976
1.31 0.5516310603458067
1.32 0.530646517951714
1.33 0.5095425823297312
1.34 0.4883240017763394
1.35 0.4669955503826507
1.36 0.4455620269602486
1.37 0.42402825396147986
1.38 0.40239907639442685
1.39 0.3806793607327935
1.4 0.3588739938209743
1.41 0.3369878817745323
1.42 0.3150259488763494
1.43 0.2929931364686737
1.44 0.2708944018413494
1.45 0.248734717116438
1.46 0.22651906812951578
1.47 0.20425245330788588
1.48 0.1819398825459453
1.49 0.15958637607798365
1.5 0.13719696334865578
1.51 0.1147766818813685
1.52 0.09233057614486972
1.53 0.06986369641825504
1.54 0.04738109765468018
1.55 0.02488783834402186
1.56 0.0023889793747309085
1.57 -0.020110417104842255
1.58 -0.042605288825405686
1.59 -0.06509057453572445
1.6 -0.08756121514137014
1.61 -0.11001215484300511
1.62 -0.13243834227391205
1.63 -0.1548347316365261
1.64 -0.17719628383772607
1.65 -0.1995179676226037
1.66 -0.22179476070647777
1.67 -0.24402165090488115
1.68 -0.26619363726129086
1.69 -0.28830573117231145
1.7 -0.310352957510099
1.71 -0.33233035574173975
1.72 -0.3542329810453455
1.73 -0.37605590542262524
1.74 -0.3977942188076601
1.75 -0.41944303017164375
1.76 -0.440997468623352
1.77 -0.46245268450506294
1.78 -0.48380385048371777
1.79 -0.5050461626370474
1.8 -0.5261748415344297
1.81 -0.5471851333122504
1.82 -0.5680723107434971
1.83 -0.5888316743013622
1.84 -0.6094585532166258
1.85 -0.6299483065285484
1.86 -0.6502963241290766
1.87 -0.6704980278000939
1.88 -0.6905488722434975
1.89 -0.7104443461038773
1.9 -0.7301799729835485
1.91 -0.7497513124497232
1.92 -0.7691539610335851
1.93 -0.7883835532210597
1.94 -0.8074357624350266
1.95 -0.8263063020087894
1.96 -0.844990926150555
1.97 -0.8634854308987145
1.98 -0.8817856550677237
1.99 -0.8998874811843489
2.0 -0.9177868364140784
2.01 -0.935479693477499
2.02 -0.9529620715564134
2.03 -0.9702300371895054
2.04 -0.9872797051573579
2.05 -1.004107239356604
2.06 -1.0207088536630406
2.07 -1.037080812783486
2.08 -1.0532194330962081
2.09 -1.069121083479719
2.1 -1.0847821861297682
2.11 -1.100199217364328
2.12 -1.1153687084164123
2.13 -1.1302872462145286
2.14 -1.1449514741506102
2.15 -1.1593580928352356
2.16 -1.1735038608399793
2.17 -1.1873855954267154
2.18 -1.2010001732637265
2.19 -1.2143445311284342
2.2 -1.2274156665966163
2.21 -1.2402106387179344
2.22 -1.25272656867764
2.23 -1.2649606404442943
2.24 -1.2769101014033617
2.25 -1.2885722629765368
2.26 -1.2999445012266657
2.27 -1.311024257448119
2.28 -1.321809038742488
2.29 -1.3322964185794803
2.3 -1.3424840373428752
2.31 -1.35236960286143
2.32 -1.3619508909246074
2.33 -1.3712257457830148
2.34 -1.3801920806334356
2.35 -1.388847878088356
2.36 -1.3971911906298637
2.37 -1.4052201410478369
2.38 -1.4129329228623015
2.39 -1.420327800729888
2.4 -1.4274031108342737
2.41 -1.4341572612605336
2.42 -1.440588732353315
2.43 -1.4466960770587556
2.44 -1.4524779212500607
2.45 -1.4579329640366803
2.46 -1.4630599780569997
2.47 -1.4678578097544945
2.48 -1.472325379637273
2.49 -1.4764616825209598
2.5 -1.4802657877548548
2.51 -1.4837368394313297
2.52 -1.4868740565784004
2.53 -1.4896767333354437
2.54 -1.4921442391120134
2.55 -1.4942760187297188
2.56 -1.49607159254714
2.57 -1.4975305565677426
2.58 -1.4986525825307773
2.59 -1.4994374179851353
2.6 -1.4998848863461514
2.61 -1.4999948869353312
2.62 -1.4997673950030066
2.63 -1.4992024617339026
2.64 -1.4983002142356212
2.65 -1.4970608555100438
2.66 -1.4954846644076543
2.67 -1.493571995564802
2.68 -1.491323279323907
2.69 -1.4887390216366372
2.7 -1.4858198039500699
2.71 -1.482566283075869
2.72 -1.4789791910425056
2.73 -1.4750593349305543
2.74 -1.4708075966911034
2.75 -1.4662249329473203
2.76 -1.4613123747792138
2.77 -1.4560710274916473
2.78 -1.450502070365649
2.79 -1.444606756393078
2.8 -1.438386411994708
2.81 -1.431842436721786
2.82 -1.4249763029411415
2.83 -1.4177895555039088
2.84 -1.410283811397943
2.85 -1.4024607593840024
2.86 -1.3943221596157875
2.87 -1.385869843243912
2.88 -1.3771057120039005
2.89 -1.3680317377883098
2.9 -1.3586499622030574
2.91 -1.3489624961080702
2.92 -1.338971519142352
2.93 -1.32867927923357
2.94 -1.3180880920922848
2.95 -1.3072003406909205
2.96 -1.2960184747276122
2.97 -1.2845450100750258
2.98 -1.2727825282143068
2.99 -1.26073367565425
3.0 -1.2484011633358518
3.01 -1.2357877660223562
3.02 -1.222896321674945
3.03 -1.2097297308142134
3.04 -1.1962909558675565
3.05 -1.1825830205026455
3.06 -1.1686090089471046
3.07 -1.154372065294584
3.08 -1.1398753927973415
3.09 -1.125122253145534
3.1 -1.1101159657333415
3.11 -1.0948599069121268
3.12 -1.0793575092307623
3.13 -1.0636122606633251
3.14 -1.0476277038243205
3.15 -1.0314074351716014
3.16 -1.0149551041971854
3.17 -0.9982744126061356
3.18 -0.981369113483687
3.19 -0.9642430104508256
3.2 -0.9468999568084815
3.21 -0.9293438546705616
3.22 -0.9115786540859787
3.23 -0.8936083521499212
3.24 -0.8754369921045109
3.25 -0.8570686624291003
3.26 -0.8385074959203743
3.27 -0.8197576687624921
3.28 -0.8008233995874664
3.29 -0.7817089485259805
3.3 -0.7624186162488886
3.31 -0.7429567429995678
3.32 -0.7233277076173985
3.33 -0.7035359265525299
3.34 -0.6835858528722083
3.35 -0.6634819752588453
3.36 -0.6432288170000938
3.37 -0.6228309349711185
3.38 -0.602292918609322
3.39 -0.5816193888817436
3.4 -0.5608149972453553
3.41 -0.539884424600506
3.42 -0.5188323802377433
3.43 -0.49766360077823335
3.44 -0.4763828491080523
3.45 -0.4549949133065456
3.46 -0.433504605569043
3.47 -0.41191676112411857
3.48 -0.3902362371457033
3.49 -0.36846791166022586
3.5 -0.3466166824490884
3.51 -0.324687465946678
3.52 -0.3026851961341933
3.53 -0.2806148234295234
3.54 -0.25848131357341536
3.55 -0.23628964651221585
3.56 -0.2140448152773879
3.57 -0.19175182486211867
3.58 -0.16941569109520105
3.59 -0.14704143951250545
3.6 -0.1246341042262446
3.61 -0.10219872679233039
3.62 -0.07974035507603552
3.63 -0.057264042116249324
3.64 -0.03477484498856917
3.65 -0.012277823667471873
3.66 0.010221960112155263
3.67 0.0327194439938794
3.68 0.055209566138740375
3.69 0.0776872663641324
3.7 0.10014748728233452
3.71 0.12258517543838951
3.72 0.14499528244712587
3.73 0.1673727661290045
3.74 0.18971259164460402
3.75 0.2120097326274262
3.76 0.23425917231481658
3.77 0.25645590467671087
3.78 0.2785949355419668
3.79 0.3006712837220407
3.8 0.322679982131722
3.81 0.3446160789067222
3.82 0.3664746385178053
3.83 0.3882507428812765
3.84 0.40993949246551853
3.85 0.4315360073933765
3.86 0.45303542854009854
3.87 0.47443291862662784
3.88 0.49572366330796636
3.89 0.5169028722563779
3.9 0.5379657802391993
3.91 0.5589076481909943
3.92 0.579723764279819
3.93 0.6004094449673733
3.94 0.620960036062767
3.95 0.6413709137697033
3.96 0.6616374857268024
3.97 0.6817551920408774
3.98 0.7017195063128753
3.99 0.7215259366563108
4.0 0.7411700267079122
4.01 0.760647356630292
4.02 0.779953544106387
4.03 0.7990842453254634
4.04 0.818035155960453
4.05 0.8368020121364093
4.06 0.855380591389869
4.07 0.8737667136188758
4.08 0.891956242023493
4.09 0.909945084036567
4.1 0.9277291922445348
4.11 0.9453045652980778
4.12 0.9626672488123996
4.13 0.9798133362569624
4.14 0.996738969834422
4.15 1.013440341348633
4.16 1.0299136930614576
4.17 1.0461553185382595
4.18 1.0621615634818249
4.19 1.0779288265545681
4.2 1.0934535601888147
4.21 1.1087322713849899
4.22 1.1237615224975341
4.23 1.13853793200835
4.24 1.1530581752876339
4.25 1.1673189853419057
4.26 1.1813171535490656
4.27 1.1950495303803215
4.28 1.20851302610882
4.29 1.2217046115048198
4.3 1.2346213185172574
4.31 1.2472602409415499
4.32 1.2596185350734699
4.33 1.2716934203489736
4.34 1.2834821799698153
4.35 1.2949821615148136
4.36 1.3061907775366373
4.37 1.3171055061439643
4.38 1.3277238915689074
4.39 1.3380435447195396
4.4 1.3480621437174403
4.41 1.3577774344200981
4.42 1.367187230928092
4.43 1.3762894160769048
4.44 1.3850819419132785
4.45 1.3935628301559921
4.46 1.4017301726409686
4.47 1.4095821317506068
4.48 1.4171169408272313
4.49 1.4243329045705861
4.5 1.4312283994192723
4.51 1.4378018739160383
4.52 1.4440518490568548
4.53 1.4499769186236815
4.54 1.4555757495008623
4.55 1.460847081975069
4.56 1.4657897300187344
4.57 1.4704025815568993
4.58 1.4746845987174282
4.59 1.4786348180645246
4.6 1.4822523508155003
4.61 1.4855363830407482
4.62 1.488486175846871
4.63 1.4911010655429324
4.64 1.493380463789782
4.65 1.4953238577324308
4.66 1.4969308101154397
4.67 1.4982009593813022
4.68 1.499134019751792
4.69 1.4997297812922616
4.7 1.499988109958878
4.71 1.4999089476287812
4.72 1.4994923121131611
4.73 1.4987382971532515
4.74 1.497647072399237
4.75 1.4962188833720842
4.76 1.4944540514082987
4.77 1.4923529735876269
4.78 1.4899161226437148
4.79 1.4871440468577442
4.8 1.4840373699350728
4.81 1.4805967908649014
4.82 1.476823083763006
4.83 1.4727170976975654
4.84 1.468279756498121
4.85 1.463512058547724
4.86 1.4584150765582975
4.87 1.452989957329289
4.88 1.4472379214896363
4.89 1.4411602632231384
4.9 1.4347583499772636
4.91 1.4280336221554855
4.92 1.420987592793195
4.93 1.4136218472172712
4.94 1.4059380426893964
4.95 1.3979379080331729
4.96 1.3896232432451492
4.97 1.3809959190898236
4.98 1.3720578766787352
4.99 1.3628111270337213
5.0 1.35325775063444
5.01 1.3433998969502803
5.02 1.3332397839567316
5.03 1.3227796976363555
5.04 1.3120219914644466
5.05 1.3009690858795104
5.06 1.2896234677386724
5.07 1.2779876897581512
5.08 1.266064369938906
5.09 1.2538561909775923
5.1 1.241365899662976
5.11 1.2285963062579057
5.12 1.2155502838670322
5.13 1.2022307677903514
5.14 1.1886407548627926
5.15 1.1747833027799284
5.16 1.1606615294100184
5.17 1.1462786120924973
5.18 1.13163778692308
5.19 1.1167423480256664
5.2 1.1015956468111683
5.21 1.0862010912234612
5.22 1.0705621449726035
5.23 1.0546823267555274
5.24 1.0385652094643407
5.25 1.0222144193824367
5.26 1.0056336353686084
5.27 0.9888265880293052
5.28 0.9717970588792764
5.29 0.9545488794907377
5.3 0.9370859306312886
5.31 0.9194121413907471
5.32 0.9015314882971334
5.33 0.8834479944219624
5.34 0.8651657284750627
5.35 0.8466888038891489
5.36 0.8280213778942971
5.37 0.8091676505826124
5.38 0.7901318639631951
5.39 0.770918301007732
5.4 0.7515312846868247
5.41 0.7319751769973664
5.42 0.7122543779810807
5.43 0.6923733247345476
5.44 0.6723364904108773
5.45 0.6521483832132628
5.46 0.6318135453806583
5.47 0.6113365521657839
5.48 0.590722010805729
5.49 0.569974559485335
5.5 0.5490988662936165
5.51 0.5280996281734754
5.52 0.5069815698649014
5.53 0.4857494428419178
5.54 0.4644080242435348
5.55 0.44296211579890615
5.56 0.42141654274695267
5.57 0.39977615275071876
5.58 0.37804581480665894
5.59 0.3562304181491391
5.6 0.33433487115037147
5.61 0.3123641002160545
5.62 0.29032304867697023
5.63 0.26821667567672225
5.64 0.24604995505598026
5.65 0.2238278742333608
5.66 0.20155543308331095
5.67 0.17923764281112292
5.68 0.1568795248254529
5.69 0.13448610960852767
5.7 0.11206243558429951
5.71 0.08961354798482743
5.72 0.06714449771511041
5.73 0.04466034021667123
5.74 0.022166134330095354
5.75 -0.0003330588431947804
5.76 -0.022832177079650278
5.77 -0.04532615817258272
5.78 -0.06780994107114728
5.79 -0.09027846701904188
5.8 -0.11272668069271395
5.81 -0.13514953133879498
5.82 -0.15754197391048252
5.83 -0.1798989702026655
5.84 -0.20221548998549324
5.85 -0.2244865121361645
5.86 -0.24670702576865575
5.87 -0.26887203136113125
5.88 -0.2909765418808485
5.89 -0.313015583906188
5.9 -0.3349841987456784
5.91 -0.3568774435536498
5.92 -0.3786903924423871
5.93 -0.4004181375904156
5.94 -0.42205579034673757
5.95 -0.443598482330766
5.96 -0.4650413665276845
5.97 -0.48637961837901544
5.98 -0.5076084368681097
5.99 -0.5287230456003631
6.0 -0.5497186938778926
6.01 -0.5705906577684079
6.02 -0.5913342411680842
6.03 -0.6119447768581726
6.04 -0.6324176275550907
6.05 -0.6527481869537983
6.06 -0.6729318807642044
6.07 -0.6929641677403486
6.08 -0.7128405407021721
6.09 -0.7325565275496085
6.1 -0.752107692268796
6.11 -0.7714896359301583
6.12 -0.790697997678129
6.13 -0.8097284557123567
6.14 -0.8285767282600632
6.15 -0.8472385745394473
6.16 -0.8657097957138167
6.17 -0.8839862358363364
6.18 -0.9020637827850838
6.19 -0.9199383691882577
6.2 -0.9376059733393252
6.21 -0.9550626201018848
6.22 -0.9723043818040635
6.23 -0.989327379122215
6.24 -1.0061277819537553
6.25 -1.0227018102789278
6.26 -1.0390457350112787
6.27 -1.055155878836691
6.28 -1.0710286170407728
6.29 -1.0866603783243882
6.3 -1.1020476456071933
6.31 -1.1171869568189667
6.32 -1.1320749056785533
6.33 -1.1467081424602674
6.34 -1.1610833747475648
6.35 -1.1751973681738277
6.36 -1.1890469471500817
6.37 -1.2026289955794778
6.38 -1.215940457558423
6.39 -1.2289783380641266
6.4 -1.241739703628482
6.41 -1.2542216829980681
6.42 -1.266421467780188
6.43 -1.278336313074734
6.44 -1.289963538091779
6.45 -1.3013005267547466
6.46 -1.312344728289013
6.47 -1.3230936577958288
6.48 -1.3335448968114
6.49 -1.3436960938510376
6.5 -1.3535449649382354
6.51 -1.363089294118547
6.52 -1.372326933958171
6.53 -1.3812558060271158
6.54 -1.389873901366834
6.55 -1.3981792809422302
6.56 -1.4061700760779399
6.57 -1.4138444888787676
6.58 -1.4212007926342092
6.59 -1.4282373322069533
6.6 -1.4349525244052819
6.61 -1.4413448583392814
6.62 -1.4474128957607808
6.63 -1.4531552713869624
6.64 -1.458570693207534
6.65 -1.4636579427754342
6.66 -1.468415875480969
6.67 -1.4728434208093542
6.68 -1.476939582581569
6.69 -1.480703439178495
6.7 -1.484134143748277
6.71 -1.4872309243968589
6.72 -1.4899930843616604
6.73 -1.4924200021683416
6.74 -1.4945111317706345
6.75 -1.4962660026732006
6.76 -1.4976842200374902
6.77 -1.498765464770579
6.78 -1.4995094935969642
6.79 -1.499916139113298
6.8 -1.4999853098260552
6.81 -1.499716990172117
6.82 -1.4991112405222737
6.83 -1.498168197167641
6.84 -1.4968880722889955
6.85 -1.495271153909034
6.86 -1.4933178058275707
6.87 -1.4910284675396834
6.88 -1.488403654136829
6.89 -1.4854439561909498
6.9 -1.4821500396215967
6.91 -1.4785226455461031
6.92 -1.4745625901128323
6.93 -1.4702707643175499
6.94 -1.4656481338029543
6.95 -1.4606957386414094
6.96 -1.455414693100935
6.97 -1.4498061853944972
6.98 -1.443871477412669
6.99 -1.437611904439711
7.0 -1.4310288748531335
7.01 -1.4241238698068215
7.02 -1.4168984428977813
7.03 -1.4093542198165836
7.04 -1.401492897981596
7.05 -1.3933162461570672
7.06 -1.3848261040551606
7.07 -1.3760243819220332
7.08 -1.3669130601080324
7.09 -1.35749418862213
7.1 -1.3477698866706729
7.11 -1.3377423421805743
7.12 -1.3274138113070457
7.13 -1.3167866179259566
7.14 -1.3058631531109877
7.15 -1.2946458745956346
7.16 -1.2831373062202467
7.17 -1.2713400373641544
7.18 -1.2592567223630788
7.19 -1.2468900799119214
7.2 -1.2342428924530617
7.21 -1.2213180055503248
7.22 -1.2081183272487341
7.23 -1.1946468274202235
7.24 -1.1809065370954235
7.25 -1.1669005477816874
7.26 -1.1526320107675252
7.27 -1.1381041364135718
7.28 -1.1233201934302643
7.29 -1.108283508142407
7.3 -1.0929974637407551
7.31 -1.077465499520808
7.32 -1.0616911101089925
7.33 -1.0456778446763781
7.34 -1.0294293061401338
7.35 -1.0129491503528802
7.36 -0.9962410852801407
7.37 -0.9793088701660775
7.38 -0.9621563146876534
7.39 -0.9447872780974929
7.4 -0.9272056683555479
7.41 -0.9094154412498465
7.42 -0.8914205995064317
7.43 -0.8732251918887783
7.44 -0.854833312286841
7.45 -0.8362490987959399
7.46 -0.8174767327857116
7.47 -0.7985204379593085
7.48 -0.7793844794030971
7.49 -0.760073162627026
7.5 -0.7405908325958962
7.51 -0.7209418727517763
7.52 -0.7011307040277406
7.53 -0.681161783853169
7.54 -0.6610396051508602
7.55 -0.6407686953261349
7.56 -0.6203536152481813
7.57 -0.5997989582238943
7.58 -0.5791093489643896
7.59 -0.5582894425444695
7.6 -0.5373439233552431
7.61 -0.5162775040501593
7.62 -0.4950949244846986
7.63 -0.47380095064989247
7.64 -0.4524003736000254
7.65 -0.430898008374643
7.66 -0.40929869291521864
7.67 -0.3876072869766043
7.68 -0.3658286710336237
7.69 -0.3439677451829886
7.7 -0.32202942804079043
7.71 -0.30001865563583713
7.72 -0.2779403802990573
7.73 -0.2557995695492624
7.74 -0.23360120497546794
7.75 -0.21135028111604903
7.76 -0.1890518043350063
7.77 -0.16671079169554717
7.78 -0.14433226983125977
7.79 -0.12192127381515751
7.8 -0.09948284602680102
7.81 -0.07702203501777598
7.82 -0.054543894375806194
7.83 -0.032053481587707176
7.84 -0.009555856901478203
7.85 0.012943917812240132
7.86 0.035440780199062785
7.87 0.05792966855985
7.88 0.08040552298960285
7.89 0.10286328651588864
7.9 0.12529790623666492
7.91 0.14770433445712922
7.92 0.17007752982546365
7.93 0.19241245846709917
7.94 0.2147040951173136
7.95 0.23694742425190268
7.96 0.25913744121564697
7.97 0.28126915334834823
7.98 0.30333758110814146
7.99 0.3253377591918785
8.0 0.3472647376523084
8.01 0.3691135830117787
8.02 0.3908793793722549
8.03 0.4125572295213825
8.04 0.434142256034333
8.05 0.4556296023712023
8.06 0.477014433969706
8.07 0.49829193933295846
8.08 0.5194573311120144
8.09 0.5405058471830119
8.1 0.561432751718635
8.11 0.5822333362536508
8.12 0.6029029207442878
8.13 0.623436854621235
8.14 0.6438305178359969
8.15 0.6640793219003853
8.16 0.6841787109189075
8.17 0.70412416261383
8.18 0.7239111893426684
8.19 0.7435353391078823
8.2 0.7629921965585605
8.21 0.7822773839838669
8.22 0.8013865622979828
8.23 0.8203154320164033
8.24 0.8390597342233002
8.25 0.8576152515297555
8.26 0.875977809022654
8.27 0.8941432752040237
8.28 0.9121075629206112
8.29 0.9298666302834688
8.3 0.94741648157736
8.31 0.9647531681597755
8.32 0.9818727893493788
8.33 0.9987714933036235
8.34 1.0154454778854085
8.35 1.031890991518548
8.36 1.0481043340318548
8.37 1.0640818574916615
8.38 1.0798199670225943
8.39 1.0953151216164034
8.4 1.1105638349286748
8.41 1.1255626760632413
8.42 1.1403082703441259
8.43 1.1547973000748237
8.44 1.1690265052847697
8.45 1.1829926844628185
8.46 1.1966926952775792
8.47 1.2101234552844105
8.48 1.223281942618971
8.49 1.2361651966771243
8.5 1.2487703187810595
8.51 1.2610944728314795
8.52 1.2731348859457132
8.53 1.2848888490816068
8.54 1.2963537176470425
8.55 1.3075269120949602
8.56 1.3184059185037413
8.57 1.3289882891428442
8.58 1.339271643023517
8.59 1.349253666434518
8.6 1.3589321134626928
8.61 1.3683048064982912
8.62 1.3773696367249202
8.63 1.3861245645940208
8.64 1.3945676202837567
8.65 1.4026969041422168
8.66 1.4105105871148271
8.67 1.4180069111558837
8.68 1.4251841896241026
8.69 1.432040807662107
8.7 1.4385752225597634
8.71 1.444785964101289
8.72 1.450671634896036
8.73 1.456230910692906
8.74 1.4614625406782984
8.75 1.4663653477575374
8.76 1.4709382288197133
8.77 1.4751801549858783
8.78 1.4790901718405414
8.79 1.4826673996464055
8.8 1.4859110335423058
8.81 1.4888203437242984
8.82 1.4913946756098673
8.83 1.4936334499851978
8.84 1.4955361631355002
8.85 1.4971023869583433
8.86 1.498331769059974
8.87 1.499224032834606
8.88 1.4997789775266543
8.89 1.499996478275904
8.9 1.4998764861456046
8.91 1.4994190281334787
8.92 1.4986242071656495
8.93 1.4974922020734813
8.94 1.4960232675533442
8.95 1.494217734109309
8.96 1.4920760079787823
8.97 1.489598571041109
8.98 1.4867859807091488
8.99 1.4836388698038603
9.0 1.4801579464119201
9.01 1.4763439937264067
9.02 1.4721978698705847
9.03 1.46772050770483
9.04 1.4629129146167412
9.05 1.45777617229448
9.06 1.452311436483401
9.07 1.4465199367260055
9.08 1.440402976085307
9.09 1.4339619308516445
9.1 1.4271982502330218
9.11 1.4201134560290436
9.12 1.4127091422885172
9.13 1.4049869749507982
9.14 1.3969486914709592
9.15 1.3885961004288725
9.16 1.3799310811222862
9.17 1.3709555831439881
9.18 1.361671625943157
9.19 1.3520812983709978
9.2 1.3421867582107563
9.21 1.331990231692223
9.22 1.3214940129908517
9.23 1.3107004637115698
9.24 1.299612012357429
9.25 1.2882311537832036
9.26 1.2765604486340614
9.27 1.2646025227694266
9.28 1.252360066672171
9.29 1.239835834843267
9.3 1.2270326451820397
9.31 1.213953378352155
9.32 1.2006009771334665
9.33 1.1869784457599206
9.34 1.173088849243608
9.35 1.1589353126851472
9.36 1.1445210205705523
9.37 1.1298492160547409
9.38 1.1149232002318326
9.39 1.099746331392419
9.4 1.084322024267962
9.41 1.0686537492624963
9.42 1.0527450316717955
9.43 1.0365994508902014
9.44 1.0202206396052782
9.45 1.0036122829804695
9.46 0.9867781178259435
9.47 0.9697219317578478
9.48 0.9524475623460922
9.49 0.9349588962509168
9.5 0.9172598683484112
9.51 0.8993544608451881
9.52 0.8812467023824002
9.53 0.862940667129308
9.54 0.8444404738666131
9.55 0.8257502850597527
9.56 0.8068743059223659
9.57 0.7878167834701199
9.58 0.7685820055651702
9.59 0.7491742999514017
9.6 0.7295980332806995
9.61 0.7098576101304754
9.62 0.6899574720126613
9.63 0.6699020963743807
9.64 0.6496959955905441
9.65 0.629343715948584
9.66 0.6088498366255617
9.67 0.5882189686578647
9.68 0.5674557539037475
9.69 0.5465648639989379
9.7 0.5255509993055342
9.71 0.5044188878544333
9.72 0.4831732842815691
9.73 0.461818968758116
9.74 0.4403607459149765
9.75 0.41880344376176143
9.76 0.39715191260051386
9.77 0.3754110239344058
9.78 0.35358566937166586
9.79 0.3316807595249931
9.8 0.3097012229066923
9.81 0.2876520048197849
9.82 0.26553806624531323
9.83 0.24336438272616673
9.84 0.22113594324759528
9.85 0.19885774911470333
9.86 0.17653481282718278
9.87 0.15417215695152678
9.88 0.1317748129909656
9.89 0.10934782025340226
9.9 0.08689622471758955
9.91 0.06442507789780876
9.92 0.04193943570729222
9.93 0.019444357320669542
9.94 -0.0030550959643200195
9.95 -0.025553861865603537
9.96 -0.048046878255777165
9.97 -0.07052908430103683
9.98 -0.09299542159986843
9.99 -0.11544083532116156
