0.0 0.0009983341664682815
0.01 0.0014943813247359926
0.02 0.0019866933079506124
0.03 0.0024740395925452294
0.04 0.002955202066613396
0.05 0.0034289780745545137
0.06 0.0038941834230865053
0.07 0.004349655341112303
0.08 0.00479425538604203
0.09 0.005226872289306591
0.1 0.005646424733950354
0.11 0.006051864057360396
0.12 0.00644217687237691
0.13 0.0068163876002333415
0.14 0.007173560908995228
0.15 0.007512804051402928
0.16 0.007833269096274834
0.17 0.008134155047893738
0.18 0.008414709848078964
0.19 0.00867423225594017
0.2 0.008912073600614355
0.21 0.009127639402605211
0.22 0.009320390859672264
0.23 0.009489846193555864
0.24 0.00963558185417193
0.25 0.009757233578266591
0.26 0.009854497299884604
0.27 0.009927129910375886
0.28 0.009974949866040545
0.29 0.00999783764189357
0.3 0.00999573603041505
0.31 0.00996865028453919
0.32 0.009916648104524686
0.33 0.009839859468739368
0.34 0.009738476308781953
0.35 0.009612752029752999
0.36 0.009463000876874145
0.37 0.009289597150038692
0.38 0.009092974268256818
0.39 0.008873623686333753
0.4 0.008632093666488738
0.41 0.008368987907984978
0.42 0.008084964038195901
0.43 0.007780731968879212
0.44 0.0074570521217672
0.45 0.007114733527908443
0.46 0.006754631805511506
0.47 0.00637764702134504
0.48 0.005984721441039564
0.49 0.005576837173914166
0.5 0.005155013718214641
0.51 0.004720305412898826
0.52 0.004273798802338298
0.53 0.003816609920523313
0.54 0.0033498815015590468
0.55 0.002874780123425444
0.56 0.00239249329213982
0.57 0.0019042264736102749
0.58 0.001411200080598672
0.59 0.000914646422324372
0.6 0.00041580662433290494
0.61 -8.407247367148618e-05
0.62 -0.0005837414342758009
0.63 -0.0010819513453010838
0.64 -0.0015774569414324865
0.65 -0.0020690197167339977
0.66 -0.0025554110202683166
0.67 -0.0030354151270842933
0.68 -0.003507832276896203
0.69 -0.0039714816728595986
0.7 -0.0044252044329485245
0.71 -0.0048678664865569946
0.72 -0.00529836140908493
0.73 -0.0057156131874234375
0.74 -0.006118578909427193
0.75 -0.006506251370651674
0.76 -0.006877661591839738
0.77 -0.007231881240865121
0.78 -0.0075680249530792835
0.79 -0.00788525254426195
0.8 -0.008182771110644103
0.81 -0.008459837010754465
0.82 -0.008715757724135877
0.83 -0.008949893582285831
0.84 -0.00916165936749455
0.85 -0.009350525775584491
0.86 -0.009516020738895159
0.87 -0.009657730606206387
0.88 -0.00977530117665097
0.89 -0.009868438585032365
0.9 -0.009936910036334644
0.91 -0.009980544387588794
0.92 -0.009999232575641009
0.93 -0.00999292788975378
0.94 -0.009961646088358408
0.95 -0.009905465359667133
0.96 -0.009824526126243327
0.97 -0.009719030694018211
0.98 -0.009589242746631385
0.99 -0.009435486686359067
1.0 -0.009258146823277325
1.01 -0.00905766641468705
1.02 -0.008834546557201535
1.03 -0.00858934493426592
1.04 -0.008322674422239013
1.05 -0.008035201558521558
1.06 -0.007727644875559872
1.07 -0.007400773104888944
1.08 -0.007055403255703919
1.09 -0.00669239857276262
1.1 -0.006312666378723217
1.11 -0.005917155806310094
1.12 -0.005506855425976376
1.13 -0.00508279077499259
1.14 -0.004646021794137581
1.15 -0.004197640178398597
1.16 -0.0037387666483023685
1.17 -0.003270548148697415
1.18 -0.0027941549819892673
1.19 -0.002310777882993931
1.2 -0.0018216250427209588
1.21 -0.001327919088525176
1.22 -0.0008308940281749729
1.23 -0.00033179216547556817
1.24 0.00016813900484349714
1.25 0.0006676499152155546
1.26 0.0011654920485049277
1.27 0.0016604210586495635
1.28 0.002151199880878155
1.29 0.002636601823727784
1.3 0.0031154136351337785
1.31 0.0035864385349280038
1.32 0.004048499206165983
1.33 0.004500440737806176
1.34 0.004941133511386081
1.35 0.0053694760244801095
1.36 0.0057843976438820026
1.37 0.00618486128163024
1.38 0.006569865987187884
1.39 0.0069384494492976305
1.4 0.0072896904012587594
1.41 0.007622710923614107
1.42 0.007936678638491526
1.43 0.008230808790115049
1.44 0.008504366206285639
1.45 0.008756667135928821
1.46 0.008987080958116267
1.47 0.009195031758289703
1.48 0.00937999976774739
1.49 0.009541522662795147
1.5 0.009679196720314863
1.51 0.009792677826861999
1.52 0.009881682338770003
1.53 0.009945987791111761
1.54 0.00998543345374605
1.55 0.009999920733059189
1.56 0.00998941341839772
1.57 0.009953937772576199
1.58 0.009893582466233819
1.59 0.009808498356203996
1.6 0.009698898108450864
1.61 0.00956505566651509
1.62 0.009407305566797726
1.63 0.00922604210239341
1.64 0.009021718337562941
1.65 0.00879484497530865
1.66 0.008545989080882815
1.67 0.00827577266441984
1.68 0.007984871126234902
1.69 0.007674011568674885
1.7 0.007343970978741135
1.71 0.00699557428602668
1.72 0.006629692300821833
1.73 0.006247239537541924
1.74 0.005849171928917631
1.75 0.005436484436660885
1.76 0.005010208564578847
1.77 0.004571409780351558
1.78 0.004121184852417566
1.79 0.003660659108624127
1.8 0.0031909836234935212
1.81 0.0027133323411363277
1.82 0.0022288991410024765
1.83 0.0017388948538043356
1.84 0.001244544235070617
1.85 0.0007470829038953478
1.86 0.00024775425453357763
1.87 -0.00025219365143660497
1.88 -0.0007515112046180754
1.89 -0.0012489503711675056
1.9 -0.0017432678122297966
1.91 -0.0022332279916378213
1.92 -0.0027176062641094244
1.93 -0.0031951919362227365
1.94 -0.0036647912925192676
1.95 -0.004125230579170927
1.96 -0.004575358937753214
1.97 -0.005014051281791974
1.98 -0.005440211108893698
1.99 -0.005852773241430349
2.0 -0.006250706488928821
2.01 -0.006633016225509967
2.02 -0.006998746875935423
2.03 -0.007346984304047942
2.04 -0.007676858097635813
2.05 -0.007987543744010004
2.06 -0.008278264690856537
2.07 -0.008548294287212828
2.08 -0.008796957599716701
2.09 -0.009023633099588228
2.1 -0.009227754216128066
2.11 -0.009408810752849073
2.12 -0.009566350162701884
2.13 -0.00969997867920678
2.14 -0.009809362300664915
2.15 -0.00989422762498851
2.16 -0.009954362533063775
2.17 -0.009989616718938167
2.18 -0.009999902065507035
2.19 -0.009985192864760455
2.2 -0.009945525882039893
2.21 -0.009881000264143982
2.22 -0.00979177729151317
2.23 -0.009678079975112615
2.24 -0.00954019249902089
2.25 -0.009378459510117827
2.26 -0.009193285256646764
2.27 -0.008985132577804486
2.28 -0.008754521746884293
2.29 -0.008502029170863672
2.3 -0.00822828594968709
2.31 -0.00793397629884477
2.32 -0.007619835839190334
2.33 -0.007286649758271701
2.34 -0.006935250847771237
2.35 -0.0065665174219601535
2.36 -0.006181371122370347
2.37 -0.0057807746141704365
2.38 -0.005365729180004365
2.39 -0.004937272217305975
2.4 -0.004496474645346015
2.41 -0.004044438228491401
2.42 -0.003582292822368287
2.43 -0.0031111935498112733
2.44 -0.0026323179136580267
2.45 -0.0021468628536052865
2.46 -0.001656041754483094
2.47 -0.001161081413424567
2.48 -0.0006632189735120068
2.49 -0.00016369883156341366
2.5 0.000336230472211367
2.51 0.0008353193749110641
2.52 0.0013323204141994223
2.53 0.0018259913463113226
2.54 0.0023150982510153724
2.55 0.0027984186157717452
2.56 0.0032747443913769304
2.57 0.0037428850114575676
2.58 0.004201670368266409
2.59 0.004649953737342197
2.6 0.005086614643723737
2.61 0.005510561662553651
2.62 0.005920735147072245
2.63 0.006316109877182372
2.64 0.006695697621966023
2.65 0.007058549609746644
2.66 0.007403758899524486
2.67 0.007730462647856603
2.68 0.008037844265516209
2.69 0.008325135458540389
2.7 0.008591618148564958
2.71 0.008836626267646351
2.72 0.009059547423084626
2.73 0.009259824428086273
2.74 0.009436956694441048
2.75 0.009590501483731756
2.76 0.009720075013949756
2.77 0.009825353418750096
2.78 0.0099060735569487
2.79 0.009962033670238317
2.8 0.009993093887479177
2.81 0.009999176574304032
2.82 0.009980266527163618
2.83 0.009936411011327625
2.84 0.009867719642746136
2.85 0.009774364114066826
2.86 0.00965657776549278
2.87 0.009514655001553475
2.88 0.009348950555246836
2.89 0.009159878601391393
2.9 0.008947911721405043
2.91 0.008713579722097513
2.92 0.008457468311429343
2.93 0.008180217634546941
2.94 0.007882520673753174
2.95 0.007565121516412421
2.96 0.00722881349511976
2.97 0.006874437204782592
2.98 0.006502878401571169
2.99 0.006115065788989408
3.0 0.005711968696599886
3.01 0.005294594657204658
3.02 0.0048639868885379965
3.03 0.00442122168576541
3.04 0.0039674057313061365
3.05 0.003503673328703561
3.06 0.0030311835674570226
3.07 0.002551117425901744
3.08 0.002064674819377966
3.09 0.0015730716010676203
3.1 0.0010775365229944405
3.11 0.0005793081647839658
3.12 7.963183785935568e-05
3.13 -0.00042024352718839016
3.14 -0.0009190685022768164
3.15 -0.0014155962847511386
3.16 -0.0019085858137418937
3.17 -0.0023968048721705543
3.18 -0.002879033166650653
3.19 -0.003354065377585613
3.2 -0.003820714171840091
3.21 -0.004277813170454444
3.22 -0.004724219863984693
3.23 -0.005158818468181094
3.24 -0.005580522712867823
3.25 -0.005988278557052371
3.26 -0.006381066823479476
3.27 -0.006757905746043295
3.28 -0.007117853423691231
3.29 -0.007460010174686368
3.3 -0.007783520785342985
3.31 -0.008087576647615507
3.32 -0.008371417780197468
3.33 -0.008634334728079056
3.34 -0.008875670335815046
3.35 -0.009094821390071253
3.36 -0.009291240127343697
3.37 -0.009464435603082102
3.38 -0.009613974918795568
3.39 -0.009739484304073407
3.4 -0.009840650050816434
3.41 -0.009917219297343894
3.42 -0.009969000660415964
3.43 -0.009995864713592173
3.44 -0.009997744310730111
3.45 -0.00997463475381581
3.46 -0.009926593804706327
3.47 -0.009853741540755195
3.48 -0.009756260054681576
3.49 -0.00963439299943325
3.5 -0.00948844497918124
3.51 -0.0093187807879679
3.52 -0.00912582449791183
3.53 -0.008910058399248534
3.54 -0.008672021794855813
3.55 -0.008412309652277598
3.56 -0.008131571116614864
3.57 -0.007830507888000987
3.58 -0.007509872467716762
3.59 -0.007170466277329218
3.6 -0.0068131376555549995
3.61 -0.0064387797378553935
3.62 -0.006048328224062814
3.63 -0.005642759039618552
3.64 -0.005223085896267315
3.65 -0.004790357758305961
3.66 -0.004345656220718935
3.67 -0.003890092805754122
3.68 -0.003424806184696092
3.69 -0.002950959331780938
3.7 -0.002469736617366209
3.71 -0.0019823408476220307
3.72 -0.001489990258141953
3.73 -0.0009939154689884817
3.74 -0.0004953564087836387
3.75 4.440784466461913e-06
3.76 0.0005042268780681122
3.77 0.001002752667070945
3.78 0.0014987720966295234
3.79 0.0019910453764919824
3.8 0.0024783420798295984
3.81 0.002959444218663244
3.82 0.003433149288198954
3.83 0.0038982732724637858
3.84 0.004353653603728932
3.85 0.0047981520683237225
3.86 0.005230657651576994
3.87 0.00565008931477517
3.88 0.006055398697196011
3.89 0.006445572736464569
3.9 0.0068196362006813565
3.91 0.007176654125994315
3.92 0.007515734153521506
3.93 0.007836028759783575
3.94 0.008136737375071054
3.95 0.008417108384451784
3.96 0.008676441006416692
3.97 0.008914087044468683
3.98 0.009129452507276276
3.99 0.009321999093342663
4.0 0.009491245536478947
4.01 0.009636768808719156
4.02 0.009758205177669756
4.03 0.009855251115651203
4.04 0.009927664058359072
4.05 0.009975263011148544
4.06 0.009997929001426693
4.07 0.009995605376022045
4.08 0.009968297942787993
4.09 0.009916074956086181
4.1 0.009839066946186161
4.11 0.009737466393007686
4.12 0.009611527245021156
4.13 0.009461564284508709
4.14 0.009287952340772404
4.15 0.00909112535325624
4.16 0.008871575286923495
4.17 0.008629850902600534
4.18 0.00836655638536056
4.19 0.008082349834375481
4.2 0.007777941618010929
4.21 0.007454092598275017
4.22 0.007111612229059825
4.23 0.006751356532927984
4.24 0.006374225961502361
4.25 0.005981163144805719
4.26 0.005573150535176615
4.27 0.00515120795165023
4.28 0.00471639003094193
4.29 0.004269783591404784
4.3 0.0038125049165494015
4.31 0.0033456969649168574
4.32 0.0028705265132772505
4.33 0.0023881812402958276
4.34 0.0018998667579543775
4.35 0.001406803598149522
4.36 0.0009102241619984434
4.37 0.00041136963947794865
4.38 -8.851309290403876e-05
4.39 -0.0005881745886505293
4.4 -0.0010863659542407977
4.41 -0.001581841970713916
4.42 -0.0020733642060676225
4.43 -0.0025597041106933307
4.44 -0.003039646088110504
4.45 -0.003511990533324415
4.46 -0.003975556831214361
4.47 -0.004429186307456213
4.48 -0.004871745124605127
4.49 -0.005302127116098308
4.5 -0.0057192565510956386
4.51 -0.006122090823246464
4.52 -0.006509623056662469
4.53 -0.006880884622582996
4.54 -0.00723494756044245
4.55 -0.007570926897288674
4.56 -0.007887982859754165
4.57 -0.008185322973052373
4.58 -0.008462204041751707
4.59 -0.008717934007377352
4.6 -0.008951873678196817
4.61 -0.00916343832686648
4.62 -0.009352099151945402
4.63 -0.009517384599623535
4.64 -0.009658881542360704
4.65 -0.009776236311490237
4.66 -0.009869155581206494
4.67 -0.009937407101726602
4.68 -0.009980820279793964
4.69 -0.009999286605072563
4.7 -0.009992759921366277
4.71 -0.00996125654198534
4.72 -0.009904855208971565
4.73 -0.009823696896284227
4.74 -0.009717984457438624
4.75 -0.009587982118477906
4.76 -0.009434014817545555
4.77 -0.009256467392709269
4.78 -0.009055783620066224
4.79 -0.008832465104533982
4.8 -0.008587070026099295
4.81 -0.008320211744658997
4.82 -0.008032557266939527
4.83 -0.007724825579327706
4.84 -0.007397785850778934
4.85 -0.00705225551029561
4.86 -0.006689098203780216
4.87 -0.006309221635370375
4.88 -0.005913575298651243
4.89 -0.005503148103415938
4.9 -0.005078965903906221
4.91 -0.004642088934711048
4.92 -0.004193609160732282
4.93 -0.0037346475478411472
4.94 -0.0032663512610471884
4.95 -0.002789890797183532
4.96 -0.002306457059273922
4.97 -0.0018172583798957789
4.98 -0.001323517500977695
4.99 -0.000826468517581792
5.0 -0.00032735379330845317
5.01 0.00017257914496559664
5.02 0.0006720807252547492
5.03 0.0011699024537436757
5.04 0.0016648000353715925
5.05 0.0021555364839222135
5.06 0.002640885213844694
5.07 0.003119633106079064
5.08 0.003590583540221683
5.09 0.0040525593854535405
5.1 0.004504405942753893
5.11 0.004944993831046627
5.12 0.005373221810064749
5.13 0.005788019532877502
5.14 0.006188350221200393
5.15 0.0065732132568007764
5.16 0.006941646682522446
5.17 0.007292729606677515
5.18 0.007625584504796027
5.19 0.007939379412980235
5.2 0.008233330007380815
5.21 0.008506701564598344
5.22 0.008758810798108894
5.23 0.008989027566124687
5.24 0.009196776446620212
5.25 0.009381538175587758
5.26 0.00954285094492697
5.27 0.009680311556724577
5.28 0.009793576431039178
5.29 0.009882362464672176
5.3 0.009946447738778381
5.31 0.009985672073547485
5.32 0.009999937428570208
5.33 0.009989208147888241
5.34 0.009953511049115592
5.35 0.009892935356408498
5.36 0.009807632477451521
5.37 0.00969781562501717
5.38 0.00956375928404503
5.39 0.00940579852557232
5.4 0.009224328169230857
5.41 0.009019801796403562
5.42 0.008792730616507226
5.43 0.008543682189235223
5.44 0.008273279005953767
5.45 0.00798219693379788
5.46 0.007671163526355278
5.47 0.007340956205161548
5.48 0.006992400316550953
5.49 0.006626367068720691
5.5 0.006243771354163914
5.51 0.005845569462914991
5.52 0.005432756692322479
5.53 0.00500636485932412
5.54 0.004567459721441928
5.55 0.004117138312943141
5.56 0.0036565262028262135
5.57 0.003186774681484188
5.58 0.0027090578830786904
5.59 0.002224569850815534
5.6 0.0017345215524589212
5.61 0.0012401378535425232
5.62 0.0007426544558435778
5.63 0.00024331480877202272
5.64 -0.0002566329986055949
5.65 -0.0007559393571385806
5.66 -0.0012533562609643265
5.67 -0.001747640426872984
5.68 -0.002237556401867964
5.69 -0.0027218796511551914
5.7 -0.003199399618841981
5.71 -0.003668922753696812
5.72 -0.004129275492405401
5.73 -0.004579307192868146
5.74 -0.005017893010205772
5.75 -0.005443936708286016
5.76 -0.0058563733997429755
5.77 -0.006254172207640915
5.78 -0.006636338842129702
5.79 -0.007001918085651568
5.8 -0.007349996180487777
5.81 -0.007679703112676759
5.82 -0.007990214786596159
5.83 -0.008280755084772445
5.84 -0.008550597807770703
5.85 -0.008799068489314789
5.86 -0.00902554608210187
5.87 -0.009229464510097232
5.88 -0.009410314083429535
5.89 -0.009567642772350116
5.9 -0.009701057337071854
5.91 -0.009810224310663907
5.92 -0.009894870832545356
5.93 -0.00995478533049455
5.94 -0.009989818049469495
5.95 -0.00999988142591743
5.96 -0.009984950306638145
5.97 -0.009945062011653863
5.98 -0.009880316240928612
5.99 -0.009790874825170272
6.0 -0.009676961321338053
6.01 -0.009538860453866524
6.02 -0.009376917403002812
6.03 -0.009191536942035759
6.04 -0.008983182425573548
6.05 -0.008752374631398356
6.06 -0.008499690458793282
6.07 -0.008225761486594403
6.08 -0.007931272394572851
6.09 -0.0076169592520916604
6.1 -0.007283607678315935
6.11 -0.006932050878573969
6.12 -0.006563167561777878
6.13 -0.006177879744108959
6.14 -0.005777150444457317
6.15 -0.0053619812773763225
6.16 -0.004933409949567752
6.17 -0.004492507666155498
6.18 -0.00404037645323065
6.19 -0.0035781464033600415
6.2 -0.003106972850943722
6.21 -0.002628033484480192
6.22 -0.002142525402958877
6.23 -0.0016516621237357549
6.24 -0.0011566705493723341
6.25 -0.000658787901017895
6.26 -0.00015925862600101802
6.27 0.000340668712640608
6.28 0.0008397445569175037
6.29 0.0013367214771325458
6.3 0.0018303572898058802
6.31 0.002319418162486314
6.32 0.00280268169769023
6.33 0.0032789399882582632
6.34 0.00374700263649462
6.35 0.00420569972954099
6.36 0.004653884763549586
6.37 0.00509043750934564
6.38 0.005514266812416906
6.39 0.005924313320231772
6.4 0.00631955213006885
6.41 0.006698995350739827
6.42 0.0070616945718033446
6.43 0.00740674323409674
6.44 0.0077332788956622515
6.45 0.008040485387402355
6.46 0.008327594853077798
6.47 0.008593889668548146
6.48 0.00883870423545834
6.49 0.009061426644888036
6.5 0.009261500206805285
6.51 0.009438424841501593
6.52 0.009591758329530783
6.53 0.009721117417027341
6.54 0.00982617877364141
6.55 0.009906679800696339
6.56 0.009962419287548636
6.57 0.009993257914509735
6.58 0.009999118601072672
6.59 0.009979986698573225
6.6 0.009935910026803949
6.61 0.009866998754489566
6.62 0.009773425123922586
6.63 0.009655423020447213
6.64 0.009513287387867827
6.65 0.009347373491243045
6.66 0.009158096028908191
6.67 0.008945928095945249
6.68 0.008711400001691764
6.69 0.008455097944243433
6.7 0.008177662545264417
6.71 0.007879787248766569
6.72 0.00756221658786063
6.73 0.007225744323811302
6.74 0.006871211462047392
6.75 0.0064995041500861194
6.76 0.006111551462625961
6.77 0.005708323079343713
6.78 0.005290826861200239
6.79 0.004860106331313125
6.8 0.004417238066692238
6.81 0.003963329007357737
6.82 0.003499513689566622
6.83 0.0030269514100631544
6.84 0.002546823328440282
6.85 0.0020603295148563265
6.86 0.0015686859504840298
6.87 0.0010731214881914432
6.88 0.0005748747810492456
6.89 7.519118634342355e-05
6.9 -0.00042468034716951523
6.91 -0.0009234904009837086
6.92 -0.001419992209740017
6.93 -0.0019129447774895519
6.94 -0.002401115979537814
6.95 -0.002883285642114191
6.96 -0.003358248592171419
6.97 -0.0038248176696903426
6.98 -0.004281826694961574
6.99 -0.004728133383427573
7.0 -0.00516262220079927
7.01 -0.0055842071513106375
7.02 -0.005991834492142596
7.03 -0.006384485367231334
7.04 -0.006761178353877695
7.05 -0.007120971915792928
7.06 -0.007462966756449163
7.07 -0.007786308066852276
7.08 -0.008090187662119065
7.09 -0.008373846001518883
7.1 -0.00863657408692956
7.11 -0.008877715234963784
7.12 -0.009096666718335282
7.13 -0.009292881272363392
7.14 -0.009465868462849605
7.15 -0.009615195911907714
7.16 -0.009740490378683265
7.17 -0.009841438692261449
7.18 -0.009917788534431158
7.19 -0.009969349070349218
7.2 -0.009995991425528029
7.21 -0.009997649007954723
7.22 -0.009974317674536479
7.23 -0.00992605574145612
7.24 -0.009852983838412026
7.25 -0.009755284607106694
7.26 -0.009633202244737609
7.27 -0.00948704189363143
7.28 -0.009317168878547055
7.29 -0.009124007793554063
7.3 -0.008908041440768615
7.31 -0.008669809623599548
7.32 -0.008409907797521016
7.33 -0.008128985581744033
7.34 -0.0078277451355065
7.35 -0.0075069394030411055
7.36 -0.007167370231606526
7.37 -0.006809886367287238
7.38 -0.006435381333569995
7.39 -0.006044791198000638
7.4 -0.005639092232502625
7.41 -0.005219298473205875
7.42 -0.00478645918588415
7.43 -0.004341656243337533
7.44 -0.003886001421273368
7.45 -0.003420633619446504
7.46 -0.0029467160150025763
7.47 -0.0024654331551411082
7.48 -0.001977987996364553
7.49 -0.001485598897713391
7.5 -0.0009894965755028954
7.51 -0.0004909210271734978
7.52 8.881568057104866e-06
7.53 0.000508661963993067
7.54 0.0010071709699250762
7.55 0.0015031625729567033
7.56 0.001995397052387874
7.57 0.0024826440783708406
7.58 0.0029636857870938534
7.59 0.0034373198248069197
7.6 0.0039023623530794614
7.61 0.004357651007780397
7.62 0.00480204780438259
7.63 0.00523444198233198
7.64 0.0056537527813702295
7.65 0.0060589321428726394
7.66 0.006448967329448674
7.67 0.0068228834562584
7.68 0.007179745927716441
7.69 0.007518662773494639
7.7 0.00783878687798293
7.71 0.008139318097637554
7.72 0.00841950526092305
7.73 0.008678648045849809
7.74 0.00891609873041444
7.75 0.009131263811567491
7.76 0.009323605488661891
7.77 0.00949264300767451
7.78 0.009637953862840878
7.79 0.009759174852699481
7.8 0.00985600298790633
7.81 0.009928196248550548
7.82 0.009975574189078051
7.83 0.009998018389311462
7.84 0.009995472750438918
7.85 0.009967943635231857
7.86 0.0099154998521414
7.87 0.0098382724833131
7.88 0.009736454556949782
7.89 0.009610300564841603
7.9 0.00946012582626908
7.91 0.0092863056998692
7.92 0.009089274645434138
7.93 0.008869525137988247
7.94 0.008627606436856753
7.95 0.008364123212803724
7.96 0.008079734036669851
7.97 0.007775149733288406
7.98 0.007451131604793441
7.99 0.0071084895277608645
8.0 0.006748079928938669
8.01 0.006370803644626218
8.02 0.005977603669052606
8.03 0.005569462797382114
8.04 0.005147401169238381
8.05 0.004712473718886198
8.06 0.0042657675384456676
8.07 0.003808399160727875
8.08 0.0033415117684842057
8.09 0.0028662723370449466
8.1 0.0023838687174889206
8.11 0.001895506667634001
8.12 0.0014024068382707867
8.13 0.0009058017221711167
8.14 0.0004069325734985776
8.15 -9.29536946813203e-05
8.16 -0.0005926076270338633
8.17 -0.0010907803489429784
8.18 -0.0015862266880470898
8.19 -0.002077708286521974
8.2 -0.0025639966963301804
8.21 -0.003043876449701227
8.22 -0.003516148097168163
8.23 -0.003979631205566775
8.24 -0.004433167308503272
8.25 -0.004875622801917416
8.26 -0.005305891777502037
8.27 -0.005722898786897924
8.28 -0.006125601529754697
8.29 -0.006512993458938635
8.3 -0.0068841062963767045
8.31 -0.007238012453247081
8.32 -0.007573827348468307
8.33 -0.0078907116196914
8.34 -0.008187873221268478
8.35 -0.008464569403954285
8.36 -0.008720108571392738
8.37 -0.008953852008747465
8.38 -0.009165215479156366
8.39 -0.009353670684019266
8.4 -0.009518746583469646
8.41 -0.009660030573728743
8.42 -0.009777169518400209
8.43 -0.009869870631127112
8.44 -0.009937902207405458
8.45 -0.009981094203724717
8.46 -0.009999338662588038
8.47 -0.009992589982349793
8.48 -0.009960865031195934
8.49 -0.009904243104982316
8.5 -0.009822865729036345
8.51 -0.009716936304417365
8.52 -0.009586719599519946
8.53 -0.009432541088290761
8.54 -0.009254786136713307
8.55 -0.009053899039593489
8.56 -0.008830381910054155
8.57 -0.008584793424513716
8.58 -0.008317747426285983
8.59 -0.008029911391291616
8.6 -0.007722004759716072
8.61 -0.007394797137783579
8.62 -0.007049106374142532
8.63 -0.006685796515669656
8.64 -0.006305775647803226
8.65 -0.005909993624801763
8.66 -0.005499439695603478
8.67 -0.0050751400312189525
8.68 -0.004638155159838274
8.69 -0.004189577316062515
8.7 -0.0037305277108862214
8.71 -0.003262153729253986
8.72 -0.0027856260621955025
8.73 -0.0023021357807074716
8.74 -0.0018128913586968783
8.75 -0.0013191156524251116
8.76 -0.0008220428440044341
8.77 -0.000322915356585383
8.78 0.00017701925105413578
8.79 0.000676511402755792
8.8 0.0011743126282709574
8.81 0.0016691786837856391
8.82 0.002159872661882241
8.83 0.0026451680831640753
8.84 0.0031238519618149753
8.85 0.0035947278374319227
8.86 0.004056618765553359
8.87 0.004508370259407125
8.88 0.004948853175526343
8.89 0.0053769665360195295
8.9 0.005791640280442708
8.91 0.006191837940392733
8.92 0.006576559230138695
8.93 0.006944842546815092
8.94 0.007295767373928535
8.95 0.007628456582169403
8.96 0.007942078621778233
8.97 0.008235849600987163
8.98 0.008509035245341223
8.99 0.008760952733001781
9.0 0.008990972401445821
9.01 0.009198519321294158
9.02 0.009383074733335519
9.03 0.009544177345154423
9.04 0.009681424484121893
9.05 0.00979447310386748
9.06 0.00988304064171638
9.07 0.009946905724949048
9.08 0.009985908724117705
9.09 0.009999952152036801
9.1 0.00998900090745021
9.11 0.009953082362766107
9.12 0.009892286295640181
9.13 0.009806764664578244
9.14 0.00969673122911919
9.15 0.009562461015547344
9.16 0.009404289629470059
9.17 0.009222612416978436
9.18 0.009017883476488093
9.19 0.008790614523729456
9.2 0.008541373612725008
9.21 0.00827078371595013
9.22 0.007979521167226309
9.23 0.007668313971238669
9.24 0.007337939983903693
9.25 0.006989224968134228
9.26 0.006623040529862428
9.27 0.0062403019394788066
9.28 0.005841965844132856
9.29 0.005429027876613629
9.3 0.00500252016678587
9.31 0.004563508761803284
9.32 0.004113090961545671
9.33 0.00365239257594056
9.34 0.003182565111024815
9.35 0.0027047828907794435
9.36 0.002220240121930824
9.37 0.0017301479090560807
9.38 0.0012357312274521696
9.39 0.0007382258613361509
9.4 0.00023887531502738858
9.41 -0.00026107229516508296
9.42 -0.0007603673605835357
9.43 -0.001257761903592125
9.44 -0.0017520126968714714
9.45 -0.002241884370839283
9.46 -0.0027261525014308056
9.47 -0.00320360667052146
9.48 -0.0036730534913419796
9.49 -0.004133319591323357
9.5 -0.004583254544917659
9.51 -0.005021733749062492
9.52 -0.0054476612341030515
9.53 -0.005859972403145539
9.54 -0.006257636692994736
9.55 -0.006639660150025693
9.56 -0.007005087914549743
9.57 -0.00735300660746663
9.58 -0.007682546613236668
9.59 -0.007992884253466592
9.6 -0.008283243845676455
9.61 -0.008552899642102133
9.62 -0.008801177643686587
9.63 -0.009027457284726597
9.64 -0.009231172983963596
9.65 -0.009411815558242645
9.66 -0.009568933495204877
9.67 -0.009702134081833349
9.68 -0.00981108438603097
9.69 -0.009895512088777493
9.7 -0.009955206164785154
9.71 -0.009990017409951995
9.72 -0.009999858814294445
9.73 -0.009984705779426954
9.74 -0.009944596180045147
9.75 -0.009879630269258803
9.76 -0.009789970428011299
9.77 -0.009675840759211804
9.78 -0.009537526527594719
9.79 -0.009375373446706463
9.8 -0.009189786814801522
9.81 -0.008981230501808025
9.82 -0.008750225789894468
9.83 -0.008497350070535674
9.84 -0.008223235401334872
9.85 -0.007928566926208983
9.86 -0.007614081162885409
9.87 -0.007280564161991437
9.88 -0.006928849542336905
9.89 -0.006559816407301716
9.9 -0.006174387147534618
9.91 -0.005773525135457352
9.92 -0.005358232317335149
9.93 -0.0049295467089331135
9.94 -0.004488539801017046
9.95 -0.004036313881184711
9.96 -0.0035739992787210467
9.97 -0.0031027515393634887
9.98 -0.0026237485370392195
9.99 -0.0021381875297942434
